    11.42
    23.19
    7.94
72.53
6.72
8.67
26.96
9.51
7.01
75.1
7.54
8.02
7.09
23.0
25.45
6.89
21.58
8.81
5.55
8.71
7.7
9.21
75.13
26.69
8.19
24.9
73.6
24.25
75.45
10.23
8.44
75.78
5.64
73.16
23.21
10.28
8.99
9.48
10.53
22.95
9.77
11.0
75.51
7.86
11.45
10.81
9.97
9.27
28.05
23.79
23.37
9.4
12.68
9.86
10.07
8.25
9.93
6.42
75.98
26.52
8.04
24.65
10.82
23.52
8.37
5.58
77.11
8.94
9.91
73.72
27.06
74.59
8.88
76.42
8.46
4.93
9.96
8.31
10.6
4.98
22.96
13.21
11.97
7.78
10.39
6.72
9.26
7.16
9.84
9.13
74.67
76.56
9.49
24.82
7.71
24.3
7.9
11.08
24.44
79.11
72.4
76.07
75.77
25.16
8.8
7.08
12.76
8.39
8.8
8.92
7.45
74.92
27.89
6.14
9.99
74.61
8.94
22.17
7.91
25.37
72.39
9.33
9.5
26.93
7.67
26.01
11.18
8.57
7.77
22.82
11.62
9.74
9.58
12.26
7.23
7.24
75.33
76.18
8.62
9.51
10.51
7.25
7.9
22.43
8.89
24.64
73.06
9.71
74.43
9.01
21.79
22.89
26.94
74.83
75.41
77.75
8.77
23.31
10.13
7.58
9.8
11.15
9.06
26.73
10.66
6.7
8.65
10.44
11.85
8.38
9.24
73.9
6.26
75.04
12.33
24.56
25.17
9.74
11.08
24.31
5.14
6.81
6.62
75.59
6.43
24.52
6.86
11.59
11.02
8.68
9.88
26.0
76.2
9.53
8.9
4.53
8.8
6.31
11.7
7.57
7.68
10.21
11.54
9.12
9.77
7.64
29.28
9.88
72.95
7.52
72.89
6.38
7.64
9.65
76.17
24.84
74.25
74.93
11.29
11.47
6.22
27.47
8.67
6.42
5.83
8.54
24.88
76.49
8.12
10.51
24.53
11.95
75.72
6.66
7.26
10.41
8.95
10.09
4.36
75.79
75.5
6.13
9.57
8.88
24.31
73.93
26.63
25.2
9.68
8.97
8.33
9.13
8.93
11.59
6.76
9.55
7.66
10.81
9.9
6.06
7.41
10.79
6.62
9.17
10.11
11.42
11.48
8.98
78.61
21.97
11.01
9.93
8.24
75.46
6.57
72.73
76.83
12.33
74.69
23.62
7.26
9.23
8.11
76.02
8.13
9.38
74.78
27.23
9.77
8.32
26.51
8.93
5.12
9.0
10.44
78.31
10.92
24.92
10.6
12.35
27.07
8.9
22.94
11.85
7.38
8.21
9.77
10.71
4.22
8.29
6.72
9.32
10.99
10.44
6.05
8.58
7.02
7.71
6.91
10.95
3.3
14.07
9.13
4.43
10.1
9.69
76.6
9.79
7.93
14.97
72.15
25.53
8.31
27.35
10.84
7.78
9.04
11.78
9.41
74.74
24.7
72.12
9.15
75.2
8.39
6.84
9.42
13.47
9.11
12.02
74.58
9.4
6.79
6.51
9.78
7.41
27.05
6.54
8.71
6.94
6.01
9.0
76.49
75.32
9.76
6.36
6.51
5.96
11.52
8.37
76.61
11.23
8.61
7.9
7.92
8.5
10.18
72.59
10.61
21.85
9.44
8.5
7.65
7.82
11.1
25.31
7.92
9.89
10.34
9.22
72.87
27.96
73.88
9.5
9.78
5.56
7.98
75.02
7.42
74.18
21.68
74.68
7.07
8.44
75.22
76.15
11.3
7.87
23.65
9.87
11.08
10.4
5.66
7.31
25.14
5.2
77.08
10.53
7.46
8.68
24.1
76.05
75.63
8.18
10.2
6.56
23.37
9.44
24.52
4.61
72.17
5.29
10.31
25.66
11.1
11.68
10.87
9.28
7.06
8.78
74.03
7.46
9.96
72.35
8.9
73.12
11.51
8.93
9.48
5.42
23.99
7.24
8.3
8.05
11.06
9.24
13.81
12.88
10.16
23.83
75.38
8.66
11.0
7.13
24.73
6.57
7.7
5.98
7.48
23.67
74.73
6.7
23.5
7.94
8.45
8.15
23.91
9.11
24.75
75.84
10.44
6.66
6.5
10.38
10.57
71.84
10.68
8.99
73.55
24.62
10.32
8.2
7.53
74.03
9.57
11.22
10.35
8.49
8.87
8.83
10.64
74.4
8.04
6.44
77.86
7.45
26.63
8.72
23.3
8.58
7.67
10.79
75.7
9.54
8.83
74.22
8.58
10.51
76.06
5.98
26.17
8.45
6.44
76.27
10.49
9.07
77.36
9.24
26.86
24.26
7.47
9.92
8.24
6.54
8.59
73.55
8.69
27.15
8.95
78.52
8.78
24.02
7.15
23.04
10.1
6.71
13.1
24.05
11.73
75.06
73.99
11.22
22.33
10.11
74.42
10.1
9.01
4.02
24.66
6.55
9.87
11.86
9.11
76.14
24.33
7.87
7.95
74.64
8.65
7.96
8.68
6.82
76.04
8.18
74.37
7.44
8.13
8.23
8.55
10.46
10.02
9.76
9.37
9.48
8.71
26.03
74.07
6.23
10.67
73.76
30.06
74.41
25.33
9.79
8.7
10.24
73.43
10.93
7.27
25.06
5.03
73.87
76.16
8.55
8.56
8.51
7.44
12.08
7.39
73.47
9.45
8.09
7.85
10.88
11.51
10.19
7.59
8.3
9.72
8.54
9.16
11.42
11.84
7.85
7.51
9.88
5.67
72.59
7.04
8.74
8.5
11.97
25.93
25.95
5.99
7.0
76.18
10.15
8.66
7.26
72.33
11.45
10.18
5.92
8.59
74.79
22.33
76.91
23.53
8.69
9.24
9.3
9.14
8.72
9.26
11.94
9.78
4.97
8.87
23.99
23.7
6.42
77.64
9.26
25.43
9.97
5.91
9.31
10.63
9.18
11.81
73.98
14.75
6.29
7.13
7.99
8.53
8.71
26.47
26.48
11.66
76.0
25.7
10.58
74.45
9.26
23.99
6.81
6.2
26.24
4.44
7.08
75.47
8.27
11.23
25.68
9.45
73.86
74.34
8.94
11.85
9.81
78.3
25.08
9.19
9.37
12.55
7.76
7.89
10.96
7.14
7.18
8.22
21.54
9.5
11.13
6.43
8.52
76.2
23.56
10.68
8.04
8.54
75.78
74.07
76.85
8.37
8.22
8.92
27.77
76.73
7.8
23.76
6.07
21.37
23.95
7.72
10.08
12.09
9.47
7.68
6.28
24.04
9.09
10.03
11.59
73.42
8.95
21.48
23.95
12.39
74.72
9.73
74.78
11.71
8.47
8.91
24.34
12.47
9.76
9.55
7.13
74.21
24.24
24.42
75.0
11.02
13.3
11.44
8.07
8.35
73.15
75.37
26.53
4.78
73.72
7.89
14.32
9.4
5.11
77.68
8.84
25.61
9.29
9.29
8.19
8.61
27.29
4.7
73.35
25.25
73.0
8.69
9.79
10.9
10.25
10.6
76.68
76.81
3.84
8.37
8.29
11.21
7.96
6.19
10.64
24.73
10.8
8.16
75.61
24.77
10.11
11.71
25.95
75.28
75.17
11.55
27.55
6.64
6.9
74.96
8.26
77.31
73.9
6.02
75.0
8.07
11.44
24.56
24.58
73.47
10.54
8.99
12.73
9.92
76.79
74.37
11.02
22.81
4.07
10.33
74.44
11.27
11.02
8.82
75.02
7.84
8.32
7.43
76.55
7.01
72.82
10.75
25.55
78.31
7.83
8.45
10.42
76.34
7.16
12.0
74.43
8.03
7.54
7.02
74.19
75.44
76.37
6.18
11.28
7.54
7.23
74.82
11.01
75.35
9.11
11.49
8.11
8.11
8.28
10.03
21.98
11.95
8.3
8.75
10.57
76.74
7.4
73.51
72.41
74.49
8.79
11.37
9.43
21.97
74.27
6.36
9.45
7.54
11.59
9.09
5.66
8.91
73.66
9.84
10.89
5.63
11.12
75.78
77.36
7.54
8.32
7.05
11.09
7.68
10.36
7.84
7.14
24.92
6.76
5.99
4.61
9.11
6.9
74.39
23.34
26.98
11.17
74.59
11.63
11.78
9.26
9.48
6.9
7.95
11.42
10.13
13.05
9.74
7.3
75.14
8.48
10.89
7.49
8.05
5.99
9.66
7.51
10.69
7.58
6.14
24.31
10.4
9.62
25.89
25.02
7.93
11.5
25.97
27.96
8.91
8.27
8.12
10.2
10.14
9.84
75.35
73.65
74.95
75.19
6.16
12.0
22.47
6.23
6.36
73.18
7.69
26.38
23.66
7.32
7.46
8.93
6.8
7.97
74.12
9.95
12.55
72.3
76.21
10.5
6.78
76.06
6.13
7.95
6.37
8.94
73.39
6.82
23.67
9.39
12.57
9.78
11.12
27.39
9.16
74.4
24.81
7.11
10.62
9.79
7.99
74.89
12.16
9.96
23.63
8.49
8.76
73.21
12.08
10.11
6.8
9.32
71.72
10.29
73.37
74.3
9.17
3.77
25.42
10.11
10.13
5.64
8.21
77.13
7.18
7.85
10.18
73.06
10.68
5.2
71.73
5.81
76.65
6.7
77.03
5.19
9.14
9.74
26.75
8.94
10.16
24.34
7.06
24.88
74.95
10.81
26.16
5.37
7.04
26.54
10.97
10.52
9.51
10.69
5.85
29.14
71.89
10.51
5.78
10.57
6.49
27.01
8.92
9.11
10.6
4.96
8.61
10.87
10.7
7.51
24.76
13.34
7.63
5.5
75.03
11.26
12.48
23.23
5.36
8.75
76.16
10.89
8.52
9.14
10.78
6.57
75.45
9.53
8.26
3.46
6.48
8.29
22.44
8.67
7.01
7.28
9.33
8.13
10.98
11.01
24.09
24.22
9.29
6.8
10.24
11.81
6.72
8.87
10.01
8.23
9.06
25.25
13.74
24.19
9.14
26.05
9.68
77.22
6.16
75.65
8.93
26.19
11.91
6.09
7.02
6.82
75.53
26.75
77.45
8.84
7.93
76.29
4.25
24.73
9.61
4.61
29.18
26.62
76.16
3.75
7.46
8.5
73.82
8.19
9.55
10.99
9.85
23.26
10.52
7.08
5.98
11.38
11.87
7.8
23.72
76.38
74.69
10.74
9.48
7.32
10.82
75.62
8.35
26.94
26.94
9.58
8.39
8.18
23.88
25.31
25.84
9.39
22.91
9.37
7.21
11.48
74.02
25.71
4.8
12.72
7.87
7.56
7.51
9.13
6.91
75.75
23.41
79.22
9.25
77.13
27.5
25.76
3.93
10.45
9.56
24.87
6.35
25.19
8.28
27.71
73.22
7.04
23.4
75.51
9.94
27.84
10.39
11.84
7.2
24.88
12.56
24.76
6.12
70.98
8.94
78.53
22.93
11.04
27.39
10.13
70.87
11.51
9.51
9.16
25.25
12.17
25.92
10.47
8.33
9.37
7.46
13.45
78.19
23.15
8.34
10.74
10.63
11.69
27.34
10.68
6.69
9.5
7.21
8.8
8.19
5.65
13.24
8.41
73.9
28.16
9.35
7.62
7.0
75.2
11.95
7.26
72.88
7.85
10.16
10.08
24.96
24.29
9.88
75.46
24.13
7.33
9.93
4.0
8.57
74.78
6.04
71.8
11.52
5.65
6.37
27.67
75.27
11.25
11.11
8.0
9.04
5.61
9.89
11.72
73.22
10.22
9.0
8.72
74.75
7.54
73.91
74.25
25.95
75.36
11.66
23.1
28.19
25.64
10.6
7.89
72.41
71.07
6.74
7.56
9.16
8.78
13.06
9.28
75.12
74.78
26.69
74.2
3.95
7.88
11.16
7.44
74.4
9.84
9.41
74.58
10.28
8.74
7.53
6.37
9.34
8.96
27.2
9.03
9.84
10.08
9.45
7.06
9.43
75.11
10.41
9.65
8.17
3.81
9.89
9.2
12.15
11.39
10.08
5.32
12.96
12.18
77.4
6.18
8.54
9.43
13.79
25.65
26.65
6.52
71.25
8.76
75.12
74.96
9.89
9.63
12.22
7.15
8.21
6.46
11.34
8.74
13.1
11.69
5.52
75.05
11.18
26.2
75.59
10.47
6.78
22.75
11.0
72.84
9.8
9.11
6.21
10.28
10.62
73.97
6.01
7.99
25.18
25.57
9.78
9.26
24.98
24.04
7.44
8.53
4.72
11.5
75.26
25.39
6.76
9.06
3.74
10.37
7.37
75.33
27.64
11.35
75.42
8.21
25.76
75.25
10.24
8.61
22.05
5.56
8.96
76.94
6.32
11.54
73.91
7.46
10.62
20.86
5.96
12.68
9.65
9.45
6.54
10.44
23.21
8.34
8.94
9.1
13.19
9.03
7.13
20.76
71.23
9.32
11.19
8.99
10.28
74.54
6.3
73.27
10.19
11.18
11.28
13.34
11.1
8.51
7.81
10.09
12.15
9.18
8.52
7.32
24.22
4.45
72.32
10.05
25.88
11.45
73.12
10.05
23.35
9.6
7.53
7.28
77.64
27.78
9.41
24.68
76.68
10.06
9.2
9.56
24.26
22.43
10.71
21.29
74.16
9.68
72.66
13.47
10.71
23.08
11.56
9.65
7.02
10.03
9.71
11.8
8.85
8.29
12.3
10.71
6.92
10.25
12.1
24.37
10.3
7.61
8.28
27.15
11.47
74.42
6.1
7.13
11.99
8.41
9.49
23.6
7.13
24.71
28.37
10.02
12.3
74.08
8.0
6.98
8.19
11.16
74.64
75.99
7.74
6.05
8.44
23.7
10.12
11.15
10.33
6.85
8.96
24.91
10.03
25.54
10.19
26.61
8.33
22.9
9.09
8.36
8.34
74.41
6.89
9.2
10.36
7.53
4.57
11.18
73.85
9.16
11.59
74.86
11.79
6.27
24.84
7.16
76.05
24.48
9.75
12.18
25.93
6.89
6.95
9.17
25.3
9.73
8.9
74.35
10.86
11.66
8.96
23.74
75.25
6.97
11.4
7.76
6.93
23.42
6.97
11.26
7.57
7.64
10.26
9.52
10.01
24.79
8.58
9.08
9.17
24.23
7.2
8.95
7.38
73.59
8.82
7.93
11.88
9.66
8.36
5.19
10.36
6.64
72.08
8.67
7.74
10.63
12.35
7.64
8.9
8.49
7.5
8.94
6.97
6.93
7.97
27.36
24.26
22.23
6.34
8.17
11.38
8.12
7.35
10.14
26.33
3.44
73.72
10.41
10.41
4.13
26.16
25.74
3.39
12.57
8.83
69.69
11.55
27.82
4.7
78.37
7.74
7.92
74.01
7.78
8.25
10.94
11.27
10.09
7.09
7.16
25.84
5.86
10.44
26.98
8.49
74.38
77.24
9.5
6.92
11.3
76.41
10.97
6.53
10.15
8.75
10.0
8.85
23.79
24.46
8.86
8.25
9.71
8.4
11.58
6.9
6.64
5.31
5.14
26.16
10.86
28.07
26.68
74.66
10.21
4.64
10.83
10.05
24.04
9.06
24.04
73.58
11.53
8.49
9.37
73.17
9.51
25.43
6.81
75.13
10.66
7.15
9.55
24.24
8.41
11.15
10.99
22.97
12.87
73.95
10.18
8.38
76.07
8.48
10.11
7.04
10.05
9.52
10.15
13.12
23.27
10.06
77.9
6.45
10.51
23.6
9.13
6.09
26.01
8.59
73.79
9.0
7.19
6.13
8.2
10.59
10.08
25.81
6.19
70.12
7.48
7.28
6.62
7.4
23.37
6.88
8.78
75.57
8.79
25.17
7.94
5.17
8.39
9.48
23.37
76.65
9.05
6.16
10.06
11.65
10.24
10.48
11.13
8.12
7.97
9.82
8.78
24.15
9.29
6.53
8.92
24.76
25.28
9.65
11.58
10.08
76.18
7.31
74.18
10.28
24.87
7.18
25.48
24.7
27.46
73.08
10.19
6.25
28.78
9.33
12.04
7.56
75.28
5.84
11.85
4.14
74.45
11.13
25.51
11.53
23.93
8.65
9.74
5.43
10.69
9.26
9.71
8.4
78.81
10.84
25.78
7.68
10.1
26.16
8.59
26.86
4.06
10.44
5.36
7.01
10.33
6.37
11.62
8.22
26.35
75.51
10.51
10.8
10.02
23.44
9.58
11.6
8.05
24.51
7.05
3.91
9.77
73.35
24.23
75.01
10.87
26.63
78.51
12.31
10.07
8.6
9.69
7.37
72.95
77.4
77.71
24.91
6.1
6.0
73.69
7.37
6.09
25.85
26.3
23.87
25.9
9.31
8.81
6.45
7.49
73.26
74.31
9.77
12.5
11.57
5.54
6.51
25.43
24.1
24.46
8.59
7.38
76.69
8.8
25.27
27.73
24.7
22.44
10.87
11.66
10.41
25.26
7.79
4.58
25.2
75.54
72.66
9.12
74.97
9.32
4.64
8.28
73.73
27.07
25.1
10.13
73.61
9.97
12.74
70.36
6.78
5.04
9.56
8.47
23.75
9.06
75.22
27.71
76.99
9.32
8.83
9.73
24.27
7.47
9.31
8.85
8.53
9.3
75.92
8.1
10.24
74.61
11.34
10.05
6.78
73.39
8.6
9.76
12.87
9.73
10.17
23.74
75.47
7.37
5.44
11.06
4.14
26.35
9.19
5.89
21.9
8.53
8.8
7.2
8.55
24.99
11.92
9.06
10.39
4.38
7.07
75.26
22.28
12.92
8.0
23.03
75.23
23.78
9.16
73.15
74.3
11.13
7.73
8.82
7.83
10.85
5.61
7.83
9.3
9.5
23.63
13.03
11.71
12.18
9.05
74.89
9.01
10.29
7.19
77.55
13.52
76.52
23.72
9.34
10.12
28.35
12.07
6.98
8.73
72.51
25.42
7.98
7.51
22.46
74.34
28.31
7.94
9.33
23.26
8.83
10.88
11.22
11.85
7.87
8.49
5.71
8.08
6.06
24.2
9.96
9.6
9.97
6.25
7.82
7.62
23.06
10.36
11.9
76.12
9.38
11.28
25.1
75.77
5.55
26.43
10.08
9.32
8.07
71.87
10.06
6.24
9.42
7.28
23.82
8.1
8.66
75.35
6.38
73.56
12.26
10.0
76.01
7.1
75.5
5.76
26.3
8.68
9.45
76.3
4.35
8.35
8.6
75.58
25.19
26.46
5.86
26.41
11.13
7.44
76.45
11.7
6.72
22.49
25.15
9.7
8.83
24.23
8.83
9.87
7.66
11.29
5.56
9.22
22.56
8.25
24.0
77.97
6.73
8.19
75.12
6.91
9.34
9.89
11.63
10.52
9.01
7.08
12.76
74.13
75.23
10.02
74.7
10.5
10.35
10.61
73.51
8.93
6.77
13.0
72.52
9.7
8.08
23.96
12.78
11.07
7.41
7.76
75.13
7.65
8.54
10.25
24.75
9.59
6.66
4.47
10.57
7.22
77.16
8.76
9.61
23.78
10.31
9.76
24.96
24.85
11.14
76.51
9.98
26.54
5.27
5.91
20.84
10.57
74.9
11.84
10.76
8.89
7.99
26.16
29.17
73.0
75.68
25.35
10.8
9.61
76.1
10.47
8.65
9.32
74.28
10.72
6.52
5.26
7.55
7.62
22.75
27.28
9.78
8.8
24.39
72.19
11.87
7.86
9.92
75.8
74.09
8.75
8.78
8.03
6.67
25.26
11.38
8.36
12.92
6.75
11.21
5.5
12.36
72.41
10.68
8.66
8.24
7.63
22.47
21.85
23.57
10.8
7.53
8.88
23.32
26.36
74.69
26.03
11.24
28.29
75.08
24.59
7.71
8.7
6.26
4.74
5.29
8.1
7.66
5.36
9.42
10.94
9.48
9.62
8.18
10.7
10.82
9.5
8.54
10.33
75.99
74.61
25.74
13.94
9.5
74.71
6.2
23.87
5.93
9.24
8.47
6.62
10.9
9.63
5.86
8.19
76.72
8.67
8.62
10.45
75.58
9.71
5.14
6.17
7.96
7.66
11.05
10.48
9.62
73.62
6.78
11.71
9.92
12.09
8.57
6.35
9.9
75.11
8.98
14.01
8.42
8.17
77.48
23.85
11.56
13.41
8.87
11.88
6.69
9.64
11.59
6.84
10.01
25.68
13.38
24.25
76.75
6.38
9.6
9.25
75.23
75.4
7.81
74.98
11.75
75.47
23.36
75.44
75.23
9.07
24.74
25.66
6.13
11.84
24.5
74.12
11.1
10.58
26.39
8.62
24.13
23.48
5.16
10.61
9.44
27.02
7.18
9.33
9.63
75.55
7.26
7.93
11.83
9.82
6.37
6.35
24.6
9.04
9.59
6.68
13.61
7.66
25.28
76.41
13.41
7.88
6.68
6.87
27.86
7.36
9.41
24.47
6.77
6.53
9.54
76.42
26.42
8.88
8.45
8.04
24.54
74.4
11.64
8.13
8.61
7.2
72.71
73.5
28.96
10.19
7.01
22.93
7.11
11.73
76.16
25.52
9.6
11.11
24.98
78.64
7.94
12.45
10.14
8.85
26.89
25.24
72.61
11.78
7.68
12.7
8.93
23.38
7.19
6.57
73.18
9.09
10.04
9.77
11.64
75.8
10.64
9.02
74.23
24.2
75.89
27.44
24.49
21.22
8.82
8.18
6.46
5.41
23.25
23.64
74.68
73.17
7.06
73.85
6.83
8.89
24.21
25.04
4.09
26.03
8.79
9.44
8.04
9.24
11.25
72.58
8.58
8.91
8.38
10.89
27.13
10.68
12.02
9.73
10.92
74.07
7.56
11.08
9.89
10.85
8.84
76.38
5.7
73.23
25.73
10.03
75.53
10.41
9.63
9.23
10.34
7.95
72.69
76.51
10.46
6.35
74.03
26.71
9.2
9.27
20.61
26.01
12.58
7.15
24.47
10.1
6.1
8.52
23.57
8.84
7.28
73.38
76.26
7.45
72.95
24.5
74.54
73.42
8.26
74.11
23.19
74.62
10.08
22.41
11.22
10.09
11.36
73.65
7.1
9.94
76.23
76.25
12.4
11.59
8.07
8.31
6.86
74.18
25.97
7.47
8.47
26.12
11.8
10.68
9.42
5.36
6.39
76.23
24.34
10.42
6.91
10.59
8.08
8.98
8.23
6.02
24.3
7.61
9.66
9.21
8.69
72.8
9.96
8.26
74.13
7.46
7.08
8.54
23.09
9.12
25.86
75.69
6.72
10.49
73.21
7.91
24.16
6.78
9.35
8.03
25.17
11.4
5.96
10.41
9.54
75.54
10.84
72.89
74.88
10.25
7.5
8.03
7.29
8.6
8.31
8.73
8.5
9.04
11.22
24.23
10.13
10.65
23.66
11.36
73.97
7.47
26.07
10.18
76.18
12.99
11.39
25.7
73.24
24.19
10.82
8.5
23.67
73.87
9.86
27.58
8.07
11.6
23.84
11.83
75.24
25.43
26.85
25.62
74.55
74.79
6.48
10.55
7.36
76.04
25.9
5.72
10.68
12.33
9.9
7.25
76.06
76.91
22.72
7.77
26.59
12.65
10.1
78.2
13.16
23.95
11.07
23.44
73.2
25.88
22.9
9.93
76.86
6.57
74.43
8.49
9.5
23.69
8.51
24.53
78.24
74.71
25.92
13.12
74.02
9.19
26.94
8.21
7.6
11.17
72.43
75.46
75.18
75.12
11.04
28.53
8.93
6.39
9.02
9.65
9.61
73.86
7.6
9.28
75.14
10.85
9.65
75.88
5.42
5.79
10.88
9.0
6.65
75.03
10.92
22.62
9.93
23.63
6.99
9.15
75.29
24.91
6.06
23.5
8.89
9.62
72.72
6.01
6.8
6.62
24.24
8.24
11.29
76.32
21.38
77.71
8.98
9.64
12.03
9.32
7.94
8.01
26.17
9.53
7.58
10.55
23.58
76.58
7.75
11.33
10.84
74.58
11.46
11.08
7.24
27.79
10.64
9.57
12.09
25.49
24.41
75.93
74.58
8.05
8.65
7.91
74.74
5.75
4.72
6.02
7.9
5.01
6.06
11.28
9.81
8.7
6.83
7.51
8.44
4.04
7.99
10.07
24.08
8.73
7.63
9.24
75.27
9.06
75.72
74.84
9.5
73.5
9.4
24.89
9.84
76.19
6.18
10.23
9.57
6.58
6.99
5.18
9.03
6.21
73.28
8.63
8.96
75.33
8.16
9.74
7.45
6.03
27.12
10.69
6.68
8.49
26.73
25.82
7.58
5.26
7.52
8.04
5.97
25.27
25.56
28.52
9.33
7.8
8.79
9.78
8.37
7.68
74.3
7.88
9.74
24.03
11.67
25.75
8.74
9.93
11.06
75.59
5.12
26.55
25.07
23.59
9.41
25.39
7.94
11.27
8.6
10.72
74.66
10.63
12.14
70.34
11.71
7.18
75.64
5.9
11.44
9.89
10.27
5.59
26.37
25.74
9.82
5.39
8.13
7.34
25.95
8.81
5.87
9.23
23.07
10.68
9.2
13.01
6.09
74.79
76.13
9.45
74.07
8.47
23.91
7.77
8.02
6.78
27.77
8.09
24.66
75.8
24.03
12.49
7.52
4.42
8.81
13.16
23.97
7.35
9.35
10.27
10.9
11.81
20.32
25.49
10.4
11.02
6.93
11.05
11.51
6.92
9.99
11.64
8.39
9.49
70.97
12.12
8.59
10.44
7.89
26.75
13.91
6.27
23.71
74.79
9.05
11.73
7.12
6.46
23.78
8.41
9.07
9.92
74.32
10.15
7.4
10.39
9.24
25.37
11.29
9.07
6.69
7.0
74.41
9.07
75.65
77.17
8.52
7.12
7.37
22.61
10.22
75.44
9.39
12.7
26.75
24.92
10.61
26.17
77.35
9.02
11.45
75.05
7.65
5.91
10.74
11.23
5.83
8.89
23.92
7.29
9.86
9.14
7.6
7.56
6.71
24.8
9.38
73.07
10.93
12.34
72.14
7.24
7.74
11.15
7.6
8.18
8.78
8.96
30.11
26.41
4.86
11.79
7.98
10.49
73.61
8.97
25.56
6.61
25.43
9.53
27.78
8.3
9.66
9.23
9.06
75.77
9.76
7.88
5.02
75.72
22.01
10.29
26.8
7.86
10.0
9.0
25.94
25.85
10.52
12.54
9.46
6.69
9.61
72.37
7.7
5.96
73.07
9.95
9.4
6.95
9.1
74.5
24.55
75.02
8.44
12.2
6.04
9.9
76.5
8.97
11.12
77.06
74.62
8.88
11.13
7.98
9.53
9.55
6.86
10.39
23.96
9.23
8.64
75.5
5.78
11.63
7.08
10.29
73.51
8.96
8.23
24.73
11.68
12.74
6.0
10.68
7.42
73.83
23.1
9.9
75.53
8.56
10.66
73.19
9.61
9.75
7.89
74.26
72.65
8.3
9.73
25.69
10.74
5.21
9.94
8.37
76.21
75.53
71.66
7.05
10.05
10.66
26.74
74.63
13.19
75.68
72.56
8.81
75.97
6.02
9.68
72.62
13.14
10.49
9.17
7.54
9.53
25.29
8.43
7.35
6.05
25.34
9.28
74.09
75.28
10.98
75.58
77.3
5.57
7.36
10.72
12.22
6.97
7.77
5.33
26.45
8.52
76.31
8.66
8.77
79.99
7.62
10.14
76.32
4.89
8.2
26.11
8.26
12.24
9.94
9.66
9.65
73.21
10.34
8.27
6.88
76.01
10.12
9.09
24.75
23.88
8.16
10.46
24.79
6.48
8.48
11.22
9.72
72.33
3.38
5.93
8.74
24.97
3.72
9.72
74.06
6.25
25.57
22.79
8.21
8.85
6.26
23.29
71.87
8.66
6.02
11.35
7.94
75.66
9.46
23.03
8.06
7.73
8.01
12.66
8.17
75.32
26.59
8.66
23.7
8.3
9.83
9.37
24.44
25.93
74.51
9.46
10.45
9.14
27.57
6.71
3.84
9.7
7.19
11.94
10.09
8.18
10.61
75.05
8.25
25.17
9.33
5.92
73.27
8.68
10.96
6.4
9.95
23.69
6.7
10.55
8.05
25.48
9.39
23.75
7.65
27.87
6.08
5.4
11.72
22.59
75.32
23.63
13.8
72.7
11.79
13.35
7.36
75.27
76.05
74.75
8.69
9.65
24.83
8.23
9.98
11.07
7.9
10.51
10.26
78.33
11.67
11.13
6.47
8.88
8.6
8.62
8.07
4.62
10.18
26.05
11.0
10.03
10.68
76.04
7.72
11.29
12.7
12.01
73.93
7.13
11.6
10.2
11.27
73.87
72.22
9.46
11.05
72.59
25.38
77.38
4.68
72.83
11.62
6.88
74.97
6.46
9.64
10.44
76.57
8.11
8.18
11.17
74.89
72.39
28.09
11.22
10.39
21.83
21.88
7.91
72.71
72.42
23.63
25.2
9.96
9.17
10.27
6.0
75.79
10.29
76.41
25.21
10.09
8.26
7.14
9.37
9.15
24.82
76.87
6.16
74.79
9.2
9.48
75.78
7.73
8.14
8.79
9.96
74.09
6.33
9.38
75.59
9.86
6.17
27.1
8.01
24.6
24.65
11.78
9.07
9.71
9.14
6.91
75.39
8.57
12.18
73.77
24.31
7.82
7.68
75.42
7.16
6.76
7.12
11.0
13.18
6.4
5.91
6.44
5.8
75.69
11.38
8.97
7.04
7.87
74.62
7.73
9.8
5.66
7.7
26.4
11.27
22.71
9.25
8.73
6.9
11.02
10.27
8.29
11.52
8.42
8.89
72.67
77.29
74.28
24.62
9.34
8.49
9.89
10.71
26.09
9.2
12.76
5.72
74.15
11.96
6.7
5.25
8.03
11.11
10.09
10.42
6.1
6.91
24.74
75.97
9.84
6.86
8.18
10.78
9.67
71.95
4.79
10.2
13.13
23.92
8.47
27.83
7.65
9.42
4.9
26.31
8.55
74.46
9.65
10.24
7.47
9.62
8.85
10.68
24.53
9.13
9.12
11.7
4.5
7.85
76.39
24.4
9.9
24.4
9.84
77.25
8.45
9.2
5.64
10.65
7.34
9.93
70.64
8.91
8.1
9.19
24.25
27.17
9.42
5.98
77.61
74.39
8.91
26.81
7.8
26.23
26.99
10.49
25.88
3.39
8.32
8.64
72.92
5.65
25.04
7.8
9.65
7.72
6.23
23.38
7.29
75.88
6.14
77.47
76.21
9.56
8.07
7.97
10.97
9.45
77.47
13.41
25.33
9.08
6.09
11.22
7.93
9.12
11.28
7.74
8.49
8.35
6.57
76.38
8.18
76.82
10.26
10.37
23.87
11.18
9.04
9.25
10.18
25.73
8.75
11.88
7.9
5.02
76.97
6.82
26.08
8.06
74.58
24.53
75.5
10.54
8.24
9.42
8.55
76.61
20.9
8.72
10.65
75.12
22.98
8.74
25.37
24.29
72.43
8.55
12.05
9.61
9.29
27.84
25.52
8.76
15.56
77.4
10.25
8.74
75.69
4.5
9.19
27.44
75.51
8.39
10.61
23.26
8.08
7.9
73.67
8.25
24.41
9.17
74.26
7.87
73.28
22.8
25.03
9.09
24.79
8.4
7.96
75.19
12.0
23.85
7.63
25.76
7.58
73.89
8.1
9.98
22.77
9.5
23.11
25.51
8.49
5.9
73.57
10.79
6.0
8.89
13.2
9.6
9.2
12.7
9.13
8.2
76.0
8.89
74.37
25.95
26.61
23.69
8.49
10.36
7.89
8.47
8.75
12.1
7.22
23.58
7.13
10.96
75.81
23.11
74.81
7.72
9.68
9.67
5.21
75.81
23.39
7.43
25.35
10.29
10.4
75.84
8.12
24.2
7.2
75.52
28.75
7.59
73.41
8.25
76.1
26.24
73.23
7.75
6.79
25.25
6.85
4.28
7.42
24.89
8.91
24.73
9.34
11.36
7.39
7.33
9.28
9.37
11.07
7.59
72.68
72.15
9.58
24.63
24.28
10.88
12.05
26.46
22.72
9.37
8.78
9.02
8.16
3.85
8.53
13.95
10.9
12.78
9.14
6.16
10.63
7.78
20.81
6.16
25.45
9.34
7.47
24.67
10.74
9.09
8.83
12.35
10.92
10.8
25.93
13.66
7.28
73.68
8.02
7.55
8.93
9.48
74.62
7.71
75.0
76.81
13.04
11.25
10.65
11.39
23.25
5.91
8.46
27.55
7.37
6.01
24.37
12.16
7.62
24.65
9.63
12.29
8.94
75.5
74.93
7.81
9.19
26.25
7.88
9.42
76.98
11.0
9.67
24.34
9.38
24.3
7.86
7.42
24.69
5.5
8.43
11.5
7.41
7.41
8.9
26.1
74.53
13.54
25.45
8.41
7.63
9.76
10.2
6.76
5.89
8.1
11.01
7.63
77.25
74.49
11.47
11.37
26.7
23.69
9.11
6.63
23.6
11.01
74.9
7.07
10.91
8.06
9.24
76.71
6.03
6.52
9.89
27.09
10.27
26.68
9.46
24.61
10.68
9.15
9.13
7.07
5.6
28.57
26.84
6.88
9.62
10.06
8.54
6.08
11.15
10.48
76.08
6.01
4.94
73.71
22.47
25.42
75.63
25.56
24.27
10.23
9.62
76.26
8.87
8.26
6.72
10.52
8.83
25.09
5.78
10.85
74.06
11.92
6.95
5.84
9.27
77.64
8.82
10.51
73.82
7.28
9.84
24.35
10.42
75.18
6.88
9.0
77.3
7.17
7.23
27.26
8.48
11.56
8.94
72.98
70.16
8.25
26.48
20.34
8.79
12.58
72.8
25.57
8.43
25.46
7.8
24.19
9.15
9.54
74.06
8.42
10.26
26.3
9.59
7.57
9.89
7.0
7.41
26.71
72.17
7.24
9.4
10.03
8.19
24.75
28.06
7.52
10.33
10.32
8.68
8.3
10.87
13.39
11.48
7.88
75.85
26.16
8.94
10.81
6.63
74.9
9.03
10.91
10.39
25.15
13.17
10.93
8.97
74.33
28.46
72.73
20.46
9.92
4.36
7.25
24.05
73.78
74.39
8.88
25.24
77.81
10.27
7.06
7.49
9.47
23.32
10.15
11.17
9.09
7.78
73.02
5.69
25.33
73.89
10.16
7.51
10.19
10.41
9.26
7.98
8.63
26.5
6.65
10.39
7.51
9.28
26.48
10.34
9.73
10.91
8.96
6.55
10.56
77.52
9.04
25.56
6.11
10.05
24.78
22.1
10.68
8.0
25.61
9.88
74.31
9.29
9.75
5.06
9.49
12.69
6.25
6.97
4.51
10.18
8.8
10.18
5.85
23.94
6.8
10.8
10.11
76.75
9.49
12.63
10.76
6.88
11.79
6.8
8.31
6.28
24.32
7.88
10.72
5.57
5.03
20.41
7.69
74.14
74.45
8.05
75.82
6.98
7.99
7.73
73.62
12.05
9.7
28.56
21.19
11.6
6.81
9.0
8.59
21.6
9.02
9.91
7.53
7.31
5.21
8.85
11.25
76.97
8.68
6.32
5.12
24.74
6.57
11.28
11.16
27.61
5.45
24.75
9.55
10.12
23.17
77.64
6.91
7.69
25.12
10.54
25.23
10.53
24.87
8.19
12.67
72.35
10.69
6.73
72.74
8.75
9.55
6.75
4.66
6.99
23.77
7.24
27.3
9.76
10.56
8.79
73.38
9.12
8.65
11.47
22.68
74.1
9.89
8.58
6.02
6.49
7.98
6.83
12.5
9.14
5.03
9.93
6.44
5.01
23.99
7.71
7.15
73.58
25.98
6.39
8.63
8.76
7.09
75.23
10.95
73.27
72.54
10.37
23.94
8.91
9.74
77.45
7.04
76.69
75.13
25.77
6.37
11.18
4.85
6.68
9.32
8.13
26.95
8.54
23.61
10.07
27.12
9.43
11.85
10.32
7.59
11.14
7.85
10.76
4.93
9.24
8.65
11.41
24.61
8.16
9.7
8.99
11.93
5.73
9.29
25.47
11.12
8.19
9.59
7.18
75.4
75.0
9.15
7.35
24.19
76.57
74.35
10.53
24.3
76.17
7.67
24.75
72.7
10.26
24.0
26.03
75.31
5.88
9.38
5.8
75.8
25.23
5.67
12.85
25.08
12.23
9.08
76.09
8.85
5.27
9.74
74.41
21.32
6.27
24.98
7.31
7.52
8.87
6.05
5.99
23.05
11.61
14.66
11.79
12.74
73.31
10.86
10.68
7.54
9.96
9.99
9.54
23.43
75.6
6.75
1.76
12.72
5.92
11.26
12.72
5.57
7.96
9.84
7.74
10.1
9.03
77.36
8.15
9.87
72.9
8.53
7.17
7.7
78.28
10.0
7.69
5.97
4.65
10.83
24.3
7.77
9.46
7.94
74.39
74.58
76.06
8.23
8.55
10.32
11.23
22.74
4.03
6.77
73.95
10.31
7.12
12.92
5.9
10.87
10.89
24.65
11.06
24.08
26.91
25.13
24.92
27.68
25.57
9.81
8.84
22.95
9.92
7.96
27.46
3.99
9.23
8.48
7.89
8.24
6.31
9.27
7.04
6.55
11.53
8.2
7.05
74.51
8.93
7.51
27.74
23.92
75.38
11.18
9.78
75.49
9.53
73.37
72.28
8.16
9.74
8.19
72.94
8.41
11.6
7.89
12.38
7.28
9.97
27.59
11.66
25.68
73.66
6.49
7.93
10.01
6.62
7.45
7.36
12.23
22.48
10.29
25.58
74.53
6.44
7.59
6.42
26.84
75.46
7.34
10.53
10.8
10.68
8.99
7.03
8.71
8.44
9.04
10.69
12.78
8.79
75.46
10.51
26.8
9.9
6.96
22.04
25.48
10.24
8.92
8.99
8.07
25.15
8.58
8.87
8.6
6.12
10.36
7.53
76.85
72.83
74.03
8.47
11.21
71.69
8.0
7.48
8.18
77.28
9.46
73.88
75.03
9.74
72.8
9.36
9.95
7.8
74.3
5.87
6.39
4.41
23.85
8.82
11.89
23.4
9.32
9.18
9.72
11.61
10.16
27.87
5.69
22.62
25.44
28.21
9.55
24.87
7.23
27.71
25.21
24.42
24.44
75.55
75.25
11.41
8.45
9.48
8.68
24.76
22.75
10.42
22.25
8.45
5.7
11.89
8.49
11.02
8.54
8.81
9.36
7.2
7.53
72.86
8.37
27.52
72.86
12.76
75.81
24.47
11.27
7.88
8.97
74.84
9.71
9.39
7.51
10.48
11.43
8.24
71.28
26.07
7.04
10.09
23.03
24.88
6.19
74.23
7.95
7.98
13.54
24.86
74.6
8.76
24.66
10.53
28.08
27.54
74.09
6.98
6.85
11.03
8.92
11.09
8.07
72.41
6.51
7.3
24.35
8.8
5.74
9.55
9.01
7.31
77.58
76.68
11.26
74.73
5.91
4.75
8.93
10.13
26.41
73.78
9.03
10.47
9.43
74.38
8.6
10.94
9.7
8.8
7.39
8.02
8.24
25.51
25.37
26.08
10.29
8.24
9.27
8.13
9.03
8.29
26.25
9.72
25.15
9.41
7.56
76.58
12.77
8.48
6.12
74.95
6.67
8.32
11.64
9.23
10.78
73.67
25.07
6.8
10.8
9.0
7.23
10.74
11.33
6.72
71.37
10.88
24.24
71.87
11.31
11.37
24.53
6.43
9.08
8.53
26.46
24.67
74.87
10.72
74.65
8.41
7.88
25.99
6.41
9.88
78.6
10.11
24.45
11.42
7.61
76.1
76.06
11.07
25.79
9.66
24.72
75.31
5.7
10.52
10.37
11.07
12.53
74.87
7.08
72.36
8.46
10.34
8.75
11.36
10.36
8.92
8.13
74.54
6.9
7.96
8.89
74.56
10.38
13.45
9.46
25.79
9.85
6.28
10.11
6.34
10.77
9.13
5.77
11.81
7.84
8.37
74.8
25.01
73.02
75.2
25.51
9.02
23.65
10.36
11.34
7.83
5.37
21.46
26.73
10.66
8.96
75.11
7.88
6.48
7.56
75.68
10.88
6.22
8.85
9.87
10.36
73.4
6.78
76.6
73.74
8.32
9.09
25.3
8.2
72.02
6.88
8.72
74.59
24.84
7.7
7.22
24.16
23.73
8.53
73.32
7.2
7.59
74.15
10.69
6.81
7.54
8.52
9.56
8.41
7.21
12.21
74.89
77.0
8.36
26.5
7.54
8.26
7.18
28.03
4.49
9.64
9.04
7.36
13.12
6.53
75.44
75.79
9.72
73.05
6.61
10.53
29.3
7.46
24.31
8.36
6.49
9.54
9.71
10.77
6.06
8.0
73.75
22.22
9.52
11.81
12.99
26.56
8.87
3.96
10.39
8.05
25.52
8.9
10.09
6.38
4.74
75.4
7.0
72.1
10.32
23.88
7.44
25.87
9.92
7.22
11.26
23.57
8.25
74.97
10.74
8.92
10.26
24.42
7.07
9.31
7.04
10.01
9.77
7.35
25.1
8.58
74.78
26.21
28.47
28.65
11.38
12.04
23.39
8.3
9.01
76.24
7.91
26.53
6.82
26.83
5.64
78.19
7.84
8.36
9.35
24.92
28.2
10.19
8.53
76.59
8.06
72.64
7.16
10.08
8.96
74.67
10.04
8.5
76.09
9.72
4.49
25.14
9.45
10.84
8.79
4.86
74.83
74.24
8.43
8.39
3.52
73.38
13.17
10.64
9.45
20.76
72.68
75.85
7.99
20.83
9.18
8.76
6.26
3.68
8.19
11.06
9.56
76.42
10.21
7.7
11.14
6.46
73.2
12.47
72.87
8.69
27.15
8.95
25.79
75.43
6.87
74.84
12.95
10.19
8.12
8.56
7.81
10.98
26.36
73.32
76.16
25.26
8.5
25.54
5.81
11.13
10.82
6.58
7.27
74.87
24.2
25.98
5.79
7.2
8.76
6.37
12.88
25.55
8.38
7.6
4.99
9.87
72.28
24.71
9.84
6.29
10.34
9.68
25.83
7.94
2.58
75.37
7.63
11.76
7.07
10.34
22.84
25.74
25.71
10.92
7.24
9.2
76.33
10.66
9.34
25.08
73.91
7.78
27.53
5.66
25.91
8.59
6.62
11.92
75.21
24.21
75.94
9.99
24.27
6.35
8.42
13.08
6.73
8.66
5.3
76.57
26.31
72.88
73.74
8.31
10.68
10.75
23.8
6.75
10.01
11.85
7.17
26.99
12.14
21.59
9.01
75.08
23.87
7.4
8.31
24.72
7.53
25.18
10.72
26.32
73.08
11.38
75.13
9.34
24.65
6.78
7.35
74.17
24.81
7.15
5.78
11.72
25.45
9.08
73.72
8.09
6.57
7.73
24.18
6.71
3.18
7.72
72.98
23.63
23.97
9.43
9.12
10.68
73.46
11.03
11.82
6.99
9.62
11.24
10.14
11.46
28.04
74.25
74.18
23.11
5.76
9.69
74.39
25.77
7.11
11.78
7.16
4.37
9.41
8.49
9.91
8.31
9.26
27.94
4.68
8.31
9.88
10.63
13.7
76.93
24.54
25.44
8.66
6.07
14.23
9.53
23.38
24.46
8.68
11.23
74.21
9.88
10.89
7.34
25.68
8.98
6.43
12.04
8.72
9.89
12.12
6.5
26.22
25.47
26.92
9.4
12.2
10.6
8.59
24.51
5.05
10.67
74.97
7.41
75.93
10.29
7.85
8.34
9.23
7.1
6.69
6.11
9.43
8.4
25.3
12.59
8.46
10.64
23.89
9.93
6.34
8.15
7.08
75.28
25.26
75.33
8.03
9.44
9.33
7.74
76.36
10.83
9.86
13.05
8.26
23.52
11.63
10.41
76.79
9.64
9.14
75.11
7.11
23.61
76.76
9.97
8.41
8.4
9.32
8.53
10.92
8.85
7.31
7.32
21.46
10.35
11.8
72.74
10.39
9.59
75.08
7.83
74.63
8.33
10.33
7.53
9.84
11.06
8.83
22.62
11.89
13.61
25.58
8.42
10.91
8.2
24.59
9.21
11.29
4.33
25.59
75.29
24.85
8.16
25.47
8.77
10.29
22.49
8.77
27.19
7.87
8.89
71.85
25.37
10.6
10.97
24.89
9.04
73.92
5.35
9.25
8.76
7.76
6.67
6.34
8.12
24.31
7.98
7.38
8.63
10.22
74.02
7.38
24.95
73.57
26.01
6.61
8.46
9.66
9.63
74.97
24.42
10.98
5.52
73.68
9.06
8.13
25.95
13.2
8.55
73.48
7.68
75.18
6.75
12.0
9.82
9.1
3.6
74.96
73.31
11.3
8.25
9.02
8.4
7.14
7.51
23.82
7.67
24.19
70.85
9.58
5.72
75.72
7.93
26.63
26.83
26.82
6.77
77.8
74.76
73.57
23.84
77.06
9.17
27.85
9.03
8.62
11.27
8.01
25.09
10.25
8.04
10.49
8.47
24.04
77.65
8.44
11.43
11.08
74.99
26.93
8.65
11.04
23.5
8.27
10.19
8.83
77.03
11.43
73.17
76.91
8.75
8.89
8.87
74.83
8.33
7.73
11.83
9.37
75.39
8.08
10.23
11.17
73.92
5.79
24.72
11.26
25.38
8.0
8.29
74.43
7.31
73.33
7.2
71.22
8.31
6.45
6.97
5.43
8.89
6.86
75.42
7.36
7.51
5.95
12.27
9.97
25.23
24.19
7.72
24.22
22.18
77.63
79.24
7.24
78.43
8.68
73.33
74.73
6.24
74.63
8.97
22.99
7.93
12.23
77.87
74.41
6.52
9.45
9.58
8.31
76.34
7.43
23.92
77.93
22.32
10.47
75.18
11.86
9.76
9.03
22.39
11.01
10.52
10.22
26.89
12.24
7.8
8.98
77.82
9.03
10.45
9.11
11.93
7.82
22.82
9.93
10.03
10.7
9.06
25.09
8.16
5.53
8.21
9.42
73.76
9.29
72.54
76.02
7.83
76.62
9.35
72.23
9.86
74.83
27.14
6.96
10.11
9.96
6.5
12.65
6.78
73.52
75.67
9.63
8.94
10.17
11.72
73.76
8.19
11.12
75.69
4.41
24.81
7.92
75.97
70.8
22.9
10.61
7.08
11.16
9.02
11.88
13.68
8.45
10.51
7.36
9.31
22.17
24.56
28.73
8.24
9.53
25.01
6.75
10.22
25.39
21.47
74.7
7.32
10.39
25.73
9.43
8.65
9.81
12.07
6.49
26.55
8.93
10.95
9.51
10.96
74.13
7.6
24.77
77.86
75.21
10.92
24.75
9.88
9.14
75.78
23.68
7.15
72.66
23.59
22.37
10.52
7.18
9.44
8.05
11.66
13.08
4.96
11.87
8.59
8.05
8.59
73.86
9.84
75.94
11.04
8.39
76.93
6.62
9.81
10.14
72.15
7.75
24.15
8.55
6.5
74.01
5.34
9.34
6.65
12.89
8.02
27.13
8.56
10.67
9.24
10.06
8.88
13.06
10.49
77.31
9.71
8.72
9.52
75.12
8.44
9.95
11.06
9.27
75.17
74.96
76.35
12.48
10.59
25.92
8.09
7.2
74.75
7.4
25.39
9.16
7.51
12.18
12.03
8.92
7.16
23.28
12.0
10.1
75.01
23.79
23.35
75.96
21.78
76.03
8.43
76.1
6.75
7.34
9.05
7.91
11.58
9.58
9.0
12.33
11.51
25.4
75.93
11.26
74.25
73.0
24.63
8.7
10.64
12.24
10.67
8.98
7.58
9.27
7.69
6.12
6.09
6.64
22.62
11.65
8.26
8.56
6.7
4.0
26.2
10.68
11.79
9.33
9.36
6.38
8.68
72.95
12.14
8.74
25.72
9.51
9.05
10.2
75.86
71.21
11.38
9.45
9.49
74.72
76.5
8.73
24.42
7.91
9.8
10.97
24.29
22.66
10.75
11.97
74.93
10.4
8.75
75.58
9.75
23.49
8.8
5.09
8.94
10.68
77.09
10.68
6.69
10.11
6.56
11.29
23.41
22.64
6.44
9.48
10.36
73.17
8.34
9.13
11.27
5.64
7.46
8.27
8.2
74.29
27.73
76.2
8.46
8.43
6.2
8.95
9.02
9.15
22.2
7.67
8.23
9.77
10.03
74.62
8.82
9.16
9.64
73.62
7.51
12.87
72.36
74.54
7.98
10.54
7.49
25.51
7.39
75.04
7.87
7.62
11.25
8.33
9.24
24.17
24.15
11.37
74.83
74.39
23.4
5.58
8.28
75.98
27.28
24.51
8.85
73.49
23.81
9.16
10.4
76.92
8.3
73.79
23.93
10.47
7.78
10.87
6.99
7.31
73.86
6.97
6.52
5.75
8.39
73.76
73.26
25.86
8.06
23.11
6.58
9.63
74.03
74.24
7.93
8.9
10.17
25.19
10.52
9.71
8.59
6.46
24.32
8.5
7.88
9.91
7.92
25.45
23.15
24.79
9.27
10.25
76.77
6.86
7.16
9.52
8.22
7.89
4.2
9.23
8.03
29.67
9.12
10.62
28.55
10.93
10.74
9.39
7.9
75.02
10.69
7.86
8.12
73.58
4.89
11.53
11.19
75.23
8.49
11.55
23.23
7.58
25.58
7.79
76.8
8.63
74.51
12.41
9.13
8.95
7.1
6.75
24.82
10.28
12.84
10.32
10.8
6.19
11.32
10.09
10.81
8.41
25.25
12.1
9.53
74.06
8.94
10.15
8.94
24.92
8.44
77.25
8.75
24.9
10.16
7.9
8.52
9.16
26.44
6.97
6.93
26.33
26.5
26.84
10.22
8.03
74.53
73.15
21.67
8.29
8.44
8.83
14.23
73.9
11.85
7.66
13.08
8.84
9.41
11.03
21.78
10.08
77.12
6.83
25.97
10.4
25.37
73.05
9.0
74.91
24.65
76.95
8.66
9.33
5.07
24.9
7.92
25.86
11.11
6.47
12.08
76.74
23.66
11.69
24.38
73.46
26.76
10.18
10.18
72.85
7.7
25.22
26.35
11.42
26.88
9.12
10.07
9.13
6.69
71.53
71.73
7.53
8.39
10.36
7.3
24.45
9.43
23.24
8.85
8.38
10.1
27.01
6.8
9.42
22.51
11.1
10.52
6.32
9.08
9.86
8.76
9.23
73.87
9.82
72.55
6.41
7.75
12.12
74.16
74.36
7.41
8.62
6.84
11.62
9.14
13.15
76.81
9.67
7.86
7.01
7.93
8.48
23.05
9.95
24.98
8.65
8.13
11.47
24.4
9.54
75.4
74.24
24.44
9.76
24.92
74.0
9.43
72.93
12.93
9.2
8.67
7.74
75.87
6.57
11.99
75.98
4.76
9.47
10.32
11.21
8.25
21.23
28.16
27.6
26.19
8.08
8.77
5.94
11.8
6.93
77.54
78.59
24.12
27.94
9.88
10.01
6.49
8.76
6.17
10.08
7.07
7.82
27.27
5.76
7.74
75.38
9.32
10.08
76.38
9.32
6.85
9.68
9.8
7.13
75.99
25.57
9.13
9.14
7.16
77.44
24.92
10.72
75.72
9.25
9.58
7.54
26.08
8.84
73.06
4.85
9.63
4.41
22.89
11.41
8.62
24.07
11.76
7.4
10.08
6.55
8.81
78.79
11.14
7.27
11.51
73.64
74.34
11.46
7.38
8.64
7.18
24.66
5.58
8.66
9.04
72.2
10.72
9.59
23.33
8.1
11.49
8.71
77.95
77.1
27.43
25.59
12.86
8.09
25.47
8.08
25.03
6.65
11.7
7.51
8.05
11.49
10.18
8.62
11.71
26.83
73.6
9.74
25.83
8.08
7.06
10.8
8.26
8.41
25.77
23.35
8.29
24.45
8.01
8.94
22.59
6.36
8.84
9.44
9.66
74.3
12.27
24.76
11.81
9.74
6.93
11.68
7.04
11.73
10.34
6.89
8.13
7.19
73.87
7.73
7.3
75.48
12.88
10.48
24.44
9.7
4.75
8.11
9.9
75.02
12.05
8.18
8.15
22.69
27.49
10.96
24.02
5.66
74.84
5.21
8.48
12.91
13.24
6.41
24.36
10.39
7.33
6.03
25.37
24.32
9.97
24.53
75.98
6.41
76.23
12.04
11.94
25.67
6.36
75.53
22.37
74.58
8.76
75.83
24.81
6.6
8.44
12.53
9.21
9.62
8.44
24.18
11.46
72.12
8.92
24.86
4.43
8.51
10.33
7.67
8.59
73.28
73.91
21.86
9.18
8.22
11.47
25.44
9.69
27.48
10.51
10.97
73.19
10.19
5.09
9.24
6.97
10.27
11.71
6.42
25.66
8.79
29.09
9.56
25.83
6.51
10.95
9.05
27.58
24.13
10.67
75.85
11.74
10.67
72.84
10.7
26.19
5.16
8.1
6.36
24.53
6.86
6.93
22.2
75.36
11.06
9.73
8.94
76.56
12.15
24.76
26.88
6.8
9.56
25.26
8.69
6.94
10.07
73.38
74.91
73.41
10.83
9.68
73.37
11.44
5.98
7.42
75.45
74.72
8.58
9.1
9.09
24.32
7.46
10.07
13.12
23.36
8.29
73.88
76.05
26.84
10.94
77.77
9.59
8.4
8.3
22.58
25.29
6.57
14.69
10.96
23.49
74.75
70.78
8.2
11.22
9.71
75.24
8.61
9.73
9.13
11.84
22.3
7.63
75.1
25.89
7.66
10.66
3.98
7.77
9.83
8.74
25.24
8.38
9.36
73.7
8.71
23.08
7.87
8.93
26.35
7.03
10.79
10.75
23.85
23.23
7.45
5.21
8.75
5.78
5.12
74.37
71.72
75.52
25.43
12.06
9.36
10.89
6.38
8.61
8.02
11.36
12.55
5.0
11.32
9.51
7.26
10.73
7.14
12.4
12.75
75.61
28.07
74.61
7.18
72.97
24.11
11.59
9.35
77.66
25.09
8.78
8.18
74.58
74.81
24.09
11.86
7.49
9.49
13.1
27.0
3.7
75.24
5.78
4.64
9.01
9.22
11.65
10.99
9.21
8.57
7.16
9.94
6.68
73.18
74.33
22.04
8.37
27.59
12.45
11.71
9.8
10.4
74.2
8.61
5.04
10.8
70.96
6.4
10.8
73.59
74.18
8.02
8.19
7.23
11.99
7.97
10.06
5.55
7.86
9.45
22.38
5.12
76.04
25.4
76.45
10.22
9.32
74.76
74.29
8.59
12.18
24.09
12.02
72.94
74.72
7.84
77.64
7.96
8.67
6.35
27.77
22.61
11.68
6.95
74.39
73.26
23.2
9.55
10.09
11.17
8.06
8.97
24.98
9.67
11.0
8.63
75.2
74.52
9.04
7.78
6.06
8.03
9.99
6.76
25.47
9.94
7.83
21.41
7.89
24.54
8.19
8.73
10.51
10.83
23.27
8.28
9.72
7.76
76.77
11.43
25.72
28.33
12.61
5.68
5.2
28.41
8.42
8.15
77.0
9.41
25.56
75.77
75.67
8.17
8.5
76.93
11.32
6.63
9.89
8.5
4.29
8.82
10.85
7.93
24.19
9.6
12.28
23.49
10.83
4.17
10.53
9.22
6.24
24.98
76.22
9.12
75.87
10.23
8.42
9.85
10.79
24.67
7.08
11.94
24.08
4.99
72.93
23.02
8.0
10.77
10.41
10.72
27.67
71.76
5.54
23.57
11.73
25.81
9.1
10.81
8.93
8.02
26.05
9.6
11.23
7.23
72.58
6.5
25.5
7.26
75.12
28.43
7.83
73.99
9.24
9.01
9.59
7.7
8.9
10.13
7.8
9.85
8.97
9.03
4.89
25.96
76.67
74.06
10.53
74.77
10.15
10.43
3.43
7.42
77.9
72.44
74.63
10.22
9.31
6.81
9.77
75.13
11.8
11.15
7.85
73.66
10.27
5.79
12.73
11.12
9.31
7.17
73.35
7.4
10.7
11.53
7.44
25.26
71.45
8.39
10.49
7.84
7.4
7.26
25.68
6.55
22.66
10.06
10.85
8.37
7.18
9.59
75.69
71.58
11.95
74.13
73.6
7.27
7.54
10.03
8.38
5.48
9.31
76.25
7.46
11.01
10.29
9.53
10.18
24.57
7.59
11.93
6.52
8.69
8.04
7.94
10.22
11.29
6.32
9.72
73.16
10.16
7.85
10.16
7.62
7.93
9.38
24.87
77.75
8.3
11.71
9.65
7.63
8.67
11.15
7.66
10.19
72.48
7.45
10.56
28.36
10.07
11.22
10.44
4.85
7.94
24.72
73.04
73.05
7.97
8.52
9.22
72.34
6.96
9.99
26.32
10.43
24.57
4.05
7.82
24.12
26.44
11.58
6.01
9.56
72.17
26.25
13.55
74.81
6.74
74.79
77.44
10.64
73.56
6.69
8.23
6.05
24.94
77.29
10.78
4.8
77.05
3.84
7.59
6.57
74.2
6.37
23.53
6.79
75.45
74.23
12.56
12.02
10.32
6.94
27.32
11.62
21.42
10.45
76.7
7.87
7.04
6.8
10.61
74.33
10.81
12.66
11.38
12.53
8.78
70.61
10.11
6.77
8.23
10.52
23.44
9.15
6.96
13.46
74.48
3.23
8.1
8.32
11.73
11.47
9.41
7.51
12.11
23.62
79.51
74.12
6.9
10.28
10.89
24.87
8.86
6.13
75.68
10.67
13.04
11.57
7.99
75.99
7.69
74.73
25.91
10.7
9.76
11.03
9.26
26.93
10.81
9.18
8.97
10.58
11.82
24.34
7.1
77.02
73.41
5.48
7.79
24.17
26.19
11.75
23.25
24.94
5.95
25.04
76.82
74.1
22.26
27.47
73.82
10.39
23.95
75.59
9.18
8.85
9.06
12.45
72.52
11.93
10.17
71.21
72.06
8.27
10.69
10.03
9.51
26.07
76.06
12.45
9.97
6.46
74.55
76.24
26.19
76.63
8.58
9.41
10.8
25.17
8.98
73.28
9.94
25.59
26.53
6.85
9.86
7.21
11.3
27.08
75.23
12.78
9.25
8.13
7.9
26.93
8.65
71.98
7.39
9.72
76.78
11.3
12.47
6.11
23.59
7.73
8.47
6.44
6.73
6.44
72.18
22.52
8.13
11.46
76.12
24.44
24.32
7.78
7.13
25.06
8.76
11.3
7.41
24.03
27.51
7.19
10.33
21.82
9.53
24.4
76.71
12.59
5.87
10.32
5.77
75.58
74.65
75.78
25.67
26.51
12.1
5.72
25.62
7.66
8.4
10.52
9.46
12.98
10.3
10.38
75.8
25.46
9.29
9.53
76.1
26.33
11.11
8.61
75.56
8.21
10.95
24.33
9.02
26.34
9.71
5.99
9.27
74.98
9.3
7.82
9.03
9.71
11.79
8.87
77.14
8.89
21.89
7.65
11.13
10.33
7.97
6.73
10.23
13.55
9.07
8.41
13.03
25.32
7.92
9.44
9.95
10.67
6.21
21.87
9.72
14.09
6.97
24.58
76.58
10.38
9.59
8.71
10.73
10.51
72.97
77.07
12.93
77.58
7.1
22.47
25.86
6.57
11.59
9.02
24.98
75.81
7.87
11.29
75.86
10.17
10.81
75.87
8.48
10.01
76.4
75.69
9.32
4.62
7.09
22.25
7.44
12.11
9.03
75.0
23.22
11.05
9.82
10.39
6.2
75.32
8.58
8.31
10.96
5.96
7.2
11.96
28.53
9.45
10.12
9.28
10.84
74.69
10.48
9.44
23.28
26.19
7.3
27.31
7.28
21.86
7.45
75.92
25.12
6.97
12.27
26.61
24.44
10.97
11.3
6.05
6.9
9.87
8.7
5.23
75.14
77.49
8.67
8.34
7.19
10.3
7.04
8.22
6.18
8.74
75.6
23.95
9.94
7.34
10.3
7.99
4.9
76.57
12.35
9.43
71.52
73.85
22.52
11.61
7.21
8.96
12.15
78.22
70.79
9.97
7.21
75.48
25.67
75.39
8.04
24.01
73.42
7.29
25.26
76.18
10.08
6.92
74.55
73.35
76.19
23.77
22.58
23.69
9.93
74.93
74.83
21.72
22.9
10.61
11.75
9.28
4.66
10.36
10.6
8.79
20.97
8.16
24.19
7.68
11.49
9.23
10.05
25.06
9.6
4.55
24.31
24.41
27.26
9.72
10.28
8.07
5.04
7.88
9.09
8.1
10.54
10.93
10.55
10.77
9.8
4.31
8.31
9.01
9.2
25.94
25.53
9.57
74.86
8.03
11.64
10.9
10.55
6.95
7.69
26.69
7.19
10.7
22.47
12.01
7.74
5.93
9.52
10.81
5.72
7.73
23.77
26.58
9.47
76.26
6.14
23.43
12.19
26.22
10.12
73.98
4.58
76.1
7.17
24.2
24.25
9.78
73.38
10.56
7.88
9.43
8.46
5.84
25.65
8.29
10.43
26.29
25.82
7.96
5.08
27.06
24.49
23.82
9.29
11.9
6.85
76.99
8.4
9.07
9.24
7.55
8.5
26.84
11.23
10.27
24.31
6.81
12.94
5.96
7.99
8.2
23.36
11.56
7.79
23.51
76.69
9.53
4.14
77.44
8.61
24.62
9.71
8.09
77.53
25.55
23.92
10.6
10.59
75.4
7.66
75.69
24.34
74.74
25.39
75.33
5.56
7.01
24.98
8.48
8.23
24.99
6.75
74.89
77.1
11.07
10.2
24.35
22.31
8.31
26.7
74.04
26.92
26.37
10.95
23.66
9.31
9.24
11.14
7.34
10.87
74.44
10.42
24.12
74.56
10.53
22.76
74.03
11.07
10.5
24.96
7.22
72.04
74.75
5.94
7.27
7.58
9.51
6.49
9.18
6.58
72.36
23.52
73.93
10.46
9.8
7.64
6.03
23.77
10.3
24.75
12.76
25.38
4.7
11.45
10.04
8.84
9.33
7.82
7.78
74.45
10.46
7.43
72.86
5.66
72.31
9.07
6.4
75.62
10.68
74.15
8.61
7.39
9.13
11.64
10.87
7.61
26.43
25.45
27.57
24.79
7.37
11.74
8.04
9.23
11.68
74.34
6.81
74.57
8.93
25.78
25.26
22.88
7.81
76.47
9.03
25.83
25.15
27.12
78.3
10.23
27.09
8.69
3.83
10.78
9.29
8.32
12.15
76.75
10.19
9.96
29.04
8.93
8.22
6.55
9.24
11.51
9.03
8.76
7.47
75.3
77.68
11.23
7.96
8.21
71.61
25.87
8.08
8.91
9.03
11.14
24.43
8.47
9.2
9.49
10.09
77.81
26.1
78.02
10.85
26.36
8.44
10.22
23.84
13.64
10.1
11.0
6.92
8.34
8.99
11.04
7.87
23.26
7.8
22.21
10.79
25.29
8.45
8.07
9.84
75.43
9.88
8.71
11.14
7.09
21.64
9.12
10.55
23.38
12.24
24.02
4.89
7.95
10.55
7.56
5.9
8.06
7.4
10.56
10.01
73.03
10.78
10.87
22.17
8.49
5.82
10.25
12.02
75.17
9.18
23.25
12.08
7.7
24.62
8.13
26.67
70.8
6.91
7.61
74.73
76.07
26.21
8.21
8.79
7.45
7.3
70.32
8.62
74.74
22.49
75.28
8.7
7.55
10.84
9.34
7.26
9.34
21.42
76.41
9.13
4.41
8.57
6.62
10.53
6.27
25.99
7.79
8.73
5.56
22.36
10.25
8.66
7.78
9.81
7.7
77.63
9.25
7.96
9.64
25.67
9.12
6.64
7.21
23.55
9.15
9.91
8.45
72.86
8.89
12.22
11.32
6.31
8.13
23.05
73.21
75.76
10.3
10.5
10.69
8.74
74.66
9.14
75.3
27.59
26.78
11.34
71.73
24.4
9.39
12.31
6.57
7.1
9.13
7.76
10.79
74.66
74.42
10.05
24.87
25.71
74.66
6.29
4.28
75.61
9.91
73.98
10.59
7.36
10.94
10.25
24.28
27.29
4.96
8.93
25.39
77.6
6.14
5.37
6.74
11.34
23.68
76.01
9.93
13.19
11.67
9.8
9.25
9.82
75.51
10.87
26.26
76.71
6.45
7.33
8.49
7.56
7.55
74.64
6.26
11.99
11.14
25.67
9.77
10.05
73.41
9.54
7.51
9.62
10.58
10.08
23.74
11.56
10.29
9.87
7.37
6.72
24.05
26.02
23.21
8.28
76.2
11.14
12.12
24.53
9.25
12.11
7.63
9.98
7.97
72.47
9.98
6.51
8.79
26.84
11.68
73.93
10.74
8.5
25.12
11.59
76.48
7.13
23.7
76.52
27.46
9.87
23.45
26.99
74.89
11.42
9.45
13.76
10.82
6.82
26.71
72.13
6.62
7.27
8.03
10.3
10.28
22.44
22.77
76.8
77.05
10.78
11.14
8.51
10.17
74.84
7.86
76.2
10.94
23.89
8.92
21.39
8.07
7.01
26.83
70.43
24.63
75.66
11.06
8.54
26.74
26.64
6.57
8.83
71.98
8.49
9.03
13.36
8.01
7.39
4.9
10.04
10.87
73.98
9.2
11.31
7.52
10.22
9.7
12.99
8.87
13.26
26.36
8.73
23.09
8.32
8.79
8.01
72.96
11.99
21.77
9.67
73.49
9.29
5.99
6.56
7.74
27.1
10.86
27.89
75.29
6.18
9.67
8.01
24.51
9.96
6.56
7.45
7.34
10.23
8.44
8.98
7.12
10.28
7.93
12.59
9.19
26.27
7.91
74.02
9.26
8.38
24.44
8.7
8.2
25.4
11.91
8.5
9.33
74.1
74.58
71.04
25.21
26.62
28.12
9.28
5.51
73.11
25.41
7.42
7.67
72.66
12.13
74.99
11.91
6.69
10.29
9.7
7.12
8.41
25.91
9.56
23.03
78.98
7.46
9.72
27.54
7.9
73.28
8.91
12.52
23.83
10.51
76.18
25.4
13.49
9.4
8.22
6.71
10.15
8.69
21.47
25.6
9.02
10.77
11.38
27.23
11.68
9.16
75.43
9.47
9.43
8.07
8.92
73.56
8.69
9.09
9.87
5.55
11.21
9.57
8.69
5.05
9.56
25.37
10.51
6.87
6.91
6.26
8.33
9.14
9.51
75.42
27.47
7.12
7.61
7.08
6.5
9.06
9.72
11.08
24.68
8.88
7.54
6.75
6.72
10.03
10.61
13.13
71.07
11.23
8.57
76.68
76.38
22.56
27.89
8.23
73.08
8.35
10.22
11.46
11.42
76.77
24.65
6.74
10.84
10.55
8.42
24.04
9.6
10.36
6.89
6.48
8.44
27.83
74.82
74.22
6.85
21.28
9.97
26.05
8.74
73.7
23.03
10.89
10.79
8.29
12.2
6.65
25.52
8.8
9.44
10.43
72.42
76.33
10.39
10.32
11.81
11.42
76.83
10.17
10.39
9.73
10.8
9.06
75.18
8.69
10.74
72.81
3.6
8.3
24.8
7.02
76.2
9.06
10.13
11.51
11.8
24.83
10.84
80.99
9.68
9.3
6.18
23.61
9.68
9.64
7.15
7.67
73.82
11.08
72.73
8.2
11.04
7.93
8.53
10.28
73.98
6.95
5.58
9.21
10.57
75.85
11.19
9.37
12.55
74.4
9.4
5.79
7.43
8.83
5.93
10.36
11.32
8.97
4.94
10.68
74.14
10.53
12.43
75.72
5.88
23.16
7.84
24.31
7.85
10.11
75.04
23.32
9.49
10.9
10.15
25.71
7.37
8.93
73.27
73.95
72.0
9.98
15.16
75.33
23.64
7.7
24.3
8.53
23.83
3.6
22.14
26.04
7.29
3.04
73.32
77.71
12.44
9.35
10.35
9.24
8.28
25.72
9.22
7.31
10.96
8.23
24.89
10.24
75.64
9.22
75.02
7.96
11.59
8.93
75.53
8.08
6.66
27.36
10.74
9.67
11.33
27.7
76.96
11.83
7.37
75.32
6.18
8.97
3.55
6.34
3.99
9.3
72.46
6.22
9.01
8.15
75.42
7.74
8.33
78.41
6.58
5.82
23.04
8.28
9.65
8.06
23.37
11.45
8.35
6.68
73.83
6.0
9.07
24.28
10.88
8.5
10.09
10.15
25.1
9.73
24.96
74.4
4.96
10.03
8.39
10.03
21.27
75.76
75.26
7.49
9.72
9.64
9.6
7.43
7.92
11.0
75.86
7.81
74.38
24.16
9.93
7.14
9.9
75.37
10.36
21.11
9.21
72.18
6.53
74.23
7.63
74.01
9.35
4.61
9.26
6.49
23.01
10.25
74.78
6.86
8.16
9.02
8.36
72.18
9.67
7.48
10.87
7.16
7.68
7.55
8.12
24.12
73.37
72.68
9.48
8.97
9.77
7.99
12.56
73.87
9.19
23.41
9.31
11.37
7.71
73.65
10.39
26.11
6.06
27.3
8.05
77.73
76.76
21.82
23.87
12.53
76.16
9.11
7.77
22.48
76.63
12.32
8.79
26.09
11.95
73.8
10.52
12.55
72.31
11.22
8.25
74.73
23.09
4.98
11.8
26.99
9.13
7.22
6.32
10.54
8.94
74.15
7.76
76.29
3.36
9.22
23.79
24.94
10.75
7.96
6.89
74.72
72.36
5.26
10.94
21.65
7.55
8.45
7.31
13.15
9.0
9.21
8.84
7.15
8.9
10.29
27.52
7.66
73.51
26.34
11.86
10.28
9.31
24.06
6.84
25.71
6.61
22.09
72.63
7.81
10.36
75.23
11.9
7.09
76.3
24.48
8.26
12.19
5.79
8.93
77.27
6.98
25.79
27.19
24.19
5.74
11.66
8.7
23.67
10.57
9.38
73.56
8.68
24.68
4.55
8.36
9.74
23.19
6.47
7.82
7.75
9.21
5.4
24.22
77.15
7.93
6.8
9.13
74.79
74.34
11.07
5.6
24.18
8.64
23.28
8.08
11.15
9.9
8.38
9.18
8.68
8.02
75.7
9.56
10.46
73.65
26.06
9.57
24.62
24.13
8.03
72.43
9.2
7.14
11.28
75.92
25.08
7.97
76.11
9.19
10.21
9.13
6.29
5.51
10.7
75.57
5.72
21.53
9.48
11.3
9.68
74.68
8.15
9.36
8.88
77.38
27.47
8.0
8.51
73.08
6.57
24.43
73.26
7.42
10.84
10.69
21.81
6.0
24.03
11.25
74.44
24.61
9.91
9.14
24.2
7.3
9.01
9.77
7.37
11.52
74.26
10.83
11.34
23.01
6.3
7.03
76.51
9.34
4.88
9.52
9.69
6.86
11.35
13.34
73.94
75.51
6.53
9.93
10.3
6.2
8.3
11.23
6.76
6.04
9.82
74.87
8.21
74.0
76.45
6.01
73.91
8.44
10.62
9.95
7.25
8.79
6.21
75.63
25.89
11.89
8.99
11.31
8.42
7.0
11.15
9.0
12.36
8.72
24.17
11.11
9.79
23.45
4.65
9.51
6.2
24.55
10.51
7.87
12.49
74.79
10.9
25.63
25.9
7.95
12.49
7.93
26.3
10.31
11.85
8.43
10.59
7.53
11.66
9.48
8.31
8.66
7.82
9.93
26.06
76.14
12.12
76.18
7.99
8.42
9.59
26.33
4.48
26.7
9.32
11.32
10.87
22.83
8.07
6.72
72.03
9.98
6.59
7.97
6.73
7.17
6.75
73.97
21.52
12.43
12.74
8.77
9.62
8.39
25.23
11.84
8.96
8.47
22.94
12.35
7.92
7.67
25.18
23.14
72.79
24.01
7.06
8.05
8.03
75.04
8.83
23.82
28.66
75.78
7.11
75.33
11.09
8.11
75.61
10.72
9.5
10.11
8.21
21.38
7.17
8.03
6.23
6.07
24.16
23.74
8.07
72.83
6.65
5.77
9.22
8.08
11.12
6.77
6.21
25.44
10.41
7.56
7.19
73.95
5.96
8.31
7.77
25.04
10.96
9.84
10.0
10.12
21.85
9.92
73.16
9.76
10.31
8.94
10.28
9.01
75.29
10.47
74.85
9.41
72.27
22.14
10.75
10.44
7.12
21.97
11.69
11.42
10.49
9.05
11.81
10.27
73.93
25.77
11.0
24.81
9.71
6.14
76.62
7.51
23.69
9.81
4.24
9.38
9.53
13.17
74.81
7.98
8.89
3.23
11.93
6.96
26.16
22.55
26.73
8.14
6.96
9.12
9.75
11.87
9.64
8.99
6.79
8.36
23.8
7.8
24.59
8.8
7.22
10.02
10.64
74.63
9.95
10.33
75.37
7.57
8.33
74.67
9.19
7.48
10.46
77.04
8.78
10.53
5.49
75.19
9.1
75.12
10.27
6.45
75.48
24.08
7.95
7.9
77.15
11.08
3.78
10.28
22.62
8.56
6.94
7.95
7.58
11.48
73.15
76.0
10.53
6.77
13.29
8.92
6.96
72.43
23.21
25.36
8.9
74.21
7.09
4.68
7.38
8.29
27.14
11.16
25.65
10.62
21.52
7.5
25.97
74.71
9.04
73.76
9.07
7.65
74.47
6.62
7.17
8.58
7.26
9.41
27.06
75.9
7.66
6.75
5.72
22.24
9.73
24.83
11.05
7.99
6.91
9.4
13.31
10.97
6.63
76.35
23.37
72.63
11.05
22.66
7.85
8.47
8.14
28.0
77.14
21.92
5.66
6.35
11.71
11.98
23.11
8.4
74.33
9.57
11.24
26.06
6.65
9.79
7.92
7.94
8.16
6.5
9.66
5.45
7.75
74.02
7.35
75.45
11.7
8.06
11.76
9.44
11.13
10.24
6.68
11.59
23.01
7.75
76.85
6.85
24.62
8.08
9.54
8.27
8.75
11.22
11.09
23.07
12.35
75.07
10.1
22.2
4.95
9.64
9.79
6.23
73.01
24.74
9.54
9.19
24.99
76.35
6.74
9.83
8.89
11.98
11.15
8.35
76.21
8.03
9.56
9.55
8.6
8.98
73.67
7.01
26.25
8.91
7.78
7.1
7.47
9.41
4.78
22.24
75.15
8.61
23.96
25.3
74.55
26.15
10.1
9.51
74.14
10.05
28.69
7.97
9.77
76.32
27.05
7.85
9.01
8.61
23.99
10.61
7.82
12.7
9.69
76.37
6.79
25.84
11.01
27.12
7.55
11.56
11.48
12.83
8.55
27.38
8.47
74.39
11.98
10.68
73.93
6.12
25.47
10.68
74.03
24.9
11.39
4.75
8.52
9.78
6.25
11.48
4.2
75.7
74.35
10.55
5.06
9.4
5.87
4.93
23.31
10.24
10.55
6.17
5.38
5.9
7.46
5.37
10.3
5.29
12.71
10.22
6.72
27.6
76.65
25.19
8.45
9.61
8.75
73.37
11.39
27.92
74.29
23.77
9.14
74.93
11.32
7.77
22.01
76.53
10.46
10.43
10.16
5.06
74.04
75.6
74.65
7.86
8.23
7.14
76.01
6.69
6.95
8.81
5.65
22.52
73.63
9.76
6.25
72.91
22.5
9.09
6.47
10.33
6.15
7.87
7.92
4.09
23.54
8.45
9.95
8.47
75.68
9.87
8.61
26.24
9.53
7.39
7.6
23.53
9.37
11.44
11.15
74.35
6.27
5.8
10.14
7.92
77.52
8.09
70.88
9.12
9.8
10.18
24.26
8.08
9.32
9.63
7.32
23.68
10.02
12.18
6.95
10.15
22.16
8.81
6.22
71.8
76.33
10.3
6.24
8.78
8.14
74.34
10.94
11.01
8.48
6.45
9.97
26.0
7.34
8.64
11.94
23.52
9.89
10.91
23.88
9.71
7.07
8.03
8.75
76.96
3.82
24.52
22.61
75.97
10.37
11.8
72.26
22.53
9.62
7.91
9.54
10.41
71.04
72.95
8.68
73.1
9.6
8.18
74.07
72.58
23.92
7.61
24.11
73.89
72.7
22.07
9.52
8.15
9.48
26.36
10.12
73.39
9.26
25.82
25.39
12.32
24.5
11.09
25.84
29.14
24.48
9.2
9.85
11.5
23.77
9.45
10.1
6.54
10.2
9.13
8.05
73.83
8.04
6.66
72.98
10.48
73.52
12.59
10.76
8.66
22.65
8.14
12.55
8.25
7.45
7.32
10.07
74.17
7.99
8.01
26.44
9.68
10.67
7.39
7.47
11.54
6.06
28.25
74.32
73.41
22.83
6.9
6.6
76.77
7.53
9.29
7.53
7.62
8.35
7.16
8.29
8.68
9.61
6.39
8.77
5.99
7.84
10.27
12.12
8.37
76.75
7.83
11.45
6.93
6.92
9.41
25.08
11.93
73.29
9.33
7.83
76.2
25.4
74.31
9.75
11.1
6.87
7.36
75.51
28.75
7.1
26.19
10.42
8.41
77.44
9.74
9.37
10.08
10.52
73.22
9.52
12.63
27.32
8.42
7.73
25.05
6.78
7.16
10.58
12.32
74.14
9.57
70.24
23.73
7.08
10.54
10.39
24.82
8.39
9.09
8.63
11.1
11.01
11.43
24.85
5.24
10.08
8.23
6.73
9.49
27.53
8.66
3.51
74.18
9.83
24.86
23.69
7.79
10.24
23.85
9.15
9.12
7.44
11.5
7.28
11.62
7.61
74.85
23.06
8.58
8.48
25.68
10.23
5.86
12.88
9.52
24.07
8.31
24.37
24.08
7.98
9.98
22.77
74.4
10.3
11.2
8.83
7.79
9.8
77.85
10.78
10.55
6.53
23.04
13.3
9.17
77.09
8.76
7.54
9.4
11.31
74.22
10.11
9.22
75.92
8.22
8.76
6.74
9.24
4.35
7.45
11.34
74.49
25.48
7.95
12.36
11.78
7.21
9.67
71.35
25.2
6.28
7.01
6.71
25.55
9.16
75.43
23.91
22.69
21.87
74.98
12.9
74.57
7.8
9.67
11.38
6.67
8.55
75.04
9.69
6.29
8.39
8.18
8.04
24.07
7.16
9.97
23.05
11.84
8.67
7.22
22.43
73.96
10.55
25.24
9.67
10.33
10.16
23.63
71.62
6.49
25.92
24.65
73.43
10.44
8.76
26.17
13.05
72.61
7.34
5.8
4.9
10.51
72.96
6.7
8.81
8.78
77.45
11.17
75.9
73.92
9.54
26.97
6.73
11.84
72.95
5.15
6.68
8.18
7.63
71.03
75.15
12.55
9.93
6.9
9.84
75.35
10.02
11.19
5.05
9.29
11.12
74.62
10.82
73.3
9.75
9.53
5.64
11.23
12.27
10.45
10.44
76.55
75.12
25.04
9.81
24.09
10.18
6.9
74.16
6.54
8.53
74.64
9.92
25.6
9.02
11.6
12.8
9.38
6.97
8.08
12.09
10.23
24.55
11.91
11.49
5.85
8.62
77.05
25.95
24.52
75.64
5.71
74.75
7.91
25.23
9.77
9.17
10.13
11.25
79.84
22.58
9.43
6.48
76.2
75.18
7.01
7.07
10.66
75.14
74.92
7.88
10.14
6.6
11.55
9.5
8.16
7.2
8.21
25.34
23.72
6.09
9.22
76.31
9.64
8.79
73.94
9.81
9.66
25.57
9.59
8.55
10.3
24.07
73.29
6.51
9.51
26.42
10.81
74.93
24.77
24.36
11.85
76.25
10.18
11.11
25.11
9.95
11.26
74.0
74.16
9.24
7.09
8.69
10.68
7.63
8.39
10.31
7.51
22.48
22.73
8.62
11.76
26.38
74.87
7.08
8.61
74.99
9.7
9.58
5.58
9.21
5.51
7.82
73.06
8.44
8.36
21.64
7.64
10.62
9.22
10.3
7.11
74.81
74.02
10.52
6.13
11.29
76.89
11.25
6.62
8.02
10.97
72.72
73.89
9.96
7.19
10.85
72.87
11.69
7.32
7.78
25.19
8.64
11.56
5.71
8.88
7.03
7.06
24.33
8.8
8.43
8.13
5.89
8.52
76.61
10.86
12.58
12.64
8.74
7.02
12.9
8.3
8.84
10.17
8.92
23.56
9.96
75.08
11.07
10.04
10.55
8.17
10.6
26.96
74.27
9.23
23.44
7.81
74.86
9.99
6.95
71.14
26.52
10.34
4.15
8.52
75.66
10.16
9.7
24.52
10.3
25.41
76.45
8.14
73.87
26.21
11.12
25.93
8.78
7.24
10.13
76.15
11.15
8.85
9.52
10.17
8.86
9.66
8.77
9.64
25.78
6.7
10.65
74.95
6.8
8.29
74.91
9.78
74.43
10.46
7.9
6.66
7.56
11.15
7.24
73.85
10.63
11.09
9.14
9.21
75.93
6.21
7.49
10.36
7.18
5.42
75.86
9.86
23.51
6.27
73.05
10.31
74.06
10.47
9.84
8.5
8.98
77.82
11.04
73.67
25.38
24.07
75.04
8.68
7.15
77.21
73.8
76.7
25.52
8.07
8.08
8.68
7.49
7.33
9.93
7.99
9.93
12.8
10.49
8.7
8.84
9.23
24.95
9.44
6.23
7.69
10.67
8.23
10.25
9.7
10.27
30.27
73.98
23.99
8.63
11.39
9.45
9.56
7.87
9.97
5.63
23.01
76.11
7.96
23.33
8.9
75.26
75.16
8.37
24.3
12.24
25.25
9.79
7.17
9.53
7.88
71.82
74.27
74.38
11.8
75.29
5.38
24.91
12.4
8.45
11.57
7.48
8.13
25.76
12.11
7.15
6.88
11.36
7.21
10.74
25.42
10.47
7.52
25.3
6.72
23.51
9.69
6.3
9.27
10.11
25.92
4.89
2.79
9.84
23.58
78.26
27.91
8.57
4.76
15.6
9.55
11.77
24.02
73.95
23.38
75.47
75.22
74.55
12.1
71.41
9.7
7.38
10.9
25.26
8.79
11.52
8.03
25.03
10.25
9.19
8.33
8.18
5.11
73.36
9.58
7.98
7.22
7.7
10.11
9.88
74.44
7.25
7.34
9.83
8.77
11.4
12.26
24.51
73.75
6.98
7.95
24.42
7.81
76.05
22.13
27.57
23.44
9.15
9.3
26.41
24.71
11.17
10.19
23.93
6.93
77.9
9.83
11.03
6.17
24.31
6.04
12.55
7.96
7.3
22.0
73.1
6.59
24.43
7.98
7.02
6.85
7.73
25.44
27.36
7.58
7.37
5.84
8.8
9.54
12.63
76.02
8.86
10.53
12.4
7.02
26.29
8.71
9.61
77.0
12.39
23.93
7.48
10.79
11.33
25.59
8.9
8.81
76.27
74.66
10.47
7.87
76.61
12.21
9.71
5.62
10.03
7.78
5.63
76.15
9.41
5.68
75.69
74.49
11.71
11.48
6.87
7.45
9.36
10.02
75.72
76.91
12.44
27.49
8.76
23.43
11.01
8.93
11.28
8.96
7.73
9.52
6.94
11.17
10.79
10.5
10.94
28.77
75.12
9.8
6.14
24.35
74.13
74.31
25.26
25.13
11.08
26.1
10.82
24.49
10.62
9.3
9.95
13.73
6.33
77.16
6.38
74.02
22.62
10.57
26.31
8.57
8.94
7.98
9.94
10.21
73.72
8.53
6.21
6.73
6.12
7.06
10.78
9.28
26.86
7.62
24.66
8.22
6.27
75.53
23.82
10.9
11.52
8.24
73.52
6.84
6.8
7.06
7.04
11.71
10.63
10.65
6.98
10.58
6.0
10.71
22.89
75.91
24.28
13.33
8.74
11.21
7.81
4.97
8.97
77.89
25.93
9.15
10.55
25.75
4.54
14.09
10.11
11.45
11.14
72.96
11.18
6.5
8.6
8.82
77.27
10.06
10.52
24.38
9.56
76.0
10.04
9.2
76.25
26.12
26.98
75.23
9.14
3.91
10.01
9.7
77.66
25.92
8.77
6.33
6.05
24.99
25.8
9.88
6.87
7.43
22.22
28.37
6.71
10.24
76.85
73.51
10.98
71.81
24.36
24.75
7.91
10.15
24.96
6.62
9.63
7.72
9.88
10.35
7.66
6.01
74.92
9.13
26.18
8.68
26.66
7.29
23.6
25.51
8.88
76.89
9.68
8.6
25.32
7.2
6.19
21.6
7.74
9.01
28.39
8.36
76.12
6.64
6.06
6.14
25.12
7.0
6.05
72.87
7.31
7.34
6.22
7.09
7.38
10.94
11.49
8.3
27.23
7.96
10.44
10.15
26.96
77.66
7.33
7.35
74.53
7.98
6.37
9.63
24.19
7.03
7.01
23.66
8.39
24.65
5.69
24.65
8.39
10.57
10.45
6.08
7.7
8.69
9.79
23.55
8.68
9.47
8.63
8.74
8.55
10.02
25.66
9.05
12.23
6.38
9.72
9.34
26.92
8.14
11.45
7.94
74.3
25.78
27.82
7.31
23.97
8.0
10.68
6.56
11.03
75.45
71.83
7.69
72.07
9.13
8.39
8.28
7.56
11.84
9.38
7.17
78.58
6.72
8.48
8.72
9.12
7.31
7.73
75.98
76.77
7.89
76.72
26.49
11.41
8.97
8.73
75.83
9.02
25.43
7.17
11.68
23.83
12.1
23.0
10.13
24.93
75.8
72.27
11.48
10.2
24.31
11.76
6.19
9.06
9.04
74.61
8.76
77.38
74.29
8.98
7.33
8.49
8.89
8.08
7.71
6.88
9.81
10.81
10.45
11.43
8.07
22.82
75.96
7.33
10.27
11.21
10.31
10.58
6.73
76.37
75.33
9.48
6.65
8.64
8.56
6.52
9.15
7.98
9.23
5.57
27.06
8.83
9.0
7.99
5.91
10.01
13.21
9.45
9.34
9.65
8.7
5.68
7.69
7.65
9.57
23.48
74.78
75.17
27.72
5.52
10.27
5.95
74.5
8.26
10.09
24.56
10.06
10.73
7.9
8.04
10.25
20.82
6.11
10.37
6.3
75.98
11.64
7.8
8.67
10.1
5.35
24.37
24.65
8.77
12.7
25.8
10.67
9.74
12.62
75.94
10.9
9.71
7.5
7.95
7.37
10.5
5.44
75.97
8.43
77.72
9.94
73.4
25.89
8.51
10.74
8.35
24.37
9.68
9.52
9.13
25.48
11.05
7.86
11.53
75.53
6.76
10.01
6.91
12.32
8.37
6.25
5.01
7.2
77.59
12.97
8.4
7.03
8.78
7.76
10.61
10.43
73.1
24.81
9.38
9.16
73.49
24.5
10.19
7.56
72.88
7.64
9.14
7.78
74.76
9.57
9.03
25.07
10.31
73.62
10.44
10.29
9.17
11.14
7.13
10.36
26.38
10.58
75.14
5.97
10.18
4.93
9.2
8.16
25.14
6.15
7.44
75.65
7.05
11.41
6.89
20.83
25.84
11.52
9.29
9.86
8.38
9.76
8.86
74.96
28.39
9.16
11.29
11.76
6.95
24.88
73.13
23.92
9.02
27.16
22.93
9.55
27.45
25.63
6.04
74.88
9.79
74.36
9.16
9.02
22.24
76.46
10.7
9.03
10.33
7.19
10.26
10.11
26.02
9.5
6.92
7.6
8.2
73.13
8.51
11.42
23.42
11.59
9.37
11.42
71.77
8.73
6.99
8.95
73.27
12.71
4.25
8.43
8.7
7.75
75.08
23.95
72.24
8.77
7.19
22.22
11.13
9.93
74.36
11.75
23.79
24.38
25.07
75.02
11.8
9.22
8.6
9.78
22.16
73.66
8.93
75.24
8.35
76.29
74.42
9.66
9.96
12.41
9.31
12.73
77.48
7.72
8.06
23.65
10.31
8.75
9.53
7.92
74.69
74.31
72.75
7.54
23.31
9.7
7.47
10.28
9.1
9.92
11.73
73.85
12.34
5.39
78.1
8.58
24.64
12.6
74.5
8.13
78.21
11.12
8.91
8.39
73.57
8.07
11.36
6.71
10.05
8.57
8.63
4.74
11.47
8.17
6.24
25.42
10.59
7.66
11.03
9.23
76.25
74.32
9.5
73.85
75.85
8.22
75.38
24.81
7.1
7.88
6.86
75.24
6.68
10.24
6.01
10.92
6.13
23.45
76.57
9.96
74.16
10.39
26.0
9.93
6.6
4.02
71.6
7.59
10.28
24.09
7.56
8.64
10.33
7.87
73.65
76.45
9.58
10.33
23.02
5.96
22.4
5.54
7.64
6.49
27.16
24.43
10.23
76.82
12.06
77.28
10.44
76.19
10.87
12.15
74.59
27.63
4.82
9.83
11.18
26.8
72.73
24.79
6.94
9.49
5.93
10.84
25.98
8.8
8.48
10.04
71.08
8.56
9.72
9.27
74.46
6.18
76.07
8.62
76.24
74.74
7.51
73.49
11.23
9.15
5.83
23.09
26.94
28.68
24.08
5.98
10.63
14.2
10.47
74.56
8.07
75.66
10.24
7.25
4.98
74.64
24.15
78.4
72.5
73.83
6.09
10.39
10.99
25.89
7.79
75.36
75.8
73.31
10.18
6.01
3.23
21.42
6.89
8.69
73.99
75.02
9.17
26.53
24.1
8.56
23.31
23.58
7.58
9.15
72.82
10.23
8.02
11.38
7.01
6.89
74.9
4.35
9.59
9.16
24.04
7.54
8.87
77.29
73.57
74.22
7.47
