7.73
9.25
8.5
8.75
8.0
10.17
10.28
8.24
9.12
7.24
5.89
8.45
9.71
5.84
8.38
8.36
10.43
9.31
9.68
8.0
9.09
5.71
8.06
8.64
9.84
5.16
6.29
9.54
7.04
7.39
8.34
9.09
6.02
10.05
6.55
5.83
8.9
6.52
7.54
6.31
9.97
7.5
4.46
4.4
6.55
6.85
4.26
9.97
7.55
7.83
8.56
5.52
7.66
5.56
6.91
8.39
5.65
10.19
6.06
6.13
10.45
6.72
4.96
6.99
6.37
7.47
8.29
6.31
8.98
6.12
9.87
10.73
4.1
4.82
7.57
8.36
10.37
8.41
10.05
7.66
8.83
10.46
8.74
7.38
8.15
7.01
5.05
9.39
6.9
4.66
8.93
9.35
4.74
7.19
7.37
5.64
9.59
7.72
8.01
6.51
5.72
9.62
7.73
5.69
6.98
7.89
7.89
7.9
5.18
7.88
6.42
7.97
8.67
5.61
4.84
8.23
8.85
10.06
5.72
4.87
10.81
4.28
6.91
7.45
8.98
9.68
7.9
4.2
10.99
8.48
9.82
6.9
4.37
4.58
9.4
5.49
9.99
5.77
5.81
4.69
4.98
4.89
4.3
5.66
4.16
8.92
8.31
5.21
10.04
6.0
7.75
9.68
6.58
5.76
10.02
4.52
8.55
9.87
8.97
6.62
10.66
4.95
8.98
9.03
8.29
7.4
10.67
7.26
6.33
7.6
9.61
5.14
6.59
7.96
9.9
6.8
7.85
4.86
4.66
5.49
8.8
5.48
10.14
10.29
5.86
4.74
6.88
9.56
4.75
4.69
5.71
8.85
6.62
9.16
6.83
4.55
10.99
8.77
8.42
7.45
4.58
10.9
7.26
4.29
6.4
4.23
7.55
9.28
10.7
9.9
5.9
6.43
7.64
8.8
9.15
9.95
5.57
4.78
5.24
10.6
4.93
6.23
5.37
4.78
7.69
6.66
9.09
6.75
7.89
9.74
7.69
7.06
4.93
7.92
4.69
4.73
7.16
7.64
9.23
7.2
8.35
10.44
10.58
5.85
7.19
7.72
7.13
10.74
6.03
7.63
4.88
8.41
6.3
9.64
4.91
10.16
7.01
6.85
9.34
6.12
10.0
5.94
9.12
4.39
8.91
5.84
9.09
9.79
5.19
5.17
9.22
5.19
4.14
4.43
4.18
10.35
10.06
7.89
7.59
5.71
7.5
10.52
7.99
4.4
4.26
10.1
5.52
4.03
9.21
9.74
6.0
9.82
9.63
7.41
10.57
9.91
4.21
10.3
7.79
7.28
10.7
5.99
7.07
5.29
10.1
4.47
4.11
5.06
8.43
4.82
10.44
8.75
8.78
10.81
4.4
8.57
10.29
8.32
7.22
4.16
5.2
10.45
10.85
7.45
10.29
7.35
5.11
4.6
9.83
10.57
6.87
4.89
9.93
6.4
7.41
10.95
8.75
9.05
5.97
5.8
6.06
8.19
10.56
8.8
6.01
8.49
4.97
6.99
10.22
5.74
7.91
4.54
4.61
4.48
5.47
7.19
10.4
6.44
8.42
7.89
5.02
7.32
4.98
6.16
4.71
5.52
6.6
8.37
4.96
8.16
5.7
4.46
10.42
4.35
9.89
9.04
6.04
9.02
5.84
9.56
4.7
4.23
4.97
9.03
10.77
8.57
10.14
4.19
6.87
8.03
6.84
9.0
5.55
5.84
7.55
8.65
4.91
6.1
5.97
7.39
10.75
6.74
10.01
6.8
6.27
4.64
8.97
6.02
8.91
6.56
4.11
5.11
9.44
5.52
5.61
6.33
5.29
7.77
7.6
8.42
10.77
4.84
6.69
7.5
10.33
8.43
6.95
4.36
9.3
7.9
8.73
6.22
5.8
8.44
6.96
6.46
5.48
6.85
10.54
4.77
5.14
8.24
5.68
10.1
9.95
6.94
8.76
9.43
6.31
6.23
4.02
5.64
8.77
7.1
8.42
5.58
8.27
5.71
8.94
5.1
6.03
5.44
4.18
10.38
4.53
6.91
6.48
5.28
7.11
7.53
5.86
7.68
8.5
7.64
10.29
4.96
9.87
5.02
7.01
5.07
8.23
6.42
7.16
5.15
7.31
9.15
10.54
5.99
7.04
9.48
7.9
9.18
9.49
9.14
10.66
9.12
4.83
9.61
4.62
6.78
6.46
5.1
4.75
6.03
8.8
5.44
10.79
4.04
7.98
7.91
5.92
8.17
7.93
8.82
10.11
4.7
9.85
4.14
4.43
10.35
8.94
8.5
7.62
9.46
9.1
6.41
7.47
7.38
7.04
8.77
9.68
10.69
6.89
8.89
7.94
5.27
6.14
9.94
9.65
9.96
4.3
10.93
7.9
7.54
9.14
4.92
5.6
10.59
5.45
6.36
5.72
7.38
9.63
9.86
6.27
4.52
4.79
9.72
7.0
9.75
4.1
4.24
6.21
5.43
8.52
8.1
10.26
9.52
4.71
10.21
4.84
5.38
7.54
4.78
5.59
7.13
5.74
10.63
5.13
8.01
7.48
7.17
5.64
5.34
6.13
8.15
8.07
9.41
6.12
8.97
10.18
10.01
7.26
8.63
9.82
5.09
10.7
8.22
5.98
7.67
9.16
9.75
6.16
6.4
9.72
9.88
8.81
8.78
5.76
10.69
9.95
10.1
5.37
10.89
7.12
8.77
10.29
4.71
6.23
6.58
9.42
6.07
6.74
6.66
10.38
4.02
4.98
10.5
8.27
4.63
7.32
10.56
9.29
5.79
7.04
7.44
9.35
9.45
6.06
9.08
10.82
4.51
9.71
8.15
6.66
9.53
6.28
6.35
7.5
7.2
4.93
4.18
8.43
6.34
7.66
5.44
7.97
6.32
8.28
8.74
4.02
7.02
9.08
9.18
6.67
9.75
8.55
10.92
7.59
6.63
10.44
6.82
8.48
9.78
7.22
7.09
6.02
10.73
10.61
7.26
6.29
4.89
7.34
10.26
10.08
4.81
7.4
9.71
9.85
10.54
5.42
6.9
10.68
5.9
6.34
5.58
7.77
7.71
9.72
6.89
5.75
9.82
8.55
5.09
7.99
7.22
9.92
8.21
9.54
7.24
10.86
9.6
8.19
9.69
6.24
10.84
6.9
6.59
9.51
8.41
9.38
9.46
8.46
9.91
9.08
8.04
9.33
7.48
7.4
6.38
9.93
6.1
5.76
5.54
8.62
5.4
10.07
8.89
9.53
4.99
4.1
4.57
8.74
4.72
7.31
9.62
6.5
4.33
10.18
8.96
4.25
6.27
6.61
10.08
4.6
9.39
10.82
6.7
4.17
5.68
4.89
9.52
6.46
10.29
10.4
6.58
8.23
10.61
4.6
9.41
4.34
7.11
7.59
7.85
9.94
5.45
7.09
5.92
8.13
7.91
9.51
5.24
9.71
6.44
7.98
5.6
7.34
5.17
8.8
4.32
8.21
9.26
10.17
9.72
10.26
8.3
4.36
10.79
9.45
8.15
7.22
4.68
4.07
7.05
10.81
7.68
6.75
7.19
6.09
10.84
4.93
8.87
7.16
5.07
8.11
8.16
5.26
7.23
10.29
4.8
10.83
4.06
8.36
7.93
4.08
8.34
9.58
4.41
7.51
9.11
9.55
9.76
4.57
8.64
9.04
5.92
10.83
9.03
10.42
8.86
4.91
5.81
6.96
7.0
8.52
8.05
4.6
9.88
9.97
9.96
5.54
6.23
9.15
6.84
7.13
8.18
4.23
4.21
4.42
5.56
10.87
4.69
10.19
4.84
9.16
8.46
9.1
4.61
9.26
6.29
5.76
8.37
4.7
5.69
7.87
9.46
10.08
6.99
10.83
9.42
6.82
6.74
7.08
9.23
6.24
4.72
7.94
8.32
10.58
4.94
7.73
5.51
9.29
6.48
8.47
5.21
8.07
4.11
9.89
8.13
5.54
6.34
5.05
8.71
6.62
10.68
10.26
9.7
5.85
6.04
6.86
10.43
7.32
4.67
5.63
4.33
4.4
10.46
8.32
4.71
8.09
10.8
4.11
9.22
5.23
6.64
4.8
4.05
4.7
8.01
10.31
4.15
4.44
5.14
10.81
5.19
7.29
4.29
9.95
10.63
9.29
7.94
5.74
5.25
7.61
6.03
8.69
5.86
5.19
8.07
9.33
4.52
8.33
9.71
4.04
5.57
6.09
4.1
8.75
6.94
8.53
6.83
5.22
7.61
9.06
5.08
6.48
9.14
8.59
11.0
5.21
6.41
5.39
5.71
5.37
10.92
8.52
4.59
7.64
4.58
6.73
8.48
4.33
4.32
5.75
8.61
10.47
5.9
10.7
7.84
7.52
4.72
10.69
9.54
4.02
9.55
7.87
4.7
8.91
8.66
8.77
10.13
9.32
10.38
6.67
7.94
10.9
8.13
6.96
7.27
9.17
6.56
4.34
10.4
7.37
7.63
6.53
10.44
5.29
6.74
6.66
7.52
10.78
5.4
8.45
7.91
5.84
6.89
6.96
5.62
7.39
5.3
5.45
9.94
10.54
6.73
4.07
10.23
9.54
6.91
8.34
10.4
10.91
7.26
7.28
10.1
9.22
9.57
8.33
6.55
5.34
10.67
5.06
7.13
7.34
10.23
8.97
5.68
5.4
10.63
4.31
10.26
5.53
4.63
5.99
7.87
10.02
8.74
9.41
10.4
4.04
8.56
6.7
8.29
4.37
5.05
9.03
10.17
7.48
5.36
9.16
4.36
9.1
9.66
4.43
6.82
4.86
9.74
9.74
10.46
4.93
9.04
10.22
7.08
6.3
9.0
6.85
7.12
9.05
7.17
9.77
8.94
10.63
7.77
8.61
4.41
9.41
8.35
7.37
10.8
6.77
4.95
5.95
10.38
5.47
10.76
8.76
5.41
4.46
7.31
7.52
6.44
4.32
10.47
8.19
7.39
6.5
8.74
7.7
9.93
7.9
7.65
5.39
4.52
5.48
5.13
9.07
5.79
8.73
8.07
5.76
8.29
8.87
4.13
7.91
9.41
4.8
6.74
6.07
8.47
9.33
10.75
7.48
9.03
7.67
6.51
5.43
10.22
8.09
8.48
8.32
5.66
6.26
9.91
7.14
4.1
7.06
5.63
10.03
7.59
10.96
4.23
7.86
4.37
5.99
5.61
5.98
10.87
5.95
5.15
10.66
8.38
6.01
8.61
9.52
4.12
5.64
8.0
7.58
6.95
4.22
10.66
9.01
10.97
10.12
8.02
6.47
5.15
5.48
10.08
10.03
10.02
10.03
5.3
9.98
4.88
6.9
10.95
8.88
8.53
5.59
9.16
7.83
7.37
5.64
4.87
5.6
7.54
10.75
5.77
8.74
5.23
6.85
5.94
6.42
5.56
10.81
6.32
10.11
6.36
7.59
10.4
5.53
7.23
10.64
9.96
7.78
5.69
7.82
9.85
8.77
7.56
5.71
8.46
6.08
4.09
6.66
5.41
10.26
4.85
6.37
5.5
5.18
7.47
10.87
6.67
7.42
8.46
8.85
7.16
4.56
9.87
7.87
7.28
9.89
8.19
5.49
6.96
8.82
10.9
8.29
5.36
4.12
6.13
6.99
8.36
5.36
4.59
5.57
7.74
4.91
5.07
10.27
4.63
8.89
4.17
8.11
9.77
7.74
5.79
4.14
4.07
9.75
8.4
7.19
7.54
7.72
6.51
9.81
10.96
7.58
7.45
10.49
8.64
8.47
4.43
7.43
8.21
9.73
9.13
10.93
4.55
7.83
4.78
9.63
8.03
5.92
7.08
10.52
9.46
7.72
9.61
4.21
10.28
9.26
9.58
7.75
8.86
8.49
9.69
8.93
7.52
4.6
10.96
6.47
9.32
8.28
10.84
10.75
7.04
9.97
4.84
5.48
8.01
5.48
4.83
5.42
6.33
10.88
4.62
4.6
4.31
5.68
4.78
4.31
7.12
9.63
4.7
4.74
9.68
6.29
7.5
9.47
6.86
4.14
6.91
10.21
4.86
8.73
7.48
7.72
9.81
9.5
10.89
5.18
5.78
9.23
9.87
9.75
7.2
4.76
6.57
5.96
7.58
5.15
8.47
10.76
9.15
10.89
8.98
9.19
7.72
10.64
6.52
9.35
4.01
9.66
6.06
4.59
9.07
7.66
6.0
9.28
6.98
8.55
10.99
4.03
9.94
7.91
6.61
10.66
10.57
4.42
8.87
8.22
8.74
10.64
10.93
5.72
6.06
9.14
8.92
5.02
10.64
9.64
6.32
8.06
9.07
10.18
10.92
8.95
8.1
10.7
7.61
5.6
4.66
5.11
8.14
8.71
9.42
6.12
6.59
9.58
5.02
10.03
5.98
7.22
5.59
5.01
9.29
9.56
6.28
10.31
8.75
7.67
9.94
10.14
8.2
8.09
8.79
7.98
8.05
8.19
6.25
9.28
6.51
8.53
9.09
7.9
5.63
8.05
9.72
4.56
8.61
4.76
8.53
5.95
10.24
6.77
6.69
9.97
10.74
4.2
7.44
7.96
10.48
8.16
8.04
9.18
9.54
7.28
5.13
9.99
5.15
10.86
6.54
10.66
8.91
10.06
10.6
8.69
9.46
5.42
6.67
6.8
5.2
7.92
9.22
5.76
9.08
9.78
4.11
9.88
5.52
4.12
9.61
9.52
4.1
4.5
10.45
10.34
7.66
9.98
6.09
5.08
10.83
8.05
6.07
7.62
8.21
6.32
9.37
4.28
5.69
6.18
9.06
9.58
8.38
6.32
5.83
6.78
7.08
8.16
8.74
6.65
4.84
7.08
6.53
4.42
5.44
6.9
7.87
7.81
5.49
5.62
8.98
6.39
5.33
7.17
7.45
5.4
7.27
9.24
5.2
6.51
4.71
5.51
7.03
10.82
8.89
10.52
4.73
10.59
7.58
5.98
9.91
8.21
4.64
7.75
8.49
4.12
7.85
6.54
7.2
4.76
7.52
10.89
9.17
10.49
5.94
6.68
8.54
9.18
6.13
6.43
4.92
8.75
6.44
4.97
8.44
4.09
10.65
8.49
8.25
8.53
6.22
5.63
7.76
10.61
5.97
9.01
10.81
7.85
7.21
9.24
4.99
4.23
6.46
9.86
4.54
8.14
4.36
7.51
4.91
8.25
6.17
6.59
4.44
9.43
8.22
8.07
8.61
8.65
6.47
5.92
6.08
9.68
5.19
7.41
8.38
7.61
7.87
9.87
6.31
6.42
5.16
9.25
5.45
7.64
9.98
4.69
5.18
5.28
4.94
10.61
9.18
7.18
6.08
4.81
4.17
8.55
7.54
8.15
5.17
8.12
5.43
4.29
10.11
9.79
8.12
10.4
9.41
5.92
10.4
6.72
10.88
8.88
5.46
6.77
8.66
9.52
8.04
9.18
7.37
6.0
8.93
9.77
6.22
6.99
6.36
5.02
9.37
7.57
5.13
6.42
9.19
6.65
4.5
4.74
10.99
7.0
8.45
8.34
5.16
6.79
9.0
6.97
8.12
6.6
5.86
4.13
6.97
6.78
7.22
4.05
7.62
4.83
7.47
6.39
4.31
5.16
5.81
5.63
8.22
4.31
7.11
9.71
6.0
8.23
10.46
9.52
9.82
7.07
4.59
7.41
4.51
7.48
7.48
9.72
7.83
4.7
7.2
9.13
4.73
7.43
7.53
10.52
9.44
5.71
9.65
7.0
7.49
6.59
4.64
10.93
4.61
4.58
4.84
5.94
7.82
9.42
9.35
7.51
9.92
4.15
4.28
8.52
7.25
7.53
5.53
9.86
7.52
5.48
4.97
10.97
9.09
7.73
7.97
4.77
9.05
10.43
10.28
9.52
8.57
5.87
6.41
9.82
9.02
10.93
4.6
6.43
10.16
4.18
6.35
10.82
7.83
6.16
10.51
6.43
4.93
8.05
9.0
4.56
8.35
6.6
4.87
8.45
5.88
5.19
4.66
6.81
8.34
10.83
6.37
8.29
4.82
10.55
9.18
8.98
7.83
7.94
7.13
4.32
4.49
5.34
5.32
4.4
7.48
7.56
8.2
9.51
10.55
10.64
10.3
9.19
8.69
4.82
8.59
5.1
9.22
5.13
8.77
4.51
6.19
6.62
6.2
6.18
7.73
9.77
10.11
4.51
5.35
6.17
8.79
6.82
7.34
9.49
8.49
8.11
8.06
5.4
4.77
6.29
9.38
9.97
9.58
5.1
10.43
6.71
9.86
8.38
9.55
4.21
7.04
8.24
6.59
9.53
9.07
6.73
7.07
7.44
7.82
6.09
5.6
4.79
4.98
7.27
8.65
8.66
7.2
8.33
10.71
10.88
9.91
10.4
4.95
5.95
10.68
4.91
10.12
7.07
10.82
9.02
6.36
4.83
5.67
8.93
6.25
10.64
7.74
7.67
9.65
9.58
8.81
10.66
8.06
10.3
7.29
9.33
5.64
9.95
6.47
9.08
6.26
10.67
5.33
7.69
6.76
7.74
5.61
7.53
4.92
5.62
8.7
7.28
7.48
10.52
5.51
7.86
7.72
7.12
9.81
7.97
9.74
10.02
4.5
10.56
9.34
7.39
9.74
5.61
9.74
7.89
7.11
8.0
9.02
5.94
4.68
10.35
10.65
8.37
7.57
4.38
6.91
6.38
6.68
9.04
6.53
9.54
10.94
7.82
5.94
10.7
9.12
5.57
10.96
4.07
8.03
8.79
5.28
4.36
4.05
10.48
8.08
5.2
8.31
4.02
6.62
9.38
4.7
8.23
6.21
4.69
9.77
7.84
9.54
10.78
5.28
4.96
10.87
5.63
6.99
9.85
5.61
8.98
9.51
7.47
7.41
5.6
8.38
5.41
5.84
8.17
5.94
7.25
10.65
8.16
9.26
8.92
10.67
4.75
5.29
8.8
9.92
9.23
5.03
8.76
8.4
7.76
7.95
8.25
5.27
6.33
8.29
4.56
8.97
9.22
5.01
5.99
5.62
5.47
6.57
9.28
6.85
7.74
4.86
8.3
10.99
9.1
7.39
7.3
10.46
6.85
9.08
8.27
8.39
4.59
8.66
8.49
9.19
8.74
10.16
10.98
5.34
10.22
6.04
5.83
5.57
7.82
7.69
9.95
7.07
9.48
10.82
5.36
4.59
6.45
10.71
9.48
7.18
4.65
6.07
10.21
5.08
8.58
8.29
6.17
8.13
9.16
4.41
9.58
7.22
5.55
7.77
4.41
9.89
10.95
8.74
6.23
10.25
6.18
6.53
10.46
8.34
6.66
7.09
8.76
8.57
6.55
4.84
6.95
8.69
5.86
10.19
6.38
5.43
6.94
5.66
7.18
4.62
7.06
9.17
5.98
10.89
5.29
6.4
7.44
9.9
7.04
9.15
4.11
4.18
4.27
4.16
5.43
8.17
9.53
7.97
4.57
8.93
7.87
6.21
5.24
4.57
7.46
9.89
4.7
4.74
5.92
6.66
10.95
7.78
9.8
5.58
10.37
9.21
6.34
9.28
10.21
6.52
9.82
7.12
9.22
6.06
8.84
10.13
7.36
9.45
7.9
9.94
5.66
4.16
8.69
9.44
4.55
8.61
5.47
10.93
9.48
5.08
7.33
9.51
7.65
10.85
7.03
10.21
4.65
7.84
10.97
8.75
5.08
8.62
6.98
8.93
6.46
7.46
5.52
5.13
6.09
9.43
9.55
7.8
5.31
9.66
10.07
4.72
6.9
7.86
9.64
8.42
6.88
7.25
7.0
4.89
9.5
4.45
8.8
5.07
6.93
4.85
8.14
10.31
8.26
6.75
10.57
6.08
5.79
9.01
10.7
9.45
6.7
5.93
7.24
9.19
5.96
9.88
8.45
7.38
4.63
6.94
5.68
7.56
8.58
6.23
9.69
10.07
5.65
4.19
5.2
7.18
8.71
8.18
8.08
5.62
5.12
4.25
7.02
6.11
7.84
8.22
6.02
7.87
8.26
10.16
5.02
6.69
6.22
5.78
6.98
10.6
9.9
7.66
6.79
7.02
5.77
8.6
5.85
4.78
6.25
7.41
9.1
7.41
4.24
8.93
9.42
4.72
9.05
8.6
6.73
9.57
8.97
7.98
9.34
7.05
8.26
4.29
7.16
8.24
4.03
6.78
7.74
6.59
6.54
10.01
10.75
4.68
10.37
6.65
5.66
5.05
9.23
9.06
4.66
10.72
4.51
7.48
8.52
10.22
5.89
5.87
9.47
6.88
5.44
4.15
9.22
4.11
8.46
7.0
8.44
9.32
8.53
7.26
10.35
4.03
4.33
7.41
5.73
7.01
6.01
5.62
10.46
5.52
4.64
5.58
6.99
5.56
4.68
5.88
10.35
9.27
5.63
8.25
9.99
10.8
4.52
5.43
10.6
10.19
6.09
5.38
9.71
4.74
8.34
10.35
5.26
4.88
8.5
8.3
4.47
6.53
10.49
5.61
7.7
6.47
10.33
7.64
7.15
10.24
8.51
6.5
10.95
10.41
5.85
4.24
4.85
5.08
9.14
6.63
6.37
7.91
4.95
5.93
7.39
7.28
8.28
6.17
6.68
4.44
8.54
7.5
4.29
7.53
5.83
5.03
4.04
10.87
10.64
9.77
5.51
10.08
10.28
4.57
7.65
4.75
7.73
9.91
8.39
4.44
4.07
4.66
10.36
10.9
7.38
6.5
6.41
6.97
6.77
9.37
7.7
4.6
4.62
4.78
6.72
5.88
6.59
4.66
10.35
9.8
7.92
8.0
7.53
5.6
8.58
4.64
8.09
7.08
4.4
7.03
8.14
4.56
6.09
5.42
4.17
4.57
5.32
8.2
10.6
8.6
10.86
10.77
7.64
5.55
10.39
7.75
5.06
6.65
6.34
6.52
4.7
7.23
7.68
10.14
4.45
9.68
8.4
10.77
9.8
7.16
9.46
10.46
7.47
5.86
6.83
6.96
8.21
6.98
8.2
4.23
6.64
8.68
4.78
5.5
9.12
8.63
6.42
10.95
6.18
5.73
6.39
9.26
4.65
6.01
8.26
10.05
7.05
6.66
6.46
4.37
10.57
4.31
7.93
9.55
10.0
5.29
4.23
9.38
4.43
7.06
6.48
4.94
7.72
5.06
8.65
9.58
5.62
9.18
8.53
5.89
5.37
10.12
5.41
4.55
6.23
10.33
8.1
9.03
5.53
7.46
9.54
6.59
9.01
8.08
6.35
6.9
9.15
9.24
10.24
7.77
7.11
9.47
6.7
8.15
9.32
10.47
10.22
8.62
4.14
9.17
6.32
9.83
4.19
4.79
8.83
5.86
6.22
6.8
5.33
10.02
4.62
5.19
6.67
6.63
4.36
6.37
9.35
10.23
4.87
8.56
10.49
6.1
10.14
5.1
10.03
6.99
9.78
5.47
4.48
8.17
5.86
9.65
9.77
9.06
7.48
10.46
8.1
5.26
8.07
8.03
8.48
4.7
8.82
6.82
8.27
10.45
6.37
7.86
9.39
4.85
6.48
4.95
9.88
9.4
6.22
4.21
6.87
4.12
6.05
5.47
5.63
8.83
8.96
8.94
9.74
9.55
8.39
5.59
6.48
6.88
8.95
7.75
9.2
5.11
5.63
4.4
8.1
10.76
7.8
5.54
8.31
8.76
8.04
6.6
9.81
7.44
10.92
5.7
5.56
4.53
6.79
5.74
9.83
7.64
4.42
6.5
8.87
7.4
6.46
5.09
8.66
5.24
10.09
10.93
7.87
4.82
8.8
4.93
10.31
8.1
9.6
8.37
7.68
7.68
9.18
10.32
5.53
4.8
4.39
10.07
4.86
8.4
6.19
7.94
4.59
8.06
10.15
5.86
6.25
5.53
4.91
4.51
8.69
6.43
7.21
6.25
9.21
8.78
8.66
9.36
8.08
4.68
6.96
6.22
6.4
5.37
5.13
7.26
10.8
4.16
5.98
10.76
6.5
8.58
5.87
7.79
5.21
7.77
7.35
9.84
9.63
5.28
10.58
6.73
4.35
4.54
6.93
10.21
5.09
7.36
7.77
10.24
4.09
10.23
5.89
10.1
6.97
6.29
10.93
9.48
7.4
6.62
6.24
8.84
6.92
8.55
6.91
6.6
6.32
10.43
9.36
8.59
8.66
5.28
10.55
4.74
5.57
4.17
6.58
6.15
9.89
8.67
9.55
5.04
8.0
7.43
6.98
10.95
7.13
4.75
4.23
9.59
4.07
10.43
5.46
10.17
9.56
5.47
9.85
6.25
5.46
5.5
10.12
4.1
9.18
9.62
6.59
8.94
10.34
7.8
8.57
8.9
10.73
6.94
7.91
7.27
6.21
10.6
7.43
10.52
10.94
10.0
5.16
4.27
7.79
7.77
8.23
4.4
6.03
7.48
7.6
10.63
10.76
10.23
5.75
8.49
5.92
10.65
7.54
9.8
6.75
6.67
4.24
7.22
8.51
4.91
5.29
10.8
9.12
10.36
7.33
5.25
5.16
7.79
9.01
10.41
6.85
6.28
10.54
7.18
7.64
7.14
9.38
4.5
9.85
6.74
10.76
6.1
7.29
6.96
9.61
8.7
8.53
9.0
10.71
7.35
8.56
8.79
10.0
6.02
9.64
7.49
4.11
5.07
9.88
5.88
6.08
9.15
8.8
7.15
9.11
8.27
5.28
5.94
4.45
8.63
4.39
9.2
7.73
7.07
8.18
8.34
8.09
8.99
8.45
7.38
9.81
10.82
8.29
8.98
7.56
6.81
10.03
5.36
8.83
4.96
9.37
5.64
8.25
4.98
4.0
9.19
10.13
9.6
4.93
5.64
9.77
4.12
7.7
9.85
5.37
5.01
5.27
9.29
10.76
5.48
4.76
5.9
4.78
4.04
7.15
9.26
6.18
6.32
5.59
4.92
4.47
7.99
9.35
7.53
9.91
7.23
4.5
8.23
9.01
4.86
7.66
6.08
10.74
5.48
8.78
6.16
6.91
9.79
10.98
4.85
7.22
8.34
6.75
4.92
4.17
4.22
7.48
6.88
10.85
10.38
8.28
7.32
8.01
7.25
6.43
8.27
10.51
8.52
5.24
7.33
5.21
4.84
6.31
5.39
10.55
4.39
10.75
9.89
5.83
4.65
7.97
5.72
5.75
8.02
7.2
7.55
6.23
6.27
11.0
6.75
5.56
8.93
9.49
5.65
4.77
6.06
7.68
6.67
5.08
4.17
7.54
10.09
8.17
10.08
9.36
6.4
6.89
10.04
8.94
7.92
10.63
4.33
10.0
6.23
8.54
10.41
6.48
7.47
6.26
8.93
4.91
9.27
9.46
4.46
6.8
8.88
4.66
9.55
8.5
7.24
4.66
4.5
5.72
9.53
10.23
5.73
6.13
5.19
8.8
4.19
10.52
5.93
9.39
10.75
5.03
4.87
5.93
8.13
4.01
8.24
8.04
4.32
7.66
9.84
6.1
9.73
7.1
9.89
7.3
10.31
10.4
4.05
6.7
10.21
4.1
4.71
7.02
10.86
10.49
8.1
5.77
8.49
6.26
8.57
5.19
8.21
8.84
9.0
10.84
4.18
4.54
8.24
7.38
8.4
8.86
4.24
7.38
7.48
8.35
6.51
4.48
6.26
5.52
9.5
10.16
5.22
8.27
5.41
9.82
9.4
8.07
6.22
10.88
8.52
9.17
10.16
9.77
9.75
5.78
6.21
6.75
10.42
4.4
5.81
7.1
9.01
5.14
7.55
6.35
5.51
4.43
9.75
8.79
5.97
6.72
7.84
6.25
5.31
5.47
9.95
7.39
7.3
6.71
9.06
9.81
9.04
7.39
5.4
7.79
9.08
6.89
10.94
10.55
10.53
8.16
7.87
7.74
7.29
5.13
10.14
9.72
9.2
8.83
7.27
10.97
7.09
5.84
6.33
9.01
6.11
8.68
8.98
10.33
7.22
7.43
4.48
5.23
5.77
10.52
8.49
10.32
6.19
6.31
7.49
8.62
5.03
5.21
9.62
10.04
4.05
8.97
6.51
6.4
7.9
9.28
10.5
4.07
5.86
6.71
4.55
4.25
10.95
8.52
5.88
6.63
8.95
5.02
6.97
10.04
5.9
5.21
10.19
10.65
10.16
10.46
6.85
7.28
8.34
4.41
8.77
7.8
10.56
7.81
10.94
10.79
6.81
4.24
9.65
9.97
7.87
9.13
7.34
8.43
7.59
7.36
9.74
5.26
6.97
8.72
10.9
8.0
7.85
7.56
4.36
8.56
10.75
9.06
6.24
8.6
7.53
8.67
10.98
8.27
4.13
5.78
6.96
4.49
7.24
7.16
10.14
6.02
6.85
5.65
9.6
9.54
10.61
9.82
9.65
5.65
8.78
4.29
4.16
6.13
10.08
5.93
10.5
5.54
4.33
8.16
9.72
7.99
7.54
7.07
9.01
10.76
6.2
6.4
4.47
5.16
7.68
6.21
9.74
8.36
9.12
7.09
4.7
7.94
5.81
7.66
4.78
9.45
6.8
8.66
7.45
7.27
6.67
7.38
8.29
5.57
9.0
7.4
8.32
7.31
5.15
6.29
6.38
6.84
6.23
8.72
10.96
8.94
10.71
9.17
8.11
8.94
9.72
9.84
4.9
8.38
5.12
9.11
4.04
8.49
4.34
10.31
9.21
10.45
7.4
4.02
10.54
5.88
6.34
7.87
5.52
10.72
4.91
6.34
10.73
10.94
8.49
9.49
8.04
7.25
6.42
5.65
5.86
7.41
10.6
10.09
6.29
10.66
5.1
7.8
8.83
10.59
5.65
6.16
4.82
6.35
9.86
6.91
10.92
6.78
9.02
6.8
5.67
5.25
5.22
8.52
4.51
8.47
6.91
8.64
4.16
4.96
10.11
11.0
9.89
4.88
5.41
5.23
10.07
9.79
6.88
4.87
10.22
8.07
10.84
5.98
4.26
10.88
6.47
7.14
4.61
8.15
5.82
8.77
9.32
6.01
7.09
6.42
10.85
9.94
6.95
7.6
10.89
5.9
10.2
10.59
7.22
5.73
5.09
4.51
5.27
6.36
9.41
6.72
6.54
9.91
8.16
7.22
8.41
7.92
7.11
6.8
10.19
5.29
5.1
9.61
4.84
10.79
5.95
9.97
8.53
9.66
6.8
5.42
10.64
9.51
5.05
7.1
6.31
5.08
8.15
9.18
5.64
7.85
5.41
8.63
8.89
7.52
8.65
8.89
10.39
9.84
9.75
4.15
5.84
5.35
10.96
7.95
5.22
7.99
8.86
9.76
5.95
7.9
6.11
7.15
6.85
5.5
6.05
5.8
9.68
5.02
10.8
6.81
5.58
9.34
4.64
9.71
6.18
5.2
9.91
8.17
7.77
6.09
7.5
9.47
7.34
8.42
4.27
8.15
5.62
9.15
6.19
6.06
6.9
4.82
9.27
8.4
5.96
9.41
10.73
10.0
6.9
6.06
4.06
5.81
4.81
9.8
9.44
7.3
4.82
7.64
7.71
8.42
7.68
4.7
8.47
10.93
8.43
6.54
8.35
7.91
4.67
8.44
8.57
6.45
6.11
7.48
5.01
4.64
9.28
5.28
5.74
6.67
9.03
7.97
7.2
10.89
7.3
8.11
4.58
5.9
6.05
5.56
6.07
7.39
9.99
8.51
9.59
7.41
7.98
4.48
4.99
9.82
10.95
9.48
5.38
4.17
4.28
5.88
10.17
5.49
8.5
4.97
8.95
5.03
6.69
5.44
5.94
8.97
7.93
4.71
9.84
8.22
5.98
6.79
10.17
6.28
5.96
5.47
9.52
5.79
7.32
4.07
10.71
9.83
8.57
6.15
5.31
7.07
5.57
10.56
9.13
8.83
8.75
9.36
4.31
5.81
8.03
5.53
8.2
10.71
6.33
9.3
7.03
9.02
4.44
6.55
9.08
9.92
6.92
7.86
10.76
7.18
5.65
4.14
10.45
4.38
5.67
10.0
10.58
8.66
5.81
5.88
7.54
10.54
10.63
7.01
6.25
6.71
5.64
5.2
8.79
5.82
9.81
5.73
7.85
8.97
8.57
4.79
5.92
4.12
8.13
8.31
7.33
8.44
9.96
5.78
7.77
4.95
5.64
6.13
8.98
5.03
8.87
4.66
8.76
9.48
10.31
9.81
8.48
9.51
9.03
7.31
9.51
4.04
9.63
10.47
10.4
10.99
5.95
4.96
7.45
6.4
7.2
6.54
9.99
7.8
9.55
6.09
6.76
6.0
10.8
7.12
6.87
9.88
9.3
10.44
9.28
6.43
6.11
8.79
4.91
4.62
9.56
8.45
5.53
8.69
6.17
5.99
5.91
7.55
10.59
10.64
7.82
10.08
7.54
7.44
4.27
9.22
8.46
6.57
5.03
10.93
9.72
8.39
4.12
10.09
8.27
5.11
9.7
8.23
7.72
4.98
5.78
8.83
6.45
6.43
5.26
5.44
8.72
10.45
4.38
7.45
10.69
7.75
6.96
6.03
9.28
10.27
10.93
6.16
4.89
9.07
9.82
10.11
8.23
10.72
4.78
6.16
6.1
6.79
9.26
4.14
4.12
4.96
5.3
10.92
5.81
7.2
4.2
10.51
4.33
10.32
5.4
10.36
6.31
7.34
8.98
9.2
4.24
4.14
6.25
7.58
10.11
5.27
6.61
7.05
7.41
8.93
10.37
4.9
7.29
10.89
8.19
9.94
10.23
4.5
7.37
10.73
5.04
5.32
7.54
4.93
10.02
9.34
9.95
6.84
8.53
6.29
4.44
9.42
10.8
6.0
6.01
5.45
6.99
6.63
10.19
9.53
10.16
10.44
8.75
8.5
7.26
4.58
7.12
6.54
6.65
7.51
7.69
5.51
5.92
5.42
9.15
10.75
5.71
10.05
9.11
6.14
7.67
8.27
9.4
7.81
8.59
6.24
4.86
4.42
6.04
8.67
4.62
9.17
6.85
7.28
5.49
8.88
10.79
6.81
4.81
4.12
10.06
8.94
9.92
6.75
8.43
6.71
6.3
8.13
5.53
9.1
8.44
6.85
6.0
6.52
6.18
6.53
4.11
6.38
7.79
7.38
4.99
10.63
5.29
8.05
6.6
8.71
7.05
4.29
8.44
10.48
10.09
6.3
6.28
8.11
5.38
8.39
9.61
5.42
10.71
7.52
5.52
4.47
6.01
7.31
7.35
5.43
5.81
8.75
9.42
4.75
8.66
10.41
4.25
8.29
8.08
5.65
9.77
4.05
10.5
8.19
7.44
9.18
10.6
9.75
7.97
4.88
6.66
10.11
9.96
6.94
7.31
8.79
7.08
4.63
9.11
8.55
5.39
9.62
9.72
5.73
4.99
5.37
7.45
6.24
8.71
7.65
8.7
5.55
8.14
10.18
8.09
8.82
10.65
10.21
5.57
9.71
10.86
9.52
4.9
8.34
8.57
5.03
7.89
10.46
6.07
9.65
8.5
8.72
6.1
9.3
8.46
7.67
7.43
6.15
5.41
9.37
5.4
5.17
9.96
4.56
5.07
4.64
10.71
4.73
4.04
8.29
8.99
5.24
6.44
6.17
9.07
6.76
7.7
9.43
7.45
9.08
7.97
8.99
4.63
10.85
4.61
8.45
4.16
7.62
4.67
4.63
5.99
5.69
4.96
8.05
10.2
10.42
6.03
10.05
10.77
6.19
10.56
6.98
7.25
7.36
9.12
5.82
5.68
8.41
7.9
4.5
10.32
6.03
9.26
8.05
8.01
10.01
10.16
7.92
7.0
8.34
4.84
6.94
8.63
9.34
9.05
5.22
8.28
4.63
8.17
9.22
8.42
8.37
8.57
6.93
6.69
7.11
5.48
7.18
10.33
6.04
7.02
8.52
9.37
4.06
8.65
5.0
9.21
4.95
9.25
10.62
5.56
4.06
4.78
10.44
7.29
7.76
5.07
10.91
5.28
8.22
7.99
4.46
10.98
7.85
5.09
9.28
6.75
8.69
5.56
10.46
4.29
4.14
10.05
7.81
6.39
4.99
4.42
6.07
9.68
5.35
10.86
9.54
4.08
7.85
6.77
7.11
7.1
9.96
8.8
6.03
7.61
7.41
6.01
8.34
8.42
4.75
4.62
4.21
8.15
10.97
10.36
7.23
6.23
9.13
6.35
4.24
7.62
6.24
4.31
9.32
8.01
6.44
6.92
4.55
4.87
6.93
5.06
5.33
6.58
7.67
7.9
7.43
4.51
4.56
5.44
10.13
4.78
9.06
9.74
4.73
8.18
9.38
9.62
4.2
7.75
5.3
10.23
7.25
6.91
5.45
5.37
10.94
4.47
4.29
5.86
6.57
6.72
5.34
10.57
10.31
7.48
9.28
5.57
9.98
6.88
4.93
9.55
7.37
8.25
10.42
8.01
5.86
6.4
10.0
9.69
9.18
4.9
5.36
8.92
5.95
8.98
8.85
8.12
10.92
10.12
4.84
9.13
9.94
10.1
7.6
10.0
9.98
7.88
7.79
8.31
5.1
9.17
10.23
7.92
9.16
7.66
7.93
8.04
5.79
9.36
6.92
4.42
7.39
4.87
9.59
5.2
10.32
10.22
10.22
6.22
6.22
6.54
10.17
6.67
7.96
10.8
8.89
9.58
7.21
9.3
9.59
8.78
11.0
4.55
9.83
5.52
8.39
9.72
8.55
5.92
6.15
8.2
10.34
8.6
6.97
10.05
6.09
7.69
6.17
9.5
5.4
8.59
8.62
10.52
7.09
7.47
8.19
4.89
7.19
5.05
9.51
6.29
7.06
5.98
5.8
10.91
9.83
7.14
9.8
8.74
6.87
4.2
10.39
5.59
9.07
9.71
8.11
8.6
4.48
7.92
6.08
7.98
8.23
4.51
7.06
9.93
4.85
9.24
7.86
8.3
4.15
10.05
10.32
8.36
10.92
6.11
5.46
5.03
5.26
4.24
8.92
9.41
4.08
5.64
5.53
8.44
9.51
9.03
9.33
8.99
9.32
7.93
7.82
9.76
8.29
5.02
10.06
7.37
5.76
6.63
7.99
6.76
8.15
7.93
7.86
7.96
6.23
10.03
7.73
4.32
6.06
9.02
8.66
5.36
10.99
8.38
6.29
6.75
10.44
7.02
5.69
6.41
7.71
5.1
4.36
6.83
10.27
10.49
9.83
5.19
4.34
7.7
8.74
8.59
5.89
6.37
10.77
6.99
8.54
7.5
9.98
9.86
8.54
10.52
5.45
7.76
5.64
4.72
9.4
8.29
4.73
10.92
4.59
8.81
8.23
6.9
10.03
6.45
9.76
8.15
6.75
6.41
5.83
4.12
8.35
7.18
6.36
5.23
4.01
8.73
10.02
6.46
7.79
8.19
5.73
7.42
8.66
10.13
9.65
10.09
10.98
5.84
9.09
7.93
8.1
6.03
9.94
9.52
9.75
10.98
6.16
10.82
5.47
4.63
4.07
5.64
6.19
6.16
10.51
6.19
8.61
10.9
6.06
10.83
9.34
9.69
7.98
9.44
8.27
7.39
9.98
9.75
6.77
4.29
10.48
9.48
10.0
4.17
10.12
7.28
10.37
8.84
6.98
4.87
7.9
8.96
10.33
10.2
5.81
4.53
7.29
5.94
6.22
8.67
9.23
9.13
9.72
4.3
10.76
6.37
6.57
8.42
5.58
8.74
5.84
8.91
9.72
10.3
6.86
9.65
7.26
5.72
9.12
6.06
5.2
4.85
6.78
9.22
9.7
9.84
7.0
4.26
5.25
5.37
7.53
10.41
4.91
4.24
4.0
10.3
9.75
10.74
8.9
8.27
4.86
8.03
9.54
10.09
10.09
6.12
5.33
5.04
8.51
4.49
10.09
9.65
4.05
8.11
8.43
10.34
7.74
4.36
8.78
6.45
7.57
5.68
10.02
8.12
9.22
5.05
7.96
6.11
4.18
9.1
10.85
9.1
4.59
8.41
9.8
5.13
10.87
8.37
10.87
8.41
8.68
9.32
9.63
10.15
9.26
7.22
5.78
6.78
10.44
10.04
6.54
6.96
6.06
8.35
6.52
9.62
7.33
5.54
7.12
9.15
7.18
8.0
10.4
8.99
10.98
4.54
9.25
9.13
4.76
10.76
9.92
7.58
5.54
5.3
4.89
5.35
10.47
8.44
4.87
10.45
4.38
6.86
9.2
9.75
9.9
10.62
5.88
6.68
8.44
10.14
8.21
5.9
9.61
10.31
4.06
4.04
10.68
7.9
4.62
6.5
7.97
8.38
5.14
9.88
7.81
7.68
7.79
4.44
9.27
4.56
7.24
8.12
5.48
7.38
6.01
8.97
7.74
4.65
8.2
4.95
4.02
5.02
4.03
10.92
8.44
8.38
10.53
4.89
4.19
8.78
8.32
10.33
6.26
7.87
7.95
5.8
6.52
6.44
9.91
6.63
8.36
6.62
4.59
10.48
4.55
4.07
5.9
5.94
6.03
9.61
6.01
8.42
4.05
10.25
5.82
7.76
7.98
5.68
8.14
10.07
6.32
10.54
5.64
4.83
6.45
10.25
5.13
6.91
8.37
9.71
10.34
10.94
9.92
4.07
6.75
9.98
10.83
4.42
6.38
8.56
6.86
5.1
10.3
6.13
5.79
8.0
9.91
7.34
4.79
7.14
4.69
5.22
7.05
4.8
8.69
7.81
6.4
5.11
7.59
9.59
9.24
10.81
7.5
8.42
5.7
9.4
7.5
7.31
6.09
6.23
5.45
10.62
5.67
4.27
6.96
10.78
4.21
5.81
5.75
7.73
9.3
6.9
6.3
5.99
10.42
10.58
8.06
10.17
10.91
7.96
6.08
6.35
8.29
6.67
7.57
5.61
10.96
5.34
10.4
10.08
9.67
10.56
9.64
6.47
5.19
7.53
4.04
10.64
9.99
9.75
6.5
4.8
8.98
8.54
9.76
7.57
5.06
9.72
8.92
10.71
4.63
8.11
8.46
11.0
9.83
6.19
7.31
6.5
10.42
7.67
10.31
6.53
5.26
7.79
10.91
8.4
4.39
4.24
7.01
4.26
4.73
9.27
9.31
5.29
9.96
5.23
9.35
8.22
10.0
9.27
4.0
4.43
4.23
9.83
8.17
10.78
6.72
5.25
6.38
5.89
9.94
5.86
4.93
6.33
9.58
6.8
8.31
5.44
4.53
5.64
9.74
8.82
4.58
5.5
5.62
5.97
8.62
5.16
4.83
7.59
6.29
5.55
5.22
5.83
4.27
6.18
6.68
5.58
8.52
10.01
9.17
5.39
4.91
10.47
7.18
10.05
8.56
9.11
5.36
9.55
6.82
6.59
8.31
5.94
5.89
4.55
6.77
8.27
5.85
10.26
10.83
5.02
7.68
6.11
6.75
7.1
7.16
6.64
6.5
4.54
6.72
10.92
7.21
6.59
9.33
10.23
8.64
6.52
6.83
6.93
4.72
7.76
5.3
8.68
9.31
8.12
5.95
9.74
5.41
5.53
4.96
9.32
7.81
4.77
8.14
10.01
7.16
9.81
10.55
5.87
7.95
10.24
8.27
7.05
8.17
9.23
5.92
5.0
5.33
9.09
4.78
6.26
9.84
10.2
10.78
8.26
5.67
8.66
5.32
5.68
10.5
4.07
7.85
4.41
5.56
6.48
4.76
4.24
6.49
7.58
9.65
6.37
6.18
4.08
8.32
9.36
4.03
4.04
10.06
5.94
7.68
8.61
8.51
7.91
5.4
9.3
7.98
6.25
8.85
5.06
6.57
5.39
6.52
7.88
7.21
8.0
6.12
4.63
4.8
6.54
6.94
9.05
6.04
8.97
8.26
5.99
10.83
5.87
7.71
9.89
5.52
4.48
7.42
8.33
4.88
4.75
4.57
8.6
10.54
10.47
9.66
6.62
8.0
11.0
9.83
4.61
4.02
6.69
4.19
9.33
8.26
8.64
10.47
10.9
6.26
4.98
4.18
10.1
6.02
4.24
8.18
6.81
10.1
4.71
8.17
9.53
10.06
4.5
9.48
9.57
5.83
6.11
10.44
8.39
4.21
9.73
10.8
6.87
9.27
9.07
6.81
7.17
8.35
5.22
7.55
6.35
4.59
5.4
7.51
10.35
10.02
10.42
5.71
9.79
6.4
10.74
5.82
6.32
4.06
10.46
8.3
6.19
5.01
8.52
4.67
5.02
7.54
4.93
4.64
8.86
7.23
4.35
4.34
10.72
4.38
7.11
6.73
7.52
10.16
8.73
9.45
7.0
7.95
4.48
4.5
10.09
7.55
4.76
4.52
10.44
5.19
7.02
9.48
10.07
10.05
10.18
5.05
7.0
8.62
10.31
7.0
8.35
10.72
10.75
8.67
7.52
8.01
10.31
8.85
5.69
5.36
5.17
8.18
8.45
4.56
9.23
7.86
6.09
10.69
7.46
7.34
7.09
7.92
4.33
4.33
7.24
9.36
7.64
10.45
8.46
4.06
7.13
7.86
4.12
4.75
10.99
8.73
8.73
7.99
10.27
6.02
9.97
4.68
10.82
9.72
4.02
4.42
4.59
8.79
8.79
4.57
7.14
5.66
6.79
5.67
6.91
8.5
5.08
5.53
6.5
10.86
8.45
10.41
9.99
7.91
5.93
5.8
7.98
7.9
7.92
6.57
8.95
6.86
6.46
7.54
10.26
8.94
9.7
7.74
7.81
10.02
5.02
10.73
7.64
6.28
6.2
4.29
6.02
7.0
8.9
5.95
8.6
8.2
7.13
4.07
8.12
4.77
4.09
4.7
5.35
7.4
9.27
10.61
6.0
7.92
10.97
8.11
8.13
5.14
6.19
5.33
10.48
7.25
6.5
9.13
6.43
10.08
8.73
4.31
7.92
9.76
10.59
6.12
6.04
7.82
4.12
6.07
9.37
10.04
6.75
10.41
5.98
4.27
5.16
10.07
10.78
8.25
9.11
9.84
5.34
7.85
10.57
6.49
10.93
8.94
8.7
4.21
4.07
5.11
10.53
9.55
7.61
7.44
4.9
6.71
5.05
5.91
4.04
6.67
8.69
8.81
6.92
9.11
6.97
10.32
6.21
8.22
4.71
7.5
6.65
5.8
6.22
6.23
7.39
9.9
7.41
5.46
4.48
6.45
5.1
9.85
10.96
9.94
6.69
4.57
8.97
8.68
4.47
9.52
9.77
9.02
9.09
8.83
7.05
8.31
8.32
7.76
8.23
6.8
8.75
5.59
9.97
9.96
7.49
7.48
6.79
4.32
5.0
9.0
5.0
6.88
6.48
5.54
7.7
6.54
9.32
8.47
7.36
8.03
7.02
9.48
10.72
9.37
10.03
9.49
6.85
9.98
4.27
10.2
7.29
6.31
7.68
8.82
8.31
8.33
4.7
9.1
8.98
4.81
4.31
10.88
9.22
8.24
6.21
5.93
4.95
8.26
8.03
10.55
8.39
7.16
10.28
8.3
9.0
8.39
5.19
4.87
8.37
10.4
10.75
10.97
9.91
6.55
8.29
8.26
7.76
9.19
5.19
5.32
10.61
9.88
9.73
7.38
7.97
8.37
6.06
6.06
5.26
7.92
5.14
5.41
10.32
7.68
8.33
4.94
5.44
4.69
5.9
10.17
10.22
8.72
10.13
5.34
5.04
9.36
10.93
9.02
4.26
5.29
5.73
6.96
5.55
4.42
5.81
6.46
5.99
4.19
10.49
7.79
9.94
4.11
9.58
8.93
10.84
4.8
8.5
4.15
6.5
8.45
10.52
4.58
7.42
5.67
5.51
8.82
4.19
8.42
5.14
4.1
7.81
4.79
7.93
5.96
5.95
9.64
8.98
9.79
6.97
4.79
9.34
10.07
8.12
5.54
9.37
4.31
6.41
6.74
6.32
10.61
9.83
7.71
10.55
5.09
4.67
6.69
10.94
10.33
5.55
10.51
8.42
6.16
9.72
10.0
4.0
4.94
9.25
8.28
5.83
5.92
4.78
6.99
4.43
8.79
5.72
10.17
4.66
8.84
10.09
8.93
10.48
6.3
4.95
6.45
8.17
10.62
6.07
8.8
4.7
5.88
5.12
7.35
10.56
10.41
6.99
10.0
7.02
6.86
10.19
4.21
10.17
9.84
5.41
6.84
9.96
7.91
9.1
5.09
7.32
7.58
4.66
6.27
9.14
5.19
8.35
4.52
4.54
8.86
10.95
6.55
8.31
8.33
5.23
10.58
7.69
6.74
4.94
7.94
10.32
7.57
4.86
5.94
10.91
6.81
10.9
7.82
8.97
5.54
10.91
4.06
10.0
8.82
8.61
6.21
5.3
8.37
10.41
5.75
9.64
4.62
5.7
4.39
6.68
8.87
7.47
7.76
8.02
5.56
6.33
7.18
8.02
9.93
7.23
9.38
4.82
4.91
6.02
6.23
8.38
5.54
4.99
8.52
10.98
10.94
10.45
4.43
9.35
6.69
9.76
4.34
9.86
8.34
4.56
10.71
10.11
8.82
6.58
7.57
4.19
8.7
10.69
5.53
6.85
10.03
4.46
6.24
10.59
9.38
4.57
7.25
7.59
9.18
5.5
5.65
9.97
5.57
7.13
8.87
7.67
10.41
7.58
5.45
9.82
9.45
5.42
9.4
6.26
7.96
10.8
4.31
5.19
8.24
4.35
4.77
8.29
9.89
7.82
5.31
4.92
9.74
10.32
9.28
5.54
6.46
7.02
4.87
5.77
9.09
9.48
5.28
6.29
7.46
5.23
10.04
6.12
5.74
10.25
8.72
7.59
4.75
5.02
5.57
5.53
10.21
10.59
6.92
5.4
5.92
4.16
5.51
4.11
10.73
8.37
8.72
4.58
7.23
7.02
9.86
9.46
6.91
9.09
4.61
5.78
5.19
9.08
10.18
8.33
8.66
8.14
8.13
5.48
4.13
5.35
6.23
6.8
9.05
4.11
8.06
6.06
5.26
5.99
6.57
9.95
5.76
7.69
9.16
10.49
4.23
9.43
5.72
9.88
5.03
8.69
9.17
7.64
6.41
5.1
4.73
9.29
4.42
8.08
4.2
7.23
4.97
8.55
5.72
6.45
9.32
8.23
9.06
8.88
10.23
9.46
9.12
4.47
4.81
7.8
6.32
7.58
9.1
6.28
10.04
7.0
6.32
7.59
7.59
10.01
5.34
7.63
9.68
8.68
7.9
9.95
9.41
4.44
7.14
8.93
8.48
6.37
7.07
7.55
7.0
9.19
7.44
9.58
7.17
4.29
10.01
9.14
5.2
6.39
4.45
7.37
7.2
5.27
5.3
5.71
8.96
6.29
8.06
5.68
10.02
8.86
10.92
10.08
4.94
8.94
6.0
8.16
8.53
9.27
7.56
6.62
10.62
6.35
6.05
6.19
9.77
8.44
5.29
5.37
4.78
6.94
7.34
6.45
6.75
8.27
7.83
7.07
7.47
9.55
7.61
10.7
7.87
6.29
10.61
4.69
10.11
4.86
8.5
10.22
4.74
11.0
7.37
7.43
6.4
6.77
7.19
5.25
7.4
8.18
4.18
9.21
7.93
4.77
9.9
7.48
6.98
6.68
9.49
4.57
8.94
8.46
6.96
10.66
7.86
8.17
9.34
8.38
9.9
5.6
9.5
4.45
8.78
10.9
8.81
6.31
7.55
10.95
7.35
9.51
5.28
9.89
5.23
10.96
4.75
6.67
8.92
9.22
6.14
8.19
4.6
4.25
4.96
6.78
7.42
4.69
7.08
10.37
8.16
6.16
5.32
7.59
5.68
10.6
6.29
4.32
9.49
9.54
10.23
9.73
6.08
9.33
10.01
9.92
7.18
8.92
10.51
8.38
6.25
4.57
4.78
7.36
8.23
5.25
5.31
4.81
6.23
8.05
8.8
10.38
8.18
5.62
9.09
10.25
5.47
9.41
9.65
6.14
7.5
6.91
5.75
7.61
10.12
4.5
10.38
4.39
7.12
4.19
9.06
4.79
9.85
10.29
6.82
10.9
6.78
7.2
6.94
7.81
10.44
4.76
6.76
6.5
4.7
9.43
4.97
4.33
10.82
8.88
9.11
8.03
5.2
7.74
9.44
8.96
8.49
4.58
8.53
4.47
10.42
9.98
4.16
5.5
7.98
4.31
10.37
10.29
5.18
10.44
8.92
7.23
7.22
6.2
8.1
8.21
5.19
7.39
4.77
9.41
9.57
9.99
4.32
8.66
10.13
6.35
9.55
4.04
8.66
5.68
4.55
7.5
6.57
8.18
9.99
6.74
10.49
5.88
9.45
8.48
7.61
7.15
10.4
8.54
6.53
7.87
7.86
10.14
4.29
7.09
7.57
5.06
4.01
4.01
10.89
4.53
4.63
4.87
10.92
9.21
6.86
10.91
7.92
9.65
4.53
10.58
10.67
10.04
5.13
4.02
10.29
6.15
6.54
7.29
6.22
8.16
6.82
9.12
4.22
5.44
10.4
4.32
7.34
5.27
9.45
7.64
9.03
9.81
9.26
6.86
7.19
8.59
9.24
6.6
9.45
4.03
10.38
8.17
7.96
7.93
4.28
10.65
9.35
9.01
8.91
7.81
8.36
10.47
6.52
8.18
6.73
4.83
5.01
4.45
6.73
6.44
4.87
7.14
5.49
4.71
6.25
8.72
4.26
8.8
5.0
10.36
4.68
5.34
5.59
8.64
9.68
7.71
9.21
10.21
8.27
6.17
5.07
8.12
9.86
5.33
11.0
4.89
4.27
8.8
6.56
8.69
5.27
5.31
7.52
10.62
6.63
4.51
9.16
10.46
6.54
7.2
10.66
9.24
8.68
4.9
8.07
10.02
9.09
4.81
8.7
9.63
6.67
9.28
8.99
6.33
9.2
8.48
6.18
7.75
7.2
4.35
8.78
4.95
5.7
10.71
5.62
6.74
10.72
9.25
8.76
9.75
4.42
10.21
5.77
5.08
9.81
5.96
5.67
9.54
4.39
4.53
9.69
6.93
9.92
9.53
7.9
9.25
5.0
5.33
9.9
6.39
4.03
10.67
8.98
9.92
10.39
8.42
7.52
5.06
5.32
7.15
4.47
9.51
7.91
10.48
8.37
10.81
5.95
6.45
6.96
6.07
9.57
7.73
7.19
7.19
9.7
5.69
6.25
10.51
6.78
10.97
7.06
6.96
8.15
9.93
9.03
9.33
10.84
9.57
7.27
8.6
9.81
5.19
6.43
8.23
6.66
4.38
10.58
7.78
8.44
9.04
4.25
5.27
10.32
9.51
4.46
9.51
10.3
5.17
4.44
10.04
8.21
10.93
8.94
7.58
5.72
8.9
4.54
6.91
6.43
8.22
5.55
5.14
5.05
6.17
10.04
6.78
10.24
9.23
9.01
9.38
7.53
5.88
5.25
7.48
6.63
8.6
6.44
4.4
6.65
10.19
8.94
6.7
5.47
7.96
10.55
8.06
10.23
8.94
4.84
8.92
8.24
6.52
10.67
6.31
4.59
5.73
7.05
10.23
4.2
9.58
5.94
8.22
6.65
5.85
7.55
6.62
6.75
5.13
5.0
5.83
8.12
5.63
9.41
9.7
5.13
10.83
5.86
4.51
7.07
5.27
9.49
4.8
7.39
4.59
10.29
6.16
8.32
9.11
4.22
6.67
5.98
7.82
9.4
4.91
7.33
4.91
9.53
9.5
6.32
6.3
8.19
10.98
10.86
6.21
9.81
6.21
7.58
4.22
10.58
9.14
10.06
7.91
4.46
7.07
6.57
7.61
5.47
7.16
4.21
5.04
10.1
6.65
7.0
6.5
8.34
4.03
10.64
7.88
6.67
10.04
7.48
4.65
10.39
6.71
8.0
10.61
6.07
5.25
10.06
7.65
8.87
4.77
8.87
8.02
6.29
9.95
7.22
6.86
5.28
5.78
5.91
6.84
7.51
10.93
7.82
7.27
8.48
9.29
10.86
10.99
10.03
4.3
4.29
6.26
10.08
9.33
8.41
5.35
10.8
10.29
10.39
7.55
6.58
8.46
8.59
10.49
8.0
10.15
6.21
4.3
7.05
5.4
9.45
9.63
9.48
7.24
10.25
7.12
8.2
5.49
4.17
8.23
8.57
10.5
9.91
9.43
8.9
7.02
7.42
9.46
5.11
9.02
8.37
5.57
7.12
9.48
4.81
8.37
6.95
5.75
10.24
7.34
10.91
8.45
6.31
6.1
8.86
6.44
8.04
7.96
4.11
8.85
7.97
9.67
10.57
7.42
9.43
7.28
6.05
10.31
8.32
4.42
10.54
6.92
8.68
10.71
7.74
8.19
5.32
9.45
7.65
7.41
5.24
7.09
10.64
6.71
5.55
8.19
7.56
7.36
5.14
10.36
8.26
8.35
4.83
7.19
8.08
10.47
8.06
10.71
8.84
5.09
4.46
7.84
10.61
6.23
10.19
5.02
9.19
6.91
4.09
6.03
6.81
7.06
5.2
8.32
9.93
8.82
9.59
6.44
9.91
4.04
9.79
4.19
8.52
5.44
7.45
6.83
10.7
6.26
8.65
7.62
6.65
8.56
4.98
9.13
8.1
9.39
9.28
7.33
6.93
9.99
10.38
6.94
10.51
10.45
4.91
7.25
9.64
5.05
5.68
7.87
4.85
6.36
7.6
9.54
5.1
9.05
10.63
5.45
5.59
9.49
4.94
7.29
6.89
7.58
7.63
7.9
9.73
7.0
5.51
9.5
10.86
4.88
5.82
10.84
5.55
6.96
4.59
6.14
5.81
10.7
4.98
6.17
4.56
8.7
10.9
5.07
8.39
5.07
5.59
7.8
10.65
7.33
7.15
4.96
7.94
7.24
6.34
9.11
6.09
10.32
10.11
7.41
10.36
10.73
4.25
9.97
6.82
10.97
6.4
9.83
5.54
10.51
9.2
5.99
8.81
7.05
10.02
4.04
7.66
8.77
6.78
7.31
5.68
6.92
10.45
6.69
10.92
7.26
8.34
4.03
5.31
6.49
6.3
9.03
7.84
5.52
8.24
4.92
10.07
9.25
6.42
4.34
9.48
5.7
5.81
7.02
8.26
4.24
9.78
4.24
5.22
5.59
9.95
9.22
8.27
6.49
7.87
4.36
10.06
8.84
8.67
10.89
7.73
4.51
5.6
5.12
10.59
4.89
4.16
6.12
4.85
8.34
5.57
9.9
5.0
5.07
8.25
4.57
4.35
5.29
7.69
7.83
6.69
7.27
7.18
7.2
5.86
5.19
6.74
7.24
10.67
9.24
10.03
6.7
8.01
9.2
5.28
7.21
6.44
7.83
6.04
6.48
9.83
9.44
6.85
4.69
6.0
9.12
9.29
6.27
10.58
7.51
10.15
7.71
4.08
4.7
4.74
9.02
10.02
7.68
9.98
6.6
4.71
5.81
4.83
10.2
5.67
9.25
4.5
9.43
4.6
10.63
8.48
8.73
8.77
5.92
7.1
10.34
5.45
7.69
6.26
9.35
7.19
6.4
8.15
4.74
7.92
9.48
10.74
9.92
8.31
7.78
6.3
7.35
8.33
4.91
9.06
5.72
4.81
4.69
6.24
6.24
8.01
7.21
9.25
4.13
4.64
5.74
4.27
5.15
9.09
9.59
8.15
8.0
8.39
9.61
9.9
6.37
6.91
9.66
5.47
10.6
9.87
7.09
7.6
7.06
5.6
5.68
6.12
6.86
10.26
6.51
7.94
4.62
6.69
6.99
7.52
7.23
8.63
9.95
8.42
6.71
9.41
8.79
8.83
9.51
4.78
6.53
5.18
9.41
7.97
10.93
8.75
4.53
6.02
10.48
10.87
5.56
7.46
6.59
5.47
6.58
7.0
8.67
7.52
9.81
10.6
6.68
7.51
9.09
9.78
5.54
8.61
9.73
9.18
8.89
10.61
9.22
7.42
10.09
7.06
9.58
8.37
8.24
9.17
8.9
7.74
10.2
9.05
8.06
8.93
6.41
11.0
7.29
7.32
6.74
6.25
10.74
10.79
10.64
6.26
8.33
5.29
9.05
5.91
8.8
9.02
10.98
9.5
8.04
7.43
4.4
10.62
5.28
4.29
6.45
5.61
7.39
10.47
10.69
6.0
10.37
10.31
7.07
7.8
4.34
4.15
5.08
7.66
7.3
4.09
4.78
6.94
9.65
7.79
8.81
7.18
6.66
10.36
9.8
5.4
9.7
5.76
4.27
9.51
5.08
5.98
9.37
7.4
8.85
4.21
6.35
6.48
5.71
6.63
6.55
10.61
9.94
9.75
4.02
6.56
5.09
6.14
5.18
4.51
7.87
9.32
7.45
6.01
4.71
10.02
8.47
5.06
6.08
9.48
9.32
8.65
4.65
8.51
8.27
8.27
9.76
4.83
4.18
5.62
4.77
9.34
4.55
6.54
10.29
10.28
6.51
8.23
5.38
4.54
9.35
4.05
9.8
6.36
4.93
7.54
10.81
9.15
9.32
6.85
7.15
9.91
4.59
4.38
8.83
5.91
11.0
10.96
8.5
7.24
4.05
8.21
4.63
10.33
4.8
4.7
9.04
5.07
8.1
9.57
4.02
5.07
5.25
7.88
9.59
10.02
4.44
7.56
10.09
4.5
4.18
4.33
10.52
6.79
4.42
10.97
10.68
6.93
4.72
9.2
4.42
8.39
9.33
5.49
10.6
10.97
6.51
10.75
5.62
9.61
9.19
4.29
5.81
6.69
4.1
10.63
5.49
10.48
7.08
4.89
7.0
8.29
7.32
6.22
9.7
10.69
4.67
7.85
6.23
9.23
8.44
4.19
8.45
9.07
9.39
10.24
10.62
5.87
8.63
7.9
9.75
4.27
6.87
6.4
8.57
6.93
6.76
6.63
9.78
7.38
6.8
10.06
4.01
6.23
8.72
4.73
8.06
7.14
8.68
7.72
5.36
4.93
6.15
10.6
5.47
7.23
10.65
5.41
5.71
7.35
4.74
4.56
6.12
5.0
6.99
4.76
8.11
7.45
8.15
10.31
6.42
5.88
8.02
5.73
4.47
4.41
4.46
5.66
9.11
5.08
5.8
10.02
7.06
4.29
5.73
6.11
5.3
10.77
6.85
6.77
10.84
7.84
4.58
7.1
8.58
7.99
9.92
10.74
4.41
5.79
10.3
10.1
4.11
8.04
6.24
7.71
5.54
8.94
6.32
8.49
4.53
10.74
5.77
6.85
6.67
8.17
4.74
6.34
10.16
6.78
5.66
10.32
8.09
6.91
10.57
8.89
8.69
6.29
7.92
7.29
6.79
4.05
6.06
10.86
9.46
8.3
6.92
4.54
8.27
5.91
8.03
10.63
9.5
10.72
9.86
4.61
4.68
8.74
8.59
6.66
4.38
9.0
4.73
8.45
4.34
5.27
7.9
8.18
8.7
4.78
7.11
4.94
10.55
9.84
7.95
7.02
6.27
9.5
7.57
4.08
7.99
10.0
8.25
4.49
8.13
9.25
9.17
7.79
9.27
4.83
5.83
5.59
6.44
8.46
7.6
7.27
7.95
6.81
10.75
4.09
6.16
10.9
10.47
9.83
5.09
9.65
4.65
4.55
4.57
8.08
8.83
5.79
8.57
7.21
10.81
6.41
8.78
4.9
4.41
8.38
5.77
10.4
4.11
10.59
4.14
8.53
9.91
7.01
8.62
6.06
7.25
5.21
5.6
10.26
8.97
9.89
6.85
4.89
10.39
10.76
9.96
7.94
7.51
10.26
6.88
8.11
6.9
4.55
10.2
9.06
7.25
5.14
5.24
8.65
10.56
7.0
7.11
8.8
9.99
9.63
9.0
5.81
5.2
4.05
10.79
7.03
5.39
4.86
5.05
6.35
10.01
10.79
7.55
6.23
5.23
6.01
8.33
10.62
7.44
4.98
10.62
10.74
10.27
10.01
9.44
4.88
6.29
9.28
10.06
5.59
8.35
4.41
9.99
6.43
5.38
9.86
5.19
7.22
4.67
7.11
10.47
8.86
10.89
7.14
10.22
10.38
4.63
10.85
10.25
8.38
7.75
6.7
8.1
9.16
8.96
6.1
8.7
4.03
5.19
5.06
9.19
10.28
4.6
10.38
6.15
8.36
5.15
6.82
7.23
6.62
9.75
8.09
7.47
9.49
8.97
4.73
7.62
9.59
8.47
8.99
8.01
10.5
7.6
7.95
10.15
8.3
7.06
5.78
10.76
9.4
4.58
4.88
5.44
5.66
8.52
7.73
5.65
5.05
8.84
4.37
5.53
6.07
5.27
8.02
9.02
6.85
5.17
6.81
7.26
10.16
7.72
4.4
10.85
5.32
7.7
6.39
8.89
5.34
7.59
7.6
8.56
8.07
4.88
8.86
7.24
5.31
6.8
6.59
7.1
10.26
10.1
4.17
7.59
4.51
4.25
5.48
10.76
10.52
8.99
6.16
5.48
5.2
4.15
7.08
8.24
8.16
8.91
7.57
7.74
10.72
7.95
10.12
4.87
9.78
8.82
4.04
5.47
5.51
6.78
6.74
6.44
7.04
9.79
4.35
9.93
10.43
5.17
6.56
8.56
10.85
10.06
9.19
10.58
10.88
10.29
5.3
9.0
6.79
9.72
4.39
9.8
6.06
9.39
5.18
4.34
8.55
7.11
9.93
10.39
6.84
8.32
5.96
5.81
10.01
5.02
7.12
7.18
8.09
8.42
7.03
7.09
8.35
8.92
9.55
8.79
4.05
5.62
4.94
9.68
7.37
6.68
9.25
4.54
8.93
7.66
6.96
8.62
4.15
4.72
6.78
4.65
7.38
8.17
8.51
5.66
9.35
4.64
10.5
4.95
7.04
4.27
7.39
10.49
5.5
10.34
7.53
4.76
9.4
7.06
7.36
8.29
9.81
6.87
9.26
5.13
4.34
4.33
4.29
7.68
6.73
9.5
4.02
8.7
6.62
7.29
4.94
9.36
10.09
4.25
6.37
6.91
9.99
9.57
7.84
5.26
7.88
7.09
10.32
5.88
9.57
7.96
4.23
5.75
4.91
7.28
9.55
8.11
6.29
9.09
8.34
4.49
4.76
4.71
6.23
8.05
10.52
8.68
8.96
4.68
4.74
4.97
8.08
9.2
9.54
5.47
9.06
6.26
7.9
7.57
4.51
9.89
9.14
8.74
6.38
10.94
4.44
6.12
4.92
5.65
7.12
8.29
4.69
8.07
9.45
10.44
5.46
10.25
10.1
5.97
8.81
8.85
10.63
5.62
4.65
7.92
5.8
5.65
10.46
9.06
8.69
10.67
4.48
8.11
7.41
6.12
8.11
9.6
7.93
5.22
7.95
5.38
5.06
7.83
4.74
6.63
8.55
8.08
7.39
5.7
6.1
5.54
7.68
10.21
9.9
9.6
5.99
7.3
6.74
7.69
7.12
7.2
4.48
5.41
6.63
5.64
10.13
10.31
8.84
10.67
4.77
6.43
10.89
8.56
10.69
5.48
7.17
5.81
10.34
8.48
8.76
8.23
9.55
7.57
10.07
4.29
9.59
4.12
6.31
7.17
7.87
10.33
10.3
9.75
10.89
6.09
9.17
4.44
6.24
6.27
5.83
10.83
10.61
6.75
6.6
7.41
6.99
6.11
5.84
10.51
5.4
6.78
8.84
10.81
8.97
7.81
7.25
8.51
8.8
10.95
6.45
5.49
6.98
5.72
4.32
10.77
4.43
7.37
7.35
5.3
8.04
9.77
10.13
6.56
5.36
7.55
4.85
9.95
7.22
10.23
4.26
9.92
5.82
10.69
4.54
9.87
7.74
5.36
7.02
6.12
5.67
8.35
8.73
4.75
9.08
7.38
7.71
9.21
7.02
8.15
7.59
4.83
6.99
9.85
4.21
4.24
10.5
9.74
4.02
10.54
6.08
7.15
5.65
5.24
4.86
8.88
4.1
6.72
7.18
6.05
5.75
8.3
9.8
7.54
8.98
9.12
10.35
9.13
5.9
5.33
10.36
9.37
8.38
10.64
8.71
8.45
10.08
9.52
6.07
7.5
8.6
5.65
8.47
9.16
5.85
5.89
10.95
6.56
4.2
5.19
9.28
8.72
9.84
8.61
8.25
9.01
10.31
9.05
4.75
9.57
10.88
4.02
7.44
4.25
10.69
10.71
8.41
7.54
4.24
10.76
10.8
9.2
4.2
9.57
7.93
10.8
8.77
10.69
4.73
9.29
10.18
8.45
7.79
9.43
9.98
8.36
9.15
6.8
6.44
5.43
8.38
9.72
8.64
6.75
10.91
4.04
6.17
10.78
6.7
8.34
5.68
8.83
8.54
8.32
6.63
10.69
8.51
4.65
9.15
6.24
6.31
5.58
8.54
10.69
9.73
10.47
10.52
4.01
8.37
10.51
7.86
8.76
7.06
9.96
5.14
4.64
6.61
4.55
4.99
5.1
4.03
9.7
10.25
4.28
5.63
6.39
9.59
5.63
6.79
10.82
9.79
4.7
6.24
8.04
8.78
8.51
4.59
10.95
5.28
5.23
5.69
6.88
6.25
7.58
10.38
4.28
6.71
10.9
5.74
9.73
6.74
10.37
8.46
10.25
8.44
10.23
10.33
6.1
9.87
9.88
8.94
5.69
4.75
8.33
8.58
10.79
6.79
9.06
10.15
9.59
6.83
5.68
4.22
9.31
6.69
7.51
10.88
4.03
5.93
10.87
7.42
10.56
9.96
8.98
9.0
4.03
6.08
7.09
7.64
7.11
7.06
10.04
10.79
9.93
8.84
9.15
9.16
9.6
4.39
4.52
4.68
10.38
8.35
7.19
9.39
5.54
9.64
6.42
8.44
10.91
4.5
10.7
9.37
7.12
4.72
4.78
8.08
7.68
7.75
5.95
4.64
9.6
5.55
8.52
6.55
8.44
9.39
5.36
4.1
5.95
10.73
5.28
7.31
6.61
6.17
9.12
9.05
9.46
6.37
6.51
7.83
4.03
10.68
5.64
5.21
8.46
9.94
8.49
8.4
7.42
10.23
10.77
8.17
4.55
4.71
6.93
7.45
8.48
10.95
8.95
10.11
10.6
5.37
6.34
8.82
8.57
6.96
9.98
10.87
6.79
6.43
6.02
7.93
8.29
5.27
5.97
4.84
10.33
8.54
7.89
10.47
10.88
4.17
9.53
7.77
4.02
7.01
9.42
9.2
10.49
8.35
5.58
9.08
10.87
10.2
4.01
7.02
5.46
7.45
6.74
7.93
9.78
8.5
6.51
6.37
5.47
7.61
9.68
4.01
8.96
7.55
10.02
7.58
10.15
9.18
7.4
6.09
10.82
5.46
9.45
8.79
6.87
9.03
4.91
5.69
9.03
4.9
10.34
8.18
4.5
9.38
7.06
6.07
7.72
9.26
10.38
6.24
8.86
6.39
4.09
10.74
6.09
7.25
8.54
8.76
9.76
6.67
8.95
8.31
10.9
9.18
10.61
5.98
7.19
7.71
9.94
6.97
7.9
4.96
5.35
6.74
4.35
4.53
8.93
4.5
4.01
4.44
8.47
7.93
9.7
5.44
8.13
9.65
9.03
6.23
8.33
9.12
9.73
10.92
6.8
4.21
7.66
6.25
6.11
8.78
4.3
7.79
8.44
9.08
10.74
4.06
7.66
10.12
5.43
10.83
5.33
8.46
4.52
7.63
5.75
6.18
6.59
5.63
10.07
5.06
7.01
10.87
8.11
8.42
9.1
10.07
9.74
6.55
9.86
5.43
6.83
8.68
5.71
6.48
7.59
5.69
9.33
9.1
10.45
4.46
10.3
4.11
9.77
5.8
8.57
8.68
6.7
5.45
4.25
8.06
8.93
6.62
5.33
5.14
5.86
9.6
5.06
7.04
8.56
9.93
7.58
8.76
7.57
9.3
9.5
9.47
9.15
9.66
9.61
10.05
7.27
10.21
4.52
6.5
10.47
6.9
10.05
7.88
5.8
4.68
8.88
5.57
8.04
6.75
8.69
8.35
8.26
7.61
8.82
9.0
5.47
8.17
4.09
7.62
9.56
4.42
6.26
4.25
7.96
10.48
6.27
6.56
5.49
9.15
7.54
5.94
4.3
9.97
8.84
10.84
7.93
10.71
8.87
7.01
5.64
4.42
4.04
9.82
8.36
5.31
8.8
10.42
4.4
9.63
9.85
8.56
10.55
10.76
9.41
5.18
4.58
6.96
6.81
5.0
4.28
5.74
6.02
10.46
10.86
10.9
9.69
9.4
10.57
6.38
7.77
8.11
8.02
7.02
10.83
6.24
5.55
9.17
10.43
10.78
9.63
6.68
9.7
9.34
6.82
4.73
9.98
6.14
4.79
10.91
10.48
9.3
4.47
9.06
8.62
5.73
7.21
10.75
4.12
7.29
8.09
10.08
8.94
4.7
6.64
4.87
10.52
8.84
5.75
4.99
4.87
7.58
5.83
10.77
6.75
10.95
10.03
10.34
6.72
4.85
9.88
4.04
7.14
5.03
10.32
10.08
4.96
7.86
5.64
7.6
10.84
5.61
4.46
5.78
10.89
4.57
4.26
5.06
9.65
7.3
6.37
8.6
4.67
8.88
6.13
10.0
9.07
10.14
5.29
5.04
8.98
10.45
9.63
10.58
4.08
5.25
8.33
6.96
9.36
4.47
8.42
10.51
5.61
8.77
6.41
6.6
7.6
6.12
10.77
4.31
9.13
4.57
9.98
7.34
5.57
7.44
10.69
5.15
8.24
7.32
8.88
5.21
8.17
9.96
4.18
9.62
7.32
5.34
8.26
6.1
10.9
5.9
9.0
7.51
6.76
7.68
6.14
7.23
6.63
8.53
9.05
9.38
9.5
6.47
8.31
7.54
8.48
6.48
5.34
9.08
6.65
9.12
8.95
10.95
6.56
8.78
8.85
10.57
7.49
8.65
9.28
10.93
7.21
5.8
8.24
7.04
4.69
7.12
8.86
7.21
8.0
8.97
7.55
4.68
8.85
5.36
9.01
6.15
7.76
4.45
6.0
10.47
7.68
10.35
10.58
5.94
10.34
8.6
7.81
6.84
5.77
6.79
8.58
6.54
6.47
7.81
4.32
8.28
6.05
7.44
9.8
9.55
6.04
4.35
6.65
4.82
7.03
9.8
6.27
9.69
10.78
8.75
9.95
9.9
4.14
8.64
9.4
7.11
9.92
8.65
8.79
6.86
10.19
6.65
5.03
6.2
6.81
9.27
4.61
8.61
7.59
6.22
6.76
8.89
8.21
4.5
4.69
8.92
10.16
5.13
8.17
5.44
10.89
8.4
9.72
6.03
6.37
5.02
8.76
10.87
7.43
4.68
4.09
8.96
5.25
10.54
9.14
5.31
10.32
5.55
10.69
6.01
4.88
8.0
8.17
8.4
5.9
6.6
10.94
6.8
4.71
6.98
5.33
5.04
6.68
6.41
4.82
4.12
8.43
5.68
10.0
6.17
7.82
5.55
5.29
10.61
8.74
10.65
5.4
9.24
5.56
9.24
9.81
5.49
6.57
8.24
10.37
4.19
7.91
4.96
6.97
7.74
9.53
10.99
7.92
7.01
7.55
8.21
4.59
4.5
6.41
4.41
7.47
5.81
4.37
4.36
6.87
6.32
9.7
4.91
4.19
4.42
6.32
8.24
7.5
7.99
8.39
6.17
10.36
4.06
5.25
8.52
10.81
5.07
8.95
5.72
5.41
6.13
5.19
7.67
10.63
10.46
7.74
9.18
5.39
7.89
9.43
6.26
5.46
6.03
5.94
5.9
4.45
7.49
5.12
10.29
9.61
10.37
10.11
6.5
9.41
7.49
5.79
6.53
8.0
9.92
4.09
7.09
4.04
6.01
6.87
7.26
9.18
9.13
6.18
6.57
5.82
6.74
6.37
8.65
4.91
4.2
4.14
10.76
5.72
9.13
9.04
9.85
6.72
8.54
6.54
5.64
10.9
10.32
7.25
8.26
10.79
6.4
9.88
6.77
10.11
7.41
7.73
9.29
10.17
5.86
9.26
10.64
4.16
5.1
6.48
9.5
8.1
10.45
7.24
7.5
7.92
10.35
4.42
7.58
6.63
6.14
9.01
6.37
4.17
5.5
6.04
5.27
9.35
8.24
8.84
7.79
8.78
9.01
9.32
9.44
5.92
5.69
9.06
10.88
9.07
7.54
6.14
4.92
8.08
4.58
10.49
4.45
4.94
9.31
10.22
5.28
4.37
4.95
9.0
10.23
9.01
6.56
8.23
7.56
7.65
9.78
10.69
10.21
9.31
7.2
5.67
6.63
10.05
4.05
6.25
7.42
4.28
4.73
8.96
10.6
8.72
5.65
6.08
8.25
10.9
8.57
4.58
5.21
8.99
9.2
4.54
8.05
9.74
5.34
8.94
6.88
8.59
7.92
10.56
5.1
5.49
5.24
8.9
5.29
6.91
10.2
5.95
5.05
7.73
8.59
7.47
7.83
5.35
6.06
8.61
9.65
6.53
8.97
5.38
6.08
4.05
5.54
9.33
4.59
4.55
8.48
7.5
9.42
6.74
7.93
10.59
10.09
8.21
7.36
4.34
7.69
7.28
10.51
6.84
8.35
10.4
5.36
6.63
6.55
5.98
10.04
8.77
10.83
9.73
10.18
4.29
4.13
8.63
8.28
4.17
4.5
7.34
9.6
9.06
7.67
7.13
9.5
6.18
9.12
10.41
5.37
6.89
6.85
7.04
4.43
9.02
8.38
10.07
4.44
7.71
5.4
8.75
9.48
7.34
5.43
8.27
4.98
6.62
8.31
10.61
8.65
8.44
9.07
5.19
9.15
5.7
9.2
10.25
7.6
4.07
8.2
6.41
7.85
6.93
8.63
6.21
6.64
4.27
4.99
6.67
4.02
4.1
8.42
7.13
4.01
5.77
8.44
5.39
9.5
5.96
10.59
7.64
5.23
4.8
5.01
8.92
5.09
10.57
6.2
4.45
5.13
6.38
4.86
9.93
10.7
9.3
8.31
9.59
5.08
6.64
5.49
7.25
5.23
9.71
9.6
6.58
9.06
6.98
5.99
5.93
7.43
4.09
8.98
6.73
4.98
8.44
9.28
4.82
4.72
6.72
8.54
8.07
10.82
7.07
6.44
9.32
10.69
10.25
6.88
8.42
5.0
9.0
6.45
5.56
4.95
5.81
7.57
10.27
5.83
4.39
9.46
9.47
4.47
5.28
5.12
7.23
5.75
9.23
8.32
8.74
6.65
7.49
8.75
7.69
4.53
6.54
10.8
7.51
6.87
10.23
8.65
6.99
8.16
6.36
9.62
9.02
5.52
6.15
4.02
9.54
4.63
8.01
9.92
10.76
6.23
5.29
10.91
5.3
5.05
10.47
10.55
7.35
8.48
6.92
10.49
9.85
7.6
7.12
8.81
8.65
4.57
5.95
7.07
7.93
5.34
6.24
7.53
10.31
6.72
6.06
9.97
5.62
8.23
6.9
10.35
8.81
10.21
8.62
7.93
6.92
8.29
9.51
7.02
8.47
7.1
4.67
7.93
4.46
8.18
9.87
5.09
8.17
4.41
5.9
4.88
4.17
9.92
6.87
5.06
8.45
10.31
7.51
9.81
9.9
9.25
5.93
7.27
5.02
10.44
8.61
4.04
9.6
4.1
8.29
7.08
5.46
9.28
10.99
8.92
9.65
10.39
7.09
8.47
7.72
6.21
4.45
10.0
4.72
7.94
4.22
7.75
4.4
8.96
8.15
9.03
7.96
9.22
6.57
6.29
7.46
7.53
6.37
7.47
5.48
8.56
10.8
8.23
7.32
10.33
8.61
6.08
8.34
9.22
9.4
4.06
9.36
9.59
5.23
9.96
8.99
8.34
9.38
5.77
5.08
4.48
7.03
7.54
4.73
6.79
5.83
10.19
8.01
5.22
7.4
4.29
7.14
10.31
7.64
5.51
10.42
10.58
5.93
5.22
4.63
9.4
9.0
9.37
5.13
10.82
5.34
4.27
6.75
7.88
6.91
7.4
7.93
5.48
9.9
5.86
10.99
10.82
6.18
7.71
10.49
7.9
9.48
7.26
7.29
6.6
7.4
4.4
10.78
9.95
9.95
8.75
5.35
5.5
4.62
9.47
10.28
8.31
9.95
10.34
5.03
6.7
4.97
6.78
7.28
8.97
8.69
10.92
5.58
5.08
9.09
8.92
4.95
9.72
6.4
7.3
8.81
8.25
8.67
4.8
6.02
9.69
10.51
6.89
10.74
10.52
9.96
9.25
7.72
5.49
5.78
5.13
9.94
4.04
5.87
8.24
10.9
6.09
5.47
4.53
5.99
9.79
4.92
5.04
5.0
4.81
7.17
9.79
7.22
7.81
8.0
6.7
6.37
8.43
6.45
4.82
10.04
8.11
9.8
7.34
8.5
10.44
9.24
6.46
6.3
5.91
7.33
10.44
4.12
9.32
6.47
9.67
7.04
9.05
9.87
7.29
9.13
4.48
6.09
6.26
7.33
8.53
7.29
9.9
5.81
4.94
6.6
5.7
8.15
7.99
9.16
9.5
4.99
6.41
4.55
8.76
9.61
10.73
10.7
8.42
9.18
5.46
8.08
6.32
4.76
7.43
6.95
4.48
10.68
10.7
7.91
10.61
5.81
9.54
10.64
6.77
6.12
8.86
7.32
6.65
9.44
5.67
8.82
6.71
5.83
10.52
5.74
6.71
8.35
4.43
4.72
8.4
8.14
8.22
8.15
9.84
6.31
5.23
10.28
7.92
9.52
5.34
7.25
4.83
4.69
7.18
8.17
10.49
4.34
6.61
9.18
6.13
9.27
10.65
8.12
5.75
8.17
6.12
5.19
9.55
8.64
9.95
10.1
6.5
4.79
7.3
6.48
8.43
9.9
8.28
4.08
8.22
4.9
6.22
5.68
7.52
9.51
4.27
4.4
10.71
7.08
9.18
10.13
6.67
7.84
10.06
8.2
5.32
8.19
10.76
10.9
10.36
9.05
10.17
6.87
6.39
10.96
10.18
4.8
9.67
4.08
6.99
4.59
6.58
9.67
5.05
6.46
5.79
4.91
10.78
7.04
4.15
8.74
7.67
9.74
6.55
10.37
4.2
7.67
7.42
4.08
4.44
6.01
8.02
5.45
5.29
4.95
10.5
7.95
5.72
10.8
6.86
4.79
7.58
7.05
8.32
8.89
6.42
5.2
6.89
7.53
7.26
4.24
9.56
6.4
6.05
5.49
8.08
8.12
7.02
8.71
4.27
9.62
5.79
7.28
9.22
5.22
10.32
4.95
9.69
6.79
5.15
10.09
9.13
5.61
8.66
5.09
10.83
7.84
5.05
4.46
8.4
8.51
10.85
7.48
6.37
8.97
9.62
8.81
9.2
8.85
5.22
9.67
8.38
6.74
8.64
9.93
10.04
6.34
4.83
5.56
8.25
7.62
7.46
6.12
4.53
6.11
8.84
8.35
5.94
9.4
10.71
5.77
9.51
9.51
7.74
4.07
6.06
4.27
6.86
7.98
7.06
8.86
5.65
4.55
5.18
5.87
5.7
7.59
10.29
6.5
4.59
9.74
4.11
7.61
9.66
7.97
10.51
4.21
10.59
9.25
6.29
8.39
7.93
10.37
6.89
4.7
4.48
6.9
10.9
8.33
9.19
10.74
8.64
8.21
5.32
6.03
10.16
7.55
10.05
4.11
7.54
6.21
5.96
10.03
9.87
10.27
7.01
10.73
6.24
10.92
9.3
8.58
10.24
8.42
6.94
6.53
4.98
7.36
9.53
4.96
10.49
5.54
10.72
7.2
4.97
4.78
8.64
9.68
4.4
10.41
4.27
7.82
7.61
9.64
8.07
6.36
8.06
10.66
4.86
8.6
5.18
5.43
10.81
9.78
10.38
5.06
6.89
9.37
8.54
5.06
7.07
5.7
6.37
10.39
5.72
6.63
7.62
4.5
10.22
7.25
6.52
7.34
8.72
8.28
8.04
6.14
7.04
8.88
10.12
4.96
9.88
9.58
9.2
7.25
7.95
7.35
7.58
8.32
7.45
7.89
8.63
5.9
9.01
10.79
5.37
10.43
6.97
10.41
6.94
9.0
7.9
9.25
8.91
10.71
6.02
10.51
5.77
9.5
7.43
4.5
4.24
7.64
4.24
10.62
5.16
7.4
6.64
7.67
5.46
10.06
4.09
8.0
6.43
5.5
5.5
5.28
8.22
10.24
6.78
5.15
4.37
9.73
5.56
9.15
7.71
8.46
8.03
10.66
4.72
8.61
4.8
5.36
8.72
8.33
7.4
9.41
8.85
4.41
8.58
6.71
7.3
7.66
6.35
7.14
7.93
4.41
8.01
6.44
8.01
7.12
5.28
4.76
10.12
6.77
8.31
4.6
6.88
8.95
10.78
7.89
5.23
4.09
6.48
6.84
7.49
4.03
9.07
8.59
4.13
6.34
6.58
5.99
6.07
7.03
8.92
8.73
6.87
8.35
4.49
9.39
7.09
4.63
6.62
8.96
4.86
9.7
8.96
4.58
10.85
10.6
4.92
5.42
6.43
10.93
8.94
10.4
5.93
10.09
4.77
10.97
4.75
7.05
9.74
9.96
10.04
6.01
8.62
5.47
7.46
9.94
6.87
4.77
4.17
10.3
4.86
10.13
4.66
5.69
9.1
5.22
10.18
5.57
6.58
10.07
6.4
8.12
6.27
7.35
7.29
7.33
6.57
9.06
6.4
4.95
8.18
5.95
4.27
4.32
7.42
10.78
4.54
6.32
4.27
8.42
8.05
5.98
9.32
4.2
4.88
4.41
6.37
7.54
6.03
6.2
8.02
5.69
5.94
10.31
9.09
7.53
8.93
7.09
10.39
5.24
5.2
4.42
5.26
5.54
10.02
7.56
5.44
9.96
4.53
5.99
10.57
10.78
6.59
9.63
5.09
10.24
9.55
8.61
9.86
7.94
6.33
8.65
8.65
8.06
9.51
4.37
8.47
8.04
5.54
4.61
7.29
5.78
9.41
7.43
10.73
10.69
10.17
8.41
8.19
5.53
9.02
10.4
6.19
9.9
6.87
10.68
6.79
9.41
9.67
8.98
6.68
5.09
4.7
4.66
9.39
6.67
6.66
5.41
5.5
6.67
5.48
8.44
9.96
8.75
6.08
6.26
8.31
8.33
9.26
10.55
5.58
6.03
9.04
4.84
5.69
5.61
5.49
8.93
5.35
10.02
7.93
7.63
6.72
5.65
5.12
5.38
10.56
8.35
7.4
4.18
10.62
9.25
5.3
6.88
8.42
5.23
7.41
8.98
5.04
5.75
7.45
8.88
7.93
5.48
9.76
7.65
4.78
5.59
10.78
8.87
6.33
5.7
7.25
5.12
5.63
8.87
9.98
4.43
8.15
8.16
6.68
9.49
7.5
5.0
8.4
8.2
10.95
5.54
8.24
8.01
6.27
9.35
6.6
8.62
6.77
9.55
10.99
8.82
9.47
4.4
10.25
9.83
4.97
8.32
10.05
8.41
10.18
8.97
7.08
10.7
10.46
4.46
5.12
8.05
8.33
10.3
5.08
6.65
10.84
10.02
10.36
4.22
5.54
7.24
10.12
7.12
5.12
8.29
10.26
4.48
7.47
10.86
4.53
6.82
5.53
4.82
9.07
4.45
10.4
10.65
8.07
8.34
10.36
8.0
5.46
6.51
7.42
8.94
7.26
10.63
8.18
7.79
9.43
5.44
7.55
4.12
7.09
5.07
9.59
6.64
7.28
4.22
4.23
5.83
8.9
9.28
10.95
9.48
8.52
8.91
6.81
10.75
8.32
4.13
6.44
4.99
5.65
7.96
7.08
7.16
7.02
5.4
4.75
7.04
5.88
6.16
4.74
9.44
4.43
8.92
8.42
4.32
9.8
8.02
9.04
8.1
5.7
6.13
10.98
9.65
9.87
5.81
9.47
6.4
6.31
6.2
4.76
4.73
8.85
7.55
9.67
9.49
6.4
4.94
5.95
7.82
9.61
7.12
8.16
7.87
5.51
7.07
8.65
4.35
8.21
10.3
10.4
9.96
5.54
10.01
4.78
6.26
6.78
5.44
10.12
9.15
9.0
10.49
9.33
6.99
4.93
9.8
9.0
8.24
9.22
9.28
9.2
7.18
7.74
9.62
10.5
7.61
8.85
7.55
6.92
9.47
5.03
7.11
8.12
8.96
10.19
5.13
6.9
5.59
7.84
5.43
5.68
4.85
7.95
9.61
4.88
9.55
10.76
7.35
7.74
9.33
9.26
4.76
9.8
4.77
7.96
7.52
9.79
4.95
8.51
10.26
7.87
10.06
10.18
5.77
