22.97
17.0
25.52
18.59
22.74
13.88
14.92
28.42
26.96
15.14
18.84
16.64
33.92
20.94
22.18
29.95
19.77
21.33
33.94
33.84
28.14
26.77
15.43
24.2
18.23
31.89
28.84
21.33
26.05
22.63
14.39
33.42
36.95
37.91
33.68
34.65
11.67
33.46
19.1
14.13
25.66
27.11
24.54
29.58
31.43
14.11
28.51
11.63
23.46
13.0
23.49
15.26
32.03
36.99
15.09
32.1
14.38
23.01
28.77
26.13
11.71
20.88
24.1
21.74
29.96
36.65
30.03
27.7
14.47
20.47
26.45
38.02
19.14
20.14
27.69
36.99
26.3
15.23
12.26
36.67
30.1
16.62
31.74
31.59
33.16
36.77
14.56
38.7
39.96
10.43
12.74
23.02
11.03
32.05
29.52
33.28
39.95
38.0
19.0
21.89
33.28
21.64
30.96
37.56
22.18
26.82
35.24
24.33
18.67
17.75
12.16
19.91
30.58
11.77
18.23
13.35
22.13
12.8
32.38
37.84
15.77
17.52
14.8
15.62
19.35
18.44
21.56
25.75
31.83
36.53
23.78
37.27
30.39
31.87
25.67
25.7
25.96
24.76
23.77
33.24
21.63
16.2
14.07
36.39
35.89
17.31
13.55
38.81
24.46
12.8
16.46
31.11
12.44
22.99
22.83
30.57
15.98
39.51
14.66
27.95
19.84
13.99
26.17
15.09
30.4
10.97
25.31
16.57
38.5
31.32
32.66
31.16
29.98
14.14
39.92
29.72
36.92
25.11
18.58
23.12
21.97
10.48
30.25
32.13
11.23
17.38
29.93
19.66
38.02
13.38
37.84
37.42
38.67
12.32
18.17
17.54
36.56
34.22
14.77
14.24
24.22
15.2
24.28
35.34
25.0
31.73
17.5
17.97
27.81
35.57
25.93
15.95
16.53
28.51
13.1
11.96
13.08
21.77
20.63
10.06
14.85
20.43
22.9
22.07
19.59
34.36
22.48
29.33
34.97
35.61
35.71
24.84
29.84
19.44
35.86
16.4
33.63
24.09
18.96
21.39
27.65
37.9
12.93
37.58
34.47
27.62
13.91
34.37
30.72
24.92
36.58
29.93
18.66
11.31
32.78
17.66
18.42
23.49
32.5
37.73
16.49
36.46
28.13
35.67
35.45
21.77
30.34
38.4
30.17
23.74
21.16
14.3
39.96
29.73
18.3
12.23
32.62
35.65
22.83
38.68
19.85
32.68
17.89
20.08
28.16
11.1
16.32
15.29
19.84
33.32
37.23
10.38
17.72
10.76
35.84
15.96
33.12
11.0
21.95
20.76
19.88
27.11
21.74
22.1
15.68
22.44
32.23
19.69
35.71
14.98
35.4
28.47
22.71
11.06
13.8
22.43
36.34
38.7
37.89
18.22
17.7
32.19
38.22
14.0
21.33
35.09
24.76
35.27
13.5
33.31
21.69
30.79
18.79
30.76
31.06
22.58
39.08
10.01
30.23
37.26
35.72
26.94
36.87
13.24
26.3
39.44
39.75
30.37
15.03
13.39
37.67
36.42
19.46
37.95
13.92
18.83
29.32
15.12
39.67
16.68
17.36
24.24
33.35
13.61
30.02
12.98
12.84
11.24
26.34
23.08
19.22
25.81
25.06
24.22
15.17
36.91
28.6
13.82
17.66
32.94
33.29
31.77
33.71
27.95
18.66
20.73
25.29
17.38
35.6
32.41
39.4
22.46
36.12
33.37
34.96
30.64
20.47
17.32
18.17
27.01
36.39
23.47
27.97
32.01
35.66
29.45
28.88
39.63
35.87
32.0
34.96
40.0
25.17
31.17
34.4
23.33
38.65
21.47
17.29
30.31
12.42
13.8
39.11
18.45
10.99
24.24
36.02
20.0
22.58
14.71
20.38
38.96
36.32
32.2
33.59
30.08
13.54
13.52
26.12
27.86
39.15
23.54
37.52
39.71
35.34
21.97
32.6
26.36
15.96
13.89
12.1
19.79
30.66
37.42
19.61
25.93
24.06
13.26
32.81
25.58
37.52
35.06
18.35
19.38
26.11
13.75
17.53
34.63
14.59
26.39
21.82
16.03
39.09
34.75
18.0
33.56
10.19
18.33
13.24
22.72
29.14
15.14
17.17
21.78
28.92
19.32
28.05
20.48
17.74
35.65
21.49
37.55
19.17
26.29
11.61
30.41
33.86
39.14
35.1
19.38
26.7
27.76
11.7
12.18
19.77
32.33
18.57
36.22
29.35
24.04
26.22
19.94
39.22
15.28
35.81
30.34
31.35
35.07
14.09
30.85
33.29
39.54
32.43
38.55
35.49
36.27
37.51
25.93
31.33
13.72
20.69
36.38
39.33
13.35
27.58
32.04
25.48
16.99
11.25
38.54
17.1
18.97
29.28
22.86
22.7
12.48
39.76
18.53
13.3
30.45
32.57
10.76
18.08
15.83
33.66
15.51
17.06
39.6
31.06
21.63
32.62
23.99
16.38
24.64
33.16
15.35
24.57
13.58
35.28
34.56
30.2
37.6
22.0
13.96
39.27
25.39
24.27
11.91
27.11
29.34
24.2
37.31
32.27
11.16
26.28
39.81
15.99
28.52
18.2
21.14
11.01
30.64
32.97
33.19
39.12
35.14
16.23
16.92
33.04
33.31
13.69
10.2
22.04
30.84
36.0
14.96
34.46
30.53
14.98
36.2
37.99
17.97
14.46
39.03
10.69
38.45
16.49
23.14
19.25
14.61
20.57
26.18
12.81
34.28
34.01
33.92
30.59
23.66
35.01
35.56
18.56
24.43
16.09
17.67
17.17
34.81
17.52
26.39
28.85
32.34
10.87
24.27
18.78
35.02
11.1
16.21
19.47
12.34
21.86
32.31
16.37
32.63
25.87
20.34
21.06
13.49
17.49
31.94
35.88
17.97
27.66
11.04
12.32
38.93
36.9
12.44
34.67
13.08
34.86
37.41
14.59
14.42
37.8
19.04
24.18
19.13
32.48
16.33
24.82
35.51
38.28
20.58
13.42
34.29
13.32
33.38
30.67
27.33
38.18
19.67
12.8
39.45
23.23
23.0
12.69
32.31
31.6
14.36
17.01
10.49
36.69
17.34
37.81
27.14
22.76
10.23
12.77
14.76
13.17
17.69
14.64
29.92
18.91
31.55
14.06
16.27
33.62
29.02
12.89
38.78
32.88
26.58
20.29
12.82
20.75
19.69
12.35
33.51
22.46
36.69
14.74
19.53
18.37
35.95
25.23
14.25
20.72
38.3
26.54
11.1
11.74
17.07
28.64
17.36
35.5
28.88
19.02
21.82
21.26
19.43
28.9
16.05
18.76
12.56
21.28
11.93
10.54
29.38
14.87
11.06
12.05
15.98
31.63
10.36
31.8
27.91
25.42
37.28
34.89
22.56
10.2
31.32
11.43
18.34
24.79
12.98
30.38
19.64
20.85
29.45
21.95
16.74
15.3
31.72
32.52
15.87
19.57
38.7
39.53
27.56
32.71
32.45
21.87
11.45
32.22
14.07
18.71
19.47
20.47
23.97
25.05
24.51
14.89
29.46
33.71
23.85
35.15
23.33
27.05
12.09
14.41
33.02
17.48
12.81
27.05
12.83
30.52
30.68
23.59
30.57
33.98
15.93
29.49
30.77
15.83
31.81
31.59
14.72
19.52
38.23
12.13
16.87
27.36
39.06
17.71
34.5
21.02
20.57
39.88
34.52
17.46
15.57
12.52
24.48
20.04
21.42
22.94
39.73
10.09
22.78
11.95
30.19
11.51
33.0
36.03
39.12
13.63
39.37
22.37
28.98
10.0
21.11
20.59
25.11
13.98
30.71
27.87
16.37
39.51
10.17
20.08
17.85
26.8
36.65
29.73
11.43
35.9
17.95
13.31
22.98
36.96
11.04
28.77
19.97
28.68
17.99
39.01
13.41
14.74
11.37
33.85
12.82
18.3
16.17
20.61
32.97
38.51
36.37
35.23
22.52
34.05
33.31
17.43
17.87
24.97
38.9
13.24
39.65
14.77
24.57
19.12
22.59
38.74
28.95
18.93
28.85
23.56
38.3
20.59
27.53
35.48
38.77
33.98
38.07
23.91
32.94
12.84
27.81
10.41
17.8
29.97
15.15
16.0
11.85
32.42
23.44
36.64
20.87
23.06
24.85
35.83
18.77
11.55
28.82
34.77
26.69
19.61
28.91
39.73
27.22
19.46
17.31
39.95
35.51
18.38
17.87
34.11
39.77
23.97
16.82
16.91
33.92
28.15
29.01
15.83
13.91
10.32
37.46
20.65
32.74
36.53
27.96
22.73
11.16
20.11
19.65
26.99
32.92
31.33
36.1
11.41
28.15
15.67
39.18
22.27
28.72
20.55
16.61
30.64
38.18
11.78
34.76
20.25
13.63
31.4
12.47
31.83
23.07
14.94
14.72
32.45
34.85
30.57
31.63
35.44
22.86
15.03
21.32
39.38
23.45
37.72
31.08
32.13
15.71
21.06
31.97
29.67
35.88
16.3
32.45
11.18
18.99
28.91
39.4
39.68
23.17
32.94
28.01
31.27
31.96
26.42
34.42
27.53
13.02
39.68
19.12
38.93
18.78
35.59
30.69
20.71
38.14
27.49
34.89
33.91
11.39
18.07
24.17
37.99
11.87
15.57
28.74
29.58
14.92
38.45
15.31
15.47
29.07
22.64
10.78
37.62
12.25
14.69
36.91
18.26
34.53
15.12
11.45
17.04
32.26
29.88
19.32
29.0
29.95
26.94
38.07
33.81
34.48
22.78
30.52
15.5
18.88
25.07
34.49
20.11
23.19
38.72
18.52
28.54
13.02
22.35
19.9
10.39
27.56
19.94
17.55
36.78
16.89
22.16
38.48
12.41
38.15
21.71
33.73
20.68
22.47
23.13
38.4
26.51
16.51
28.35
36.68
16.43
20.13
27.14
39.62
23.96
27.53
14.06
32.74
16.6
19.84
31.29
31.38
19.56
35.51
33.84
28.47
15.36
37.15
25.82
21.29
37.82
39.15
31.52
33.74
17.4
17.76
27.08
39.5
32.3
32.38
17.73
22.59
20.28
19.07
31.93
13.0
14.96
22.37
19.08
37.1
16.01
17.47
15.34
35.75
16.06
20.56
30.08
12.33
34.5
31.19
17.83
21.75
28.6
38.39
28.88
17.59
24.47
23.49
25.98
25.57
20.92
36.15
19.9
25.9
17.83
23.04
30.44
32.74
34.19
32.1
24.0
11.12
25.73
11.65
38.99
21.34
25.11
13.89
39.87
24.77
18.95
15.79
29.5
23.09
19.52
10.29
11.09
30.81
24.42
35.47
32.61
27.2
26.83
32.36
32.23
20.04
13.16
33.15
16.69
33.74
28.54
20.74
35.57
30.74
26.35
19.03
39.59
35.16
14.1
34.19
13.61
17.43
38.73
36.1
28.18
30.97
12.69
19.97
19.67
10.98
31.12
19.23
28.99
10.82
10.05
15.1
31.09
28.13
16.03
25.7
28.58
38.17
32.87
14.08
18.11
22.1
13.16
26.66
37.21
19.19
39.54
17.48
24.17
20.29
19.24
21.34
10.97
25.96
32.24
35.91
19.73
26.51
36.78
34.0
23.92
14.95
26.75
39.69
32.73
35.44
15.66
37.12
10.42
35.87
17.17
28.68
18.79
14.06
17.41
24.19
37.59
21.67
11.68
10.71
16.3
11.56
21.13
21.53
39.16
19.19
27.97
34.56
25.39
30.9
39.23
19.72
12.23
22.91
26.22
27.4
32.16
36.94
25.0
14.3
22.1
14.66
15.47
10.05
37.89
32.36
13.01
37.6
36.11
37.3
12.92
12.4
12.03
39.01
29.81
15.34
37.87
23.29
33.56
29.09
29.49
23.19
21.85
14.86
12.12
37.84
38.1
29.24
21.64
10.75
23.43
29.77
19.01
20.27
24.17
24.85
32.29
24.99
35.36
24.48
10.96
14.24
31.54
23.56
23.84
39.34
27.14
13.51
23.01
26.84
11.12
20.94
39.03
32.54
21.16
17.86
18.49
34.85
22.05
35.3
37.26
23.93
38.36
19.0
17.8
13.22
17.37
33.18
22.11
14.44
13.21
24.71
26.18
33.84
31.44
15.01
18.31
30.81
15.42
34.1
29.72
26.09
29.33
12.99
26.44
23.54
25.39
20.13
24.05
36.5
20.35
11.35
17.69
23.63
26.0
22.81
34.8
37.46
24.6
12.28
22.63
15.44
18.5
34.99
26.06
34.86
39.57
26.36
37.37
30.5
13.05
22.54
29.77
31.16
35.82
29.12
12.7
14.27
19.85
18.82
16.65
28.52
22.89
30.55
21.61
18.22
26.51
12.9
39.66
29.67
13.66
28.67
12.23
25.19
18.73
31.02
24.61
33.58
16.89
29.69
30.64
24.33
35.75
14.4
32.75
13.96
14.71
16.04
29.83
29.17
23.38
19.43
28.38
14.33
28.86
10.36
14.33
31.24
36.22
12.27
29.16
11.86
36.37
21.75
32.24
15.18
35.84
22.88
16.27
27.17
18.64
18.61
13.44
16.42
33.94
25.71
20.65
37.88
33.92
19.31
13.32
15.53
30.26
26.89
39.42
10.4
36.3
10.43
22.74
37.5
29.75
27.5
19.4
38.98
15.05
18.1
23.59
13.79
22.71
11.18
37.72
19.66
29.01
36.12
34.55
36.2
31.61
15.81
21.0
25.36
20.11
38.66
34.21
33.97
20.83
32.65
28.42
21.26
19.25
33.67
27.9
11.11
10.65
35.26
12.69
25.58
28.26
37.48
25.44
15.82
17.82
11.47
16.66
34.45
32.71
12.46
24.39
19.05
29.5
38.84
28.92
32.37
21.94
10.98
22.54
25.32
24.78
17.01
24.25
31.54
19.34
29.02
14.6
18.34
36.52
28.8
12.58
17.94
39.82
18.1
27.42
26.51
22.07
11.01
18.53
38.6
10.58
31.47
36.78
32.87
19.7
25.61
36.03
39.26
12.91
13.73
38.67
36.18
16.33
39.1
16.27
12.66
30.46
26.19
17.19
37.85
22.13
22.09
28.95
16.92
27.61
20.92
30.85
17.43
15.56
17.49
38.08
35.48
34.87
33.42
29.11
12.95
19.74
26.86
13.17
10.9
12.8
13.24
13.29
15.71
24.97
18.56
35.8
36.28
37.61
24.13
33.22
27.73
14.33
29.07
35.11
20.44
32.4
33.24
29.31
36.5
14.34
35.3
28.32
35.67
25.98
19.84
36.92
36.32
18.03
32.32
12.74
12.58
25.34
11.07
23.01
33.72
36.68
17.64
12.31
28.92
17.94
10.7
13.94
38.15
36.25
34.89
20.18
31.44
38.71
27.03
19.99
33.98
22.91
27.32
26.24
16.52
10.02
39.97
22.5
18.51
32.98
27.78
36.41
33.43
18.45
27.77
25.08
38.65
17.19
18.52
37.61
23.73
23.72
36.05
18.88
30.91
31.65
23.27
20.02
32.4
17.68
34.58
22.49
10.55
27.08
15.83
24.0
34.25
15.7
16.24
24.22
24.3
23.61
30.83
18.07
17.82
10.67
21.45
15.87
27.75
15.44
36.84
35.47
32.96
34.26
38.79
19.59
39.4
36.72
20.86
35.92
36.92
11.08
36.28
23.0
34.34
13.33
15.17
39.36
22.49
33.95
32.51
33.58
32.94
37.42
27.78
22.76
37.76
20.71
28.92
35.66
37.48
38.48
29.8
31.61
24.93
18.55
10.49
16.66
39.4
34.19
24.37
20.31
11.93
10.3
32.65
39.57
17.61
18.24
38.04
28.06
15.21
11.37
26.91
23.58
22.96
39.08
17.89
24.64
16.4
19.65
32.98
15.92
30.29
13.89
15.72
10.69
28.91
39.71
29.69
37.7
25.79
30.41
37.77
12.59
27.92
27.27
10.99
14.69
26.57
24.93
20.31
30.93
20.81
33.07
34.28
29.34
18.37
34.08
17.55
19.09
28.26
30.67
21.14
27.74
17.44
33.84
39.76
30.95
19.58
20.46
10.92
29.41
28.0
38.64
22.06
37.99
32.81
18.64
10.49
31.8
24.89
38.86
10.66
25.66
33.66
33.69
30.16
21.83
12.02
19.05
29.53
33.13
34.52
33.22
19.71
30.82
39.07
14.1
31.94
22.3
16.75
19.6
14.99
34.46
21.62
38.13
38.99
38.97
14.67
20.39
19.31
37.68
12.59
27.66
24.56
39.29
38.9
22.72
23.24
21.54
33.68
13.01
13.48
31.14
10.5
30.13
13.86
33.59
32.19
15.47
32.71
33.71
37.77
31.73
36.03
29.12
28.77
30.26
22.19
16.86
22.4
27.8
30.7
23.7
19.9
17.41
15.5
24.29
31.19
34.9
20.36
28.33
24.33
38.99
36.47
36.47
27.38
23.1
29.56
14.79
36.49
18.14
34.81
18.96
25.66
33.17
21.81
20.74
36.64
12.07
35.25
37.85
26.89
30.88
35.84
23.07
36.36
21.17
19.19
39.5
10.93
19.59
23.76
19.33
18.46
21.12
21.94
12.15
33.26
15.05
11.23
27.71
30.06
32.81
12.63
15.15
15.47
27.81
36.69
31.19
19.44
35.59
30.09
30.65
38.72
38.51
21.57
29.08
16.06
22.36
18.2
21.02
30.26
16.31
15.41
21.38
12.94
34.42
38.75
34.04
25.94
30.22
34.17
12.05
22.54
14.31
12.72
32.77
35.74
12.51
15.36
16.62
35.71
37.41
32.95
33.89
20.28
22.25
18.41
38.75
31.83
20.24
14.07
15.84
16.12
28.44
37.09
36.06
12.09
31.27
15.03
19.31
26.31
35.23
17.1
36.21
32.04
30.23
13.99
24.23
18.25
27.64
30.21
11.96
29.33
24.94
35.16
33.8
22.39
39.29
27.61
38.91
31.58
22.23
17.01
23.96
38.08
13.91
23.81
20.41
36.02
34.12
26.56
22.45
30.53
38.59
13.03
36.96
18.83
10.13
32.23
33.65
19.14
33.35
33.94
30.26
11.16
30.02
37.97
28.61
21.01
26.9
39.79
24.18
35.25
14.16
11.69
21.7
14.13
19.92
31.46
23.36
19.64
36.75
10.28
34.42
28.64
11.39
11.02
15.16
39.32
12.57
32.17
22.05
17.1
27.25
21.05
19.31
17.19
23.73
15.09
35.56
27.75
11.89
23.71
28.89
35.85
10.7
23.69
31.18
15.88
16.64
24.69
36.53
21.95
24.53
29.07
19.32
36.01
38.86
29.51
29.15
30.21
15.82
31.97
20.41
39.8
32.57
27.51
37.37
39.1
34.54
32.7
11.82
31.18
20.07
37.9
28.35
21.12
20.17
26.64
24.74
21.73
16.25
33.89
23.0
12.97
12.56
17.14
26.57
14.44
16.45
25.05
16.53
35.74
27.7
12.57
14.2
15.86
28.9
13.17
11.3
31.85
24.34
35.46
33.79
18.21
15.77
25.49
12.4
28.99
10.37
34.09
36.72
39.89
20.32
26.86
35.89
23.86
19.88
11.46
21.82
12.37
20.89
20.29
29.42
20.98
21.53
18.59
28.24
21.68
38.46
36.76
17.11
22.12
29.04
10.49
16.82
18.55
22.07
36.68
12.89
11.97
29.93
20.93
15.33
31.05
17.29
26.97
22.26
20.84
31.63
28.4
25.42
13.84
27.57
30.78
34.44
18.98
17.93
32.46
24.02
22.18
14.82
23.02
31.78
23.52
36.18
10.13
15.4
28.44
30.16
18.27
38.26
19.92
22.34
39.29
24.38
28.39
26.21
15.33
39.75
11.77
39.5
24.04
15.69
15.01
29.67
31.32
36.96
17.1
23.0
39.14
22.84
23.79
18.66
36.13
20.97
29.07
15.48
28.47
38.02
33.3
12.03
29.02
26.76
20.16
35.28
33.75
29.46
32.33
15.79
37.61
30.04
24.03
15.79
30.48
12.9
19.59
27.21
29.38
10.52
10.26
13.34
33.05
27.01
28.25
28.1
11.1
15.17
31.84
29.37
23.36
10.61
22.51
17.44
30.92
34.74
25.11
22.11
18.19
12.78
21.15
30.34
29.98
22.38
38.98
38.2
36.27
23.07
32.4
37.87
32.13
19.47
12.04
38.74
39.77
30.81
19.46
35.95
38.6
25.19
19.35
22.19
12.22
26.97
21.37
36.54
18.27
10.25
32.11
10.22
26.38
15.44
28.31
15.94
25.06
20.05
15.48
28.19
12.47
38.23
33.34
37.48
11.27
10.06
20.74
28.5
17.33
26.48
28.18
14.55
33.07
38.09
29.2
38.44
17.38
11.1
17.42
29.44
27.93
18.02
22.24
21.03
38.51
19.43
15.79
26.97
13.74
25.24
30.61
38.3
36.77
35.24
21.82
36.82
31.5
23.25
26.92
23.08
15.9
23.55
34.22
18.0
29.21
26.6
37.6
32.39
20.84
26.85
37.34
16.79
24.23
16.65
22.55
11.75
36.28
39.35
27.03
26.62
38.67
21.8
28.63
35.12
25.17
16.64
34.38
18.13
35.31
38.34
26.38
11.48
38.67
34.94
13.52
28.88
19.47
19.91
27.41
31.36
10.34
14.58
37.08
24.85
24.76
35.21
13.88
31.41
25.19
32.25
30.38
29.99
35.68
26.52
22.24
15.95
20.32
36.1
20.12
39.56
28.24
34.45
24.8
29.64
39.69
25.01
17.9
29.5
37.59
10.52
39.78
26.34
33.98
13.55
18.75
39.31
18.64
22.37
18.42
24.05
14.77
25.27
18.95
34.45
21.69
33.78
29.25
37.45
34.32
37.03
25.77
37.4
14.64
12.53
25.78
34.78
16.37
39.06
15.56
31.26
37.45
38.96
29.84
27.23
12.73
10.59
39.57
18.23
12.17
26.15
19.38
20.73
20.61
17.46
39.03
17.96
26.71
17.16
32.86
16.87
28.44
35.02
18.15
34.1
12.77
13.49
22.02
22.21
25.49
10.71
13.51
10.31
38.64
19.4
30.64
28.25
31.74
36.49
16.99
22.77
19.85
12.47
10.96
32.94
13.88
10.46
23.15
19.67
11.98
11.55
37.39
38.19
24.47
35.45
34.0
27.38
32.52
37.92
26.99
25.35
10.11
26.26
34.53
32.86
29.37
10.74
37.76
22.87
27.15
21.93
20.47
25.32
24.84
20.69
34.12
11.52
13.51
12.48
26.95
22.38
23.56
27.3
19.72
15.49
19.2
39.82
38.58
38.7
10.83
12.68
11.37
34.46
39.74
26.29
31.02
20.57
32.96
29.68
34.03
25.0
15.82
24.27
19.36
30.82
14.11
19.96
10.2
34.47
22.2
33.29
12.93
15.81
35.51
27.86
10.18
37.15
39.5
29.84
31.83
14.01
32.99
12.97
36.69
25.14
14.24
12.66
23.2
10.16
38.84
15.12
22.59
28.2
30.24
26.94
15.36
24.15
19.68
12.68
21.63
28.26
13.06
14.95
12.59
10.03
38.09
35.15
16.95
27.33
34.05
21.0
32.17
36.06
24.96
36.64
16.3
37.04
34.16
35.2
10.13
29.91
22.02
28.14
12.51
17.09
20.54
31.55
26.59
10.44
20.04
38.2
15.4
17.1
19.22
18.04
13.65
19.38
26.18
30.26
29.29
14.88
28.44
20.75
34.66
20.87
39.3
28.44
22.87
25.09
15.28
30.4
38.89
25.45
39.77
14.51
29.13
30.34
19.35
20.55
38.36
28.36
33.45
31.78
28.33
11.44
29.88
20.35
24.07
35.54
39.06
30.83
16.96
19.53
14.14
27.42
37.9
34.33
26.31
38.24
36.9
20.83
26.49
18.88
10.26
23.54
32.5
29.03
37.8
30.57
14.24
18.0
13.76
33.84
38.52
16.79
32.97
23.11
20.66
39.61
20.38
29.83
31.38
33.19
35.86
26.99
28.13
31.33
14.47
16.0
32.93
14.05
30.65
10.97
20.13
29.87
31.2
28.9
23.25
17.64
28.4
15.55
11.81
10.59
18.03
10.9
17.48
18.68
20.35
31.4
23.24
39.56
38.42
39.45
22.37
11.33
35.81
23.05
29.23
35.3
28.22
32.11
17.46
15.85
26.66
29.14
36.15
34.64
39.67
38.99
28.71
25.1
32.82
17.84
20.57
33.01
38.5
36.86
12.19
16.96
18.2
21.5
12.12
16.93
31.48
17.33
38.28
22.69
12.99
35.28
37.47
37.84
24.82
37.62
31.28
15.87
26.0
22.99
23.53
22.4
15.26
21.7
25.36
18.57
15.31
15.95
15.79
23.4
16.27
31.52
20.07
38.18
11.88
19.3
32.15
30.54
22.62
36.11
12.14
25.27
16.01
21.22
30.97
12.97
11.31
22.62
18.14
31.62
11.97
39.0
28.62
25.04
22.38
32.47
20.69
33.31
31.32
26.54
36.66
20.38
11.74
21.29
36.26
12.32
32.89
34.76
22.84
15.84
20.67
21.95
37.97
18.54
39.18
13.26
39.22
16.7
15.03
13.6
19.49
28.5
29.99
21.1
16.92
39.85
18.12
21.35
24.43
32.19
14.56
17.98
39.91
34.75
23.32
13.26
36.0
33.49
27.42
22.13
38.07
18.87
19.63
36.27
28.79
38.53
29.35
10.99
15.3
18.45
36.02
34.93
33.71
26.61
14.17
13.94
13.78
35.64
14.25
34.26
35.34
13.15
37.06
36.93
29.15
25.39
29.42
22.14
27.66
39.09
13.4
17.01
25.72
17.76
39.78
31.61
23.02
37.08
14.33
18.64
38.68
26.71
37.62
39.53
20.81
27.29
35.4
18.18
23.4
14.6
29.58
10.13
23.48
37.87
36.92
34.11
14.23
25.61
31.57
13.04
14.41
11.2
19.69
36.32
25.22
35.6
12.51
11.68
34.12
24.93
24.13
24.27
21.43
36.59
25.63
39.22
35.4
32.13
29.09
35.06
36.45
14.0
20.79
34.16
16.64
27.59
33.41
16.72
22.06
37.45
20.68
28.14
23.02
36.31
22.72
20.78
15.2
20.48
30.09
15.27
31.16
10.32
21.01
23.98
12.88
30.52
13.08
12.7
21.04
32.15
38.91
33.28
23.98
18.18
19.04
18.51
18.35
12.07
16.61
13.24
10.22
18.57
20.57
37.82
39.84
27.38
37.03
28.55
24.93
11.28
11.34
10.92
14.5
12.31
15.84
25.58
25.1
20.33
29.98
21.76
16.61
30.76
39.41
34.32
22.42
21.27
11.16
29.71
16.68
30.51
32.81
36.39
26.45
34.9
31.7
20.59
13.19
17.27
35.34
26.03
29.97
34.18
30.01
35.68
12.59
37.11
34.38
37.09
31.93
18.23
13.42
13.89
24.97
21.73
29.63
25.1
13.76
10.07
13.85
14.4
31.6
18.56
12.81
32.66
38.21
13.01
38.89
38.51
25.69
18.87
14.14
34.72
28.14
29.54
35.83
23.32
21.04
32.87
18.92
19.84
21.43
35.69
33.37
18.74
14.31
21.78
28.74
30.29
16.01
17.48
37.9
21.55
19.42
30.87
24.04
17.4
22.28
14.33
18.39
22.55
25.54
32.25
21.55
26.37
38.53
34.55
17.11
16.4
29.88
27.86
26.41
14.63
20.88
32.78
31.71
14.96
22.81
23.28
25.26
23.83
25.05
34.39
21.68
26.56
28.2
38.27
29.64
13.92
27.47
29.86
10.29
12.26
10.57
11.45
12.69
38.73
16.2
16.14
35.72
32.58
30.27
22.65
10.94
34.8
35.82
24.45
29.35
24.33
18.88
26.21
30.66
14.64
25.92
33.28
24.27
14.71
36.09
30.22
28.98
29.55
17.35
24.77
19.78
35.01
27.66
31.52
29.81
24.51
34.15
28.46
16.8
18.72
34.81
38.24
26.44
21.57
28.75
24.51
35.25
34.99
23.68
34.14
15.79
21.22
12.39
34.23
39.26
27.3
32.99
22.05
26.85
20.42
30.91
17.39
14.6
36.96
35.93
35.05
34.65
31.89
36.24
16.31
36.11
37.53
31.48
27.98
17.08
35.98
27.3
28.32
28.2
36.0
14.11
11.85
16.72
24.75
24.08
25.36
13.43
33.79
19.06
37.4
35.2
11.9
11.61
28.87
12.32
27.16
12.37
24.38
22.57
27.73
20.69
14.2
35.26
18.98
12.02
25.02
36.33
18.42
23.52
22.08
11.45
36.05
32.77
12.87
13.96
10.32
39.57
22.49
37.91
22.6
13.11
20.3
22.55
15.3
11.61
19.5
26.18
17.66
38.76
24.44
13.91
22.4
31.23
24.61
19.94
13.19
23.79
12.92
21.13
13.49
30.28
33.18
17.3
12.24
20.41
26.82
33.04
22.09
20.98
37.25
23.49
23.42
22.3
20.9
31.85
18.45
21.36
18.47
27.11
38.81
21.71
39.05
29.7
33.86
19.99
16.73
27.3
39.72
31.31
30.45
23.5
36.38
30.91
30.25
18.78
38.73
17.51
25.71
20.19
15.42
14.32
18.79
30.67
39.24
35.6
16.54
12.35
30.6
10.9
35.77
34.77
33.81
26.57
39.21
23.75
39.6
36.46
13.8
36.85
19.15
33.05
10.01
18.28
32.75
39.17
15.13
23.78
27.62
38.58
23.6
38.01
39.35
38.25
32.46
13.79
28.07
32.61
38.65
33.34
26.17
16.15
23.71
29.15
19.74
23.69
10.52
36.37
11.04
22.28
25.33
39.17
38.05
29.39
27.52
21.0
11.23
18.03
35.43
29.45
34.43
35.11
11.87
20.11
30.28
35.59
34.04
22.66
37.96
19.02
21.27
15.44
16.81
10.26
19.25
19.2
12.02
20.21
19.04
33.97
14.69
31.75
13.9
24.89
32.09
28.19
29.38
16.19
34.82
38.56
14.63
36.65
21.93
30.97
25.2
33.8
11.36
19.71
11.42
38.25
15.1
22.74
29.24
23.85
26.1
16.12
12.01
17.72
19.51
22.47
18.88
11.07
12.84
30.21
11.89
11.39
34.35
11.24
12.06
26.49
23.29
38.93
38.11
29.81
12.16
25.1
11.35
37.24
29.8
27.22
22.84
25.29
22.01
12.99
29.83
39.89
13.37
39.83
36.99
36.83
34.94
37.71
17.39
23.11
24.39
12.04
39.43
30.68
23.55
39.77
18.17
20.11
15.73
15.6
15.65
28.33
18.82
38.55
34.5
14.84
35.02
20.37
16.83
33.46
35.71
38.81
22.61
26.86
28.45
28.83
22.06
14.57
12.11
37.18
21.0
15.42
39.51
34.09
39.44
18.36
23.9
34.26
26.56
20.65
14.75
26.85
27.95
31.62
33.72
13.54
28.84
33.44
21.67
18.27
24.39
19.3
25.3
19.25
22.68
37.45
37.5
39.77
24.58
15.04
36.67
27.91
32.43
14.88
19.59
18.26
26.79
39.92
28.37
27.19
32.77
19.86
17.6
35.14
38.82
22.64
11.24
15.37
35.71
13.65
32.89
28.61
31.8
17.7
10.55
11.19
31.75
28.4
35.21
21.98
26.67
33.51
24.9
39.8
32.29
30.5
34.05
33.32
16.59
16.31
28.18
23.08
36.15
18.7
19.93
14.99
39.45
13.48
39.49
31.19
12.67
14.56
19.81
17.81
39.19
28.4
12.23
25.76
36.91
22.49
29.98
33.2
15.55
35.67
23.46
11.7
36.37
26.93
15.95
19.52
27.08
21.23
17.0
24.38
15.55
17.36
34.8
16.86
30.86
17.51
16.37
17.53
24.05
14.39
13.2
32.7
10.7
21.56
21.88
36.79
33.23
25.32
24.39
26.97
20.73
31.02
30.58
27.24
11.73
13.81
11.18
31.56
24.33
38.65
38.57
33.95
23.29
19.49
16.03
16.97
39.71
25.91
10.37
11.33
23.76
23.3
22.17
34.71
31.09
13.22
20.88
27.9
21.47
16.25
28.84
28.07
39.24
26.83
36.23
38.48
23.04
11.59
14.3
25.12
36.79
29.62
16.04
31.03
36.83
10.91
17.28
14.6
33.52
36.74
26.64
35.45
29.71
29.7
27.39
11.5
38.11
20.67
34.08
34.3
38.97
19.8
39.92
19.02
23.54
31.19
14.65
17.99
31.84
39.23
31.98
35.87
11.12
27.31
37.42
30.47
30.29
16.09
35.83
35.95
28.42
22.8
34.73
23.95
34.68
24.55
27.39
32.44
17.95
17.41
30.04
38.62
23.38
36.95
25.55
39.22
33.76
35.79
30.39
36.05
27.78
27.02
36.21
10.45
24.36
36.1
15.88
38.74
32.22
32.87
29.96
23.42
23.83
35.17
14.17
25.66
19.3
39.53
10.11
11.91
39.02
26.31
14.16
23.46
19.68
37.34
30.63
13.92
26.09
14.03
29.96
31.82
26.86
38.98
38.33
16.18
10.01
29.88
24.27
20.04
37.51
39.36
37.92
25.01
31.1
15.15
38.53
18.51
15.78
11.8
26.51
38.45
14.07
13.62
18.18
29.96
26.43
12.89
23.27
12.01
35.56
13.21
24.14
25.31
25.9
28.27
31.05
10.13
10.93
28.35
15.46
34.96
28.83
39.41
31.84
12.72
15.13
11.4
32.24
13.8
29.91
26.66
29.0
25.26
10.39
17.6
36.55
37.88
12.92
38.58
30.12
37.68
22.03
13.05
19.07
30.69
33.86
11.5
24.61
11.93
35.91
24.29
37.44
12.36
19.91
30.3
18.81
35.25
39.61
18.44
20.83
39.02
20.74
26.68
33.08
23.15
21.18
24.87
33.39
19.36
20.52
15.67
31.05
36.98
15.57
11.04
21.44
22.3
29.38
12.57
34.64
27.22
26.38
19.49
20.96
11.66
32.61
28.14
39.29
20.61
29.99
37.59
31.35
11.21
28.97
26.36
24.98
26.59
23.82
30.75
10.45
15.66
20.96
23.58
13.91
34.6
37.88
32.54
37.86
32.3
23.23
21.79
14.99
12.59
16.59
25.96
14.05
38.53
16.56
35.01
34.56
14.24
31.32
34.72
36.53
38.62
37.9
19.33
18.03
21.93
23.95
17.02
12.58
29.7
15.23
37.45
18.63
15.93
15.82
18.68
28.36
39.35
24.59
27.99
35.28
20.02
15.4
23.01
19.56
35.98
39.34
30.65
29.61
31.43
24.03
28.86
12.14
24.8
19.97
11.6
26.34
20.81
27.72
25.4
18.29
26.2
21.36
37.63
21.27
11.2
32.91
38.91
15.08
39.18
28.52
35.42
24.19
28.68
35.23
39.48
15.54
36.96
30.02
38.41
19.54
17.28
20.97
36.53
23.79
38.54
17.27
16.62
30.35
18.75
13.87
21.28
17.98
22.39
15.6
38.71
34.05
35.23
18.93
35.7
27.72
11.7
14.6
23.38
21.81
33.86
36.21
35.95
21.26
29.07
24.91
36.67
36.67
11.62
27.16
25.1
33.11
15.87
30.85
32.16
10.8
22.94
39.37
19.02
36.54
27.61
18.9
35.08
39.72
32.26
11.84
11.57
24.75
10.18
30.28
10.49
39.19
36.42
34.46
34.37
35.03
23.03
33.76
21.01
35.45
28.54
20.75
32.36
17.28
38.94
29.94
22.04
26.52
32.13
33.92
39.25
16.27
25.13
12.74
12.47
13.13
17.79
30.89
35.83
23.08
26.66
16.19
33.73
36.65
24.57
14.83
10.15
26.09
24.93
37.77
11.09
14.47
15.93
26.41
18.54
16.17
25.43
11.22
39.26
35.83
18.16
20.09
17.38
37.85
29.6
25.64
25.26
14.98
38.88
37.44
38.57
18.73
24.3
25.57
24.69
10.58
34.99
32.4
24.24
18.02
29.05
14.15
39.92
13.76
11.75
28.37
23.9
31.57
13.84
20.91
25.03
23.41
27.49
13.05
25.11
26.64
36.43
27.13
26.42
34.36
11.95
29.44
34.35
12.84
34.35
33.61
10.03
17.38
14.54
25.34
37.42
28.08
28.05
13.69
29.99
36.65
22.88
30.45
18.85
18.07
15.55
17.25
20.28
27.0
33.42
18.69
15.04
23.49
33.69
21.68
37.4
17.44
32.75
24.03
13.21
18.43
35.75
10.18
32.69
34.34
13.6
38.87
36.17
15.36
17.24
34.55
26.39
37.68
39.37
20.3
12.91
31.11
37.69
14.95
39.56
15.88
12.59
24.87
34.17
20.63
19.96
15.91
39.58
20.26
29.99
13.97
23.49
33.87
39.11
15.32
12.84
39.63
26.63
20.36
38.81
21.71
16.96
34.11
19.42
19.66
23.35
30.79
35.25
16.79
20.87
24.89
10.77
30.91
26.98
14.01
13.91
36.86
30.5
21.64
20.14
19.51
29.64
15.36
39.62
30.61
13.81
14.14
29.45
21.5
29.8
31.68
26.14
17.7
26.53
22.66
36.71
32.21
28.57
11.19
39.71
26.99
17.77
27.75
34.54
26.16
33.31
22.39
27.7
22.67
25.83
15.03
27.96
39.37
32.94
19.6
35.92
36.87
15.3
11.59
27.17
24.28
31.44
18.79
21.41
17.92
18.76
10.28
25.32
24.19
20.68
26.21
21.75
22.98
10.06
11.99
14.52
15.52
23.57
36.25
22.18
28.82
10.77
35.65
13.39
18.53
34.5
17.95
17.74
28.09
37.1
16.41
28.62
28.01
29.79
38.4
14.98
29.63
15.47
19.43
21.7
35.06
11.61
32.01
37.38
12.38
33.72
13.23
38.89
34.46
30.85
26.5
37.62
13.57
13.65
34.67
24.47
35.35
21.72
23.56
19.96
38.52
23.95
32.65
30.88
17.05
37.42
26.34
35.67
34.97
11.76
28.59
33.67
37.19
25.19
32.52
39.09
34.84
35.63
22.22
12.75
38.98
30.87
15.13
39.21
31.47
12.71
15.12
35.96
38.61
20.94
22.4
21.86
35.06
23.6
21.26
28.66
24.72
26.0
22.21
23.82
11.08
37.77
10.92
33.18
18.95
13.37
28.29
31.21
28.91
27.28
26.09
26.23
35.96
12.7
14.72
34.38
19.09
33.15
20.58
37.76
18.44
22.81
14.77
30.0
22.09
38.24
10.47
21.63
10.71
19.87
21.41
17.74
17.67
17.8
17.99
18.47
35.54
11.17
39.67
18.45
10.84
15.25
38.26
39.93
17.4
16.76
35.08
37.43
29.51
38.07
38.5
32.79
20.46
14.48
25.53
18.69
13.56
21.82
24.39
29.86
16.63
36.05
15.56
39.92
26.71
14.41
35.03
17.61
15.65
14.04
26.53
36.38
36.91
33.57
27.44
25.9
21.21
11.32
35.1
39.98
37.63
37.99
20.0
12.98
36.15
32.91
21.71
35.01
14.16
29.53
38.6
37.31
32.83
18.0
13.08
19.74
28.52
19.5
22.39
22.11
20.07
37.7
19.6
39.81
16.28
36.18
31.97
30.06
23.36
34.5
24.77
14.07
18.41
15.47
27.09
29.66
20.08
11.19
29.76
11.86
38.97
36.62
34.93
21.03
32.35
11.38
12.69
24.84
27.6
33.01
18.93
26.28
11.88
24.13
30.14
39.69
33.04
39.86
24.94
22.99
35.03
23.87
32.68
39.84
31.74
10.43
15.41
18.29
34.66
37.96
29.49
12.64
24.99
35.77
20.87
11.96
33.39
29.71
24.01
35.49
35.49
31.03
38.27
23.62
31.87
34.92
29.07
26.59
31.96
20.64
20.99
39.3
13.57
35.26
33.66
11.62
31.11
12.82
16.32
38.75
20.86
11.7
25.64
16.19
22.79
13.05
12.88
25.12
20.08
14.66
27.41
11.87
32.58
11.54
39.11
32.07
36.92
23.2
11.74
16.88
39.13
28.57
16.84
24.48
19.52
24.69
35.1
16.68
21.97
23.38
27.61
12.33
16.21
21.93
34.28
15.61
36.45
20.17
17.62
22.28
26.61
32.02
24.31
34.54
34.56
10.05
33.75
23.28
39.01
34.61
21.52
29.04
15.83
18.71
16.06
32.53
10.25
22.22
35.13
31.27
22.65
28.99
22.95
35.32
27.18
28.98
39.66
33.1
18.58
33.19
37.85
18.85
34.52
17.13
23.02
30.71
17.31
15.62
23.88
33.5
27.88
31.04
30.68
26.33
19.47
22.65
21.42
12.37
36.95
29.26
35.72
33.28
12.05
16.49
38.52
23.86
34.36
27.26
34.71
32.04
18.39
39.74
24.72
27.55
26.21
36.56
18.4
11.85
22.84
37.55
23.18
18.33
28.55
32.13
23.88
21.4
20.94
22.64
35.28
24.48
19.43
15.47
18.48
23.88
26.43
28.64
12.14
28.4
20.56
17.71
19.93
33.53
34.1
13.11
24.84
25.88
10.91
31.51
21.0
22.54
28.3
24.07
32.44
27.88
16.78
36.11
16.47
31.41
33.77
30.65
22.65
36.34
19.83
30.61
36.33
14.66
29.58
37.03
13.09
14.37
21.35
39.83
16.72
19.74
35.05
13.92
39.89
32.17
38.78
14.33
16.97
21.12
11.53
11.82
37.11
11.28
32.5
31.53
12.18
15.63
23.64
29.25
36.87
25.8
38.09
15.71
28.68
35.34
17.0
33.66
22.01
39.99
12.75
26.6
33.49
30.29
25.17
25.39
22.16
20.27
27.81
32.45
18.38
38.4
20.94
23.02
22.33
13.34
13.48
33.86
21.44
16.48
31.23
38.79
38.1
31.7
15.75
14.62
36.13
38.88
28.67
37.04
34.45
14.62
16.69
12.03
24.22
19.72
22.78
10.26
31.64
16.02
21.05
22.07
11.99
20.97
37.0
36.8
10.74
10.89
27.82
16.14
36.96
24.49
19.77
38.6
19.54
19.62
13.99
16.67
32.81
32.79
21.6
20.48
22.55
19.03
28.23
35.1
10.28
38.08
13.54
36.99
17.01
37.51
33.62
18.08
10.85
31.48
34.65
30.39
21.45
13.82
20.41
18.06
31.69
14.78
34.59
28.36
24.48
20.81
25.22
26.2
17.11
39.66
37.29
21.72
17.62
19.21
39.41
22.21
37.36
11.77
33.3
32.86
29.53
13.63
39.44
16.38
31.29
32.54
32.8
34.78
39.67
12.88
24.17
39.25
36.46
39.72
27.47
30.19
17.91
23.75
10.63
31.59
37.78
13.36
23.63
28.7
28.97
19.2
10.59
36.63
12.75
15.33
38.88
25.01
36.22
36.91
39.68
11.22
11.59
15.72
29.69
17.86
24.87
33.59
15.57
18.58
31.83
10.23
32.72
30.29
13.89
17.32
10.46
27.44
21.91
22.7
13.1
20.57
37.57
11.94
39.25
35.44
16.09
31.16
12.73
14.79
24.64
22.01
34.45
38.18
38.28
14.41
30.59
27.12
21.11
39.84
23.68
29.96
25.09
13.09
14.23
32.5
34.05
20.91
12.01
38.71
24.91
14.02
15.95
11.36
31.3
31.12
28.08
26.39
21.44
38.52
34.02
37.23
19.35
39.35
14.96
11.69
19.6
16.04
25.53
20.51
15.15
35.33
25.24
13.29
12.26
21.5
37.24
25.24
14.17
17.4
11.48
34.96
38.38
12.33
15.19
15.13
34.11
35.18
22.58
39.08
17.78
25.75
39.89
34.81
24.62
13.26
37.13
26.26
19.25
23.54
19.33
26.53
18.19
23.38
22.79
28.48
10.42
27.96
27.79
21.77
17.41
35.18
20.34
19.35
23.9
18.34
34.92
26.95
32.63
32.36
33.65
36.08
37.58
21.51
23.31
11.5
37.77
27.61
31.37
23.08
24.22
26.3
33.86
28.39
34.34
16.5
16.18
16.2
10.15
15.37
13.56
23.61
13.82
22.48
39.99
25.1
37.74
31.06
36.83
28.77
34.3
19.08
21.16
38.81
18.03
22.64
29.53
21.77
10.63
33.77
20.07
16.83
25.17
10.25
35.92
17.84
37.68
30.33
26.46
34.19
39.8
17.54
20.65
24.53
26.18
26.59
26.47
34.85
22.14
10.33
36.27
29.87
15.68
10.89
19.47
13.73
36.9
18.34
31.17
29.74
31.42
25.9
31.89
25.37
21.33
35.75
23.76
27.04
23.95
33.26
26.19
24.12
17.73
37.35
35.9
22.94
29.79
25.24
15.29
21.28
35.6
33.92
13.07
12.26
35.61
36.98
18.83
20.48
20.07
13.81
32.35
21.1
35.09
36.36
37.38
34.54
33.67
23.48
10.81
13.36
25.93
20.8
34.87
26.89
12.97
24.36
34.66
35.89
14.98
13.01
21.61
11.97
31.79
23.43
15.95
13.07
37.82
11.29
12.94
17.03
12.84
29.33
16.55
24.4
35.81
34.74
14.39
12.66
29.93
16.31
33.44
23.03
14.64
39.23
11.67
13.73
34.36
23.58
38.14
13.39
14.71
10.05
16.51
29.72
31.7
22.9
17.72
31.49
15.18
33.01
33.6
23.23
15.81
28.9
35.6
25.89
23.83
39.38
26.12
11.03
25.06
23.36
18.76
19.52
37.92
14.01
32.92
37.07
17.78
12.0
19.21
22.99
38.54
22.9
12.76
14.41
20.58
15.53
11.82
15.26
13.16
16.08
39.89
23.36
29.76
14.96
35.48
18.01
39.47
35.1
38.53
30.05
29.74
35.23
31.46
28.19
20.75
16.69
33.47
21.58
11.84
24.39
29.73
10.69
31.15
16.74
16.67
26.89
20.12
23.52
25.39
37.63
16.15
23.93
33.58
16.16
12.47
10.53
13.11
18.24
22.28
27.81
16.0
18.09
30.97
37.27
14.07
24.18
18.86
25.84
13.57
18.13
31.27
34.58
28.65
38.33
29.59
32.4
20.72
15.1
29.74
37.57
39.46
23.5
26.19
19.34
30.18
32.96
11.24
35.4
25.41
27.39
16.19
10.31
38.57
37.85
33.23
24.21
19.53
14.68
12.43
23.72
33.77
31.78
32.68
13.56
35.88
34.12
12.82
20.7
21.26
32.05
35.81
21.27
13.93
12.48
29.17
24.94
37.06
38.61
36.94
12.27
18.53
17.16
12.06
37.55
36.84
21.72
38.76
26.9
23.02
26.49
22.66
18.76
15.43
23.82
25.92
34.65
24.2
34.88
38.64
31.64
13.59
23.84
35.7
24.75
34.32
33.28
14.8
19.88
32.92
14.78
22.68
14.12
17.07
18.57
25.91
37.36
21.57
35.5
30.86
33.41
32.87
19.06
17.09
39.33
32.13
20.97
26.63
33.28
11.67
12.97
10.75
14.92
13.58
23.89
18.62
11.37
23.48
27.36
21.11
17.81
21.71
25.6
23.08
12.8
23.71
31.61
34.6
23.19
39.81
35.29
16.46
23.7
18.86
26.51
16.72
11.06
37.13
25.59
37.45
13.54
14.54
16.79
23.71
36.4
29.51
11.65
22.22
31.7
19.67
24.78
31.34
38.95
20.0
32.33
32.42
26.28
34.4
26.08
28.75
35.12
24.29
24.34
27.73
34.13
13.82
33.14
18.84
12.13
33.77
14.35
16.4
31.19
26.94
37.61
38.63
19.42
19.73
16.29
25.53
21.34
10.44
21.85
11.85
33.97
37.87
18.87
29.52
12.66
20.91
27.28
13.13
21.31
38.66
14.98
28.61
35.0
33.14
33.14
11.77
39.21
31.81
38.63
39.38
20.71
26.3
31.88
35.47
39.13
39.23
19.83
30.41
14.41
34.32
14.79
36.72
39.37
12.59
25.37
17.94
24.1
18.81
11.97
21.82
16.14
26.48
30.42
22.16
16.11
15.75
10.07
31.07
17.59
39.12
32.41
18.86
14.77
28.73
35.94
27.53
10.33
33.59
38.93
11.42
34.27
31.57
21.92
29.02
14.76
31.6
27.44
12.6
36.05
13.85
23.15
13.94
29.38
32.14
38.42
17.58
20.99
21.6
12.91
34.24
12.48
20.16
15.71
29.93
37.17
32.39
33.24
12.36
32.17
11.88
24.53
30.76
17.64
30.48
36.42
36.34
15.76
18.24
29.98
35.24
23.66
37.67
27.24
17.86
10.6
34.22
12.78
12.35
33.31
10.95
35.28
27.96
29.1
38.14
36.0
12.28
35.59
30.01
19.5
35.6
10.7
35.13
28.61
17.84
10.18
25.64
22.67
35.88
33.64
27.69
14.53
31.78
27.81
10.68
32.85
34.95
33.23
15.29
25.08
25.82
38.03
37.77
11.87
39.98
33.6
21.27
32.3
21.3
38.09
21.34
32.98
14.66
35.57
28.61
34.23
22.54
20.39
25.98
21.65
25.42
22.92
15.9
39.3
10.48
37.77
34.82
22.63
19.66
14.94
13.99
26.53
13.16
24.29
34.44
32.71
13.98
38.83
18.59
31.17
19.01
28.52
27.17
15.35
29.58
19.78
28.33
26.24
35.28
16.41
14.54
35.65
23.34
33.46
38.79
26.33
19.02
33.83
37.93
17.35
30.65
33.42
10.8
27.77
28.99
29.1
12.52
10.65
18.81
20.73
14.34
25.29
16.83
20.13
18.78
33.16
36.31
18.95
21.3
34.46
32.77
31.26
31.24
18.92
38.1
34.28
16.36
29.86
14.65
27.33
18.67
13.16
28.1
36.53
14.22
36.97
13.83
32.26
39.69
12.81
16.38
23.91
32.13
36.94
31.87
33.14
23.56
20.67
25.23
29.49
25.07
33.71
14.71
21.89
12.0
30.14
32.71
30.02
38.65
37.96
18.11
17.3
10.76
25.08
35.83
14.73
27.8
31.61
21.03
31.09
35.12
10.32
32.06
28.0
35.35
14.16
34.21
14.24
27.55
18.13
17.2
24.96
32.72
29.36
39.66
13.57
31.65
11.66
20.72
20.31
17.69
25.97
17.31
21.03
35.78
19.71
39.58
18.28
37.09
22.94
37.23
22.8
33.11
22.0
28.63
11.54
27.97
19.48
39.89
34.32
12.39
15.95
28.48
19.01
16.39
20.67
13.19
26.63
18.49
36.01
10.98
20.53
26.49
17.05
11.72
12.17
14.78
18.16
31.17
24.24
10.99
14.65
21.04
22.59
11.89
13.63
17.87
35.1
16.28
16.8
24.84
36.74
25.85
12.38
15.59
35.67
36.3
33.86
26.26
23.17
18.05
26.43
30.48
27.98
16.77
37.09
21.71
36.55
21.92
11.15
32.14
37.6
17.64
26.27
34.23
19.63
18.59
22.33
26.52
26.58
24.59
34.61
14.59
12.55
15.06
31.12
14.36
19.68
36.39
14.21
25.85
25.18
11.02
13.46
38.51
38.83
36.24
22.96
27.79
34.72
30.28
36.85
19.47
28.72
27.01
39.54
36.34
14.96
11.77
23.39
26.37
33.7
14.79
37.6
27.15
35.28
35.09
38.56
29.76
33.51
34.62
24.04
22.97
38.4
12.01
38.59
27.35
18.84
26.72
29.13
13.32
30.1
37.08
39.14
27.99
19.81
26.9
10.09
37.58
33.54
14.99
28.28
10.62
16.48
15.1
14.68
26.56
38.93
13.91
36.18
12.47
12.49
28.84
27.24
20.33
26.0
32.65
33.2
10.36
12.34
10.1
10.47
35.19
12.51
31.33
39.4
34.63
11.99
36.82
38.75
31.19
28.49
28.05
34.61
26.6
20.01
39.11
11.45
29.96
27.57
29.17
29.27
13.71
14.01
12.02
38.15
28.3
12.31
23.01
20.78
14.45
34.66
33.27
23.92
25.67
23.09
26.53
31.98
36.28
27.77
13.77
33.16
21.17
28.9
15.96
14.9
11.58
19.43
27.91
19.56
17.23
39.85
39.97
28.15
19.71
35.85
32.1
28.48
37.25
23.36
17.66
39.01
35.81
37.36
37.55
21.48
35.82
36.68
26.43
28.76
27.32
10.48
26.07
11.14
23.53
11.37
23.66
19.14
33.22
24.37
25.36
37.11
24.47
14.69
13.38
19.17
17.96
34.55
32.77
11.76
16.03
23.46
12.62
14.99
37.25
26.24
33.9
19.92
21.24
35.75
29.72
30.35
29.17
26.23
39.73
36.83
31.33
30.34
12.53
24.56
24.88
11.56
32.67
10.06
22.76
37.1
20.21
27.48
19.24
15.37
31.9
16.14
12.17
23.05
31.27
27.4
17.33
34.53
12.91
30.11
28.2
36.97
25.81
34.57
16.46
26.36
25.98
18.86
10.15
32.33
21.9
19.0
15.82
35.55
20.02
16.12
25.7
33.46
28.07
38.81
38.7
37.07
26.95
33.05
18.66
27.26
11.99
17.9
19.76
20.84
14.83
12.5
27.35
24.74
27.54
13.88
38.43
22.4
23.48
26.41
30.7
21.55
14.29
33.49
17.82
23.29
28.97
38.96
11.01
25.57
38.08
17.65
13.37
27.91
14.57
36.37
31.7
13.63
27.32
10.81
35.36
16.16
31.95
13.19
24.17
37.88
12.23
18.86
33.48
23.9
29.51
34.36
33.52
21.86
22.92
27.13
13.68
36.09
12.8
15.54
38.34
18.46
17.33
22.76
31.73
20.99
36.24
14.48
13.54
12.32
18.95
15.99
23.84
39.87
36.06
36.85
34.92
18.15
16.79
31.96
27.97
16.18
39.02
22.73
34.43
12.21
11.05
23.67
13.58
39.38
34.36
23.62
39.39
17.15
30.37
10.53
21.17
12.38
21.02
21.42
21.26
22.43
28.51
15.68
17.03
29.36
23.99
14.86
33.62
37.93
23.96
28.42
34.46
38.91
39.07
37.69
34.48
22.77
30.09
32.9
12.76
13.49
31.16
30.01
34.12
15.54
38.1
17.15
14.05
19.73
34.26
10.85
16.8
38.67
10.51
18.35
19.77
37.72
35.54
23.8
19.53
38.33
15.65
24.3
22.55
38.06
32.67
23.9
28.21
37.23
34.94
28.46
37.46
21.41
32.0
10.48
27.49
14.11
25.73
17.4
21.42
33.76
11.76
26.12
14.35
27.2
29.01
15.46
10.18
12.56
30.69
21.4
21.19
30.76
24.91
29.11
37.58
25.21
29.14
29.19
26.04
29.93
35.03
34.23
11.72
38.55
35.42
39.12
15.82
26.09
23.2
21.31
22.2
37.11
30.95
19.74
21.37
24.06
21.01
16.3
23.06
12.39
35.63
34.75
36.76
23.38
29.54
34.3
19.45
29.0
23.15
21.21
35.78
28.72
28.7
14.71
20.41
35.24
16.4
39.11
34.96
18.03
13.25
15.09
17.27
17.13
10.49
31.46
39.31
18.59
10.49
37.55
16.19
10.21
16.72
13.12
31.78
10.05
23.24
24.76
33.53
25.67
13.74
22.79
38.04
17.1
18.98
36.2
33.58
18.87
31.25
12.55
26.29
36.13
35.28
16.09
25.99
21.95
26.83
12.25
39.44
26.91
13.58
29.27
10.23
10.19
15.37
18.13
17.89
23.3
25.4
22.66
21.22
30.1
17.45
28.83
38.7
24.15
25.34
31.85
25.22
14.32
28.32
25.26
38.54
12.79
26.09
28.51
28.6
11.79
19.83
17.88
30.4
32.06
16.28
34.78
24.55
17.89
18.99
17.91
28.13
25.81
38.16
18.21
19.58
10.19
18.95
17.53
22.06
24.87
30.11
15.76
26.69
31.86
17.24
20.54
16.15
13.33
32.69
17.2
21.03
17.43
11.31
31.87
29.3
24.28
30.23
35.39
28.55
37.2
16.04
36.5
26.25
35.25
32.31
11.73
35.13
20.12
22.69
10.33
32.76
24.01
38.19
18.43
24.88
22.33
33.76
26.07
23.8
38.4
21.34
24.7
26.62
11.62
25.8
20.07
29.51
29.31
31.34
21.97
13.14
23.17
26.57
10.75
26.42
21.98
24.35
19.1
24.76
36.46
33.64
28.48
28.8
36.86
24.39
26.18
35.81
32.64
22.99
19.16
25.53
13.62
30.41
23.93
27.85
35.39
20.69
24.92
26.67
18.41
18.25
25.79
17.71
35.84
39.85
16.33
27.26
14.36
15.57
32.98
15.99
32.47
22.12
24.38
17.78
26.47
19.95
15.24
14.17
39.99
20.37
34.15
20.24
28.69
35.23
30.88
12.07
15.78
36.21
24.14
27.95
10.73
24.62
22.93
30.59
18.23
32.32
30.13
25.29
21.27
19.06
26.05
27.3
23.44
19.62
36.4
19.31
30.16
37.14
29.41
20.98
18.92
35.6
24.7
27.8
27.89
26.01
37.94
37.93
11.21
25.17
26.97
37.77
12.09
33.67
29.27
31.97
18.75
32.4
18.48
30.27
33.61
33.5
26.33
22.41
17.31
11.0
11.47
22.56
12.85
13.36
15.84
24.44
27.75
30.83
24.59
29.94
35.86
21.22
30.65
29.76
29.09
27.5
31.78
34.56
21.76
29.64
17.46
32.68
36.41
32.84
24.73
14.0
36.19
34.44
30.94
35.54
25.99
39.72
35.11
14.91
22.06
15.1
16.73
25.03
20.84
37.29
10.0
10.31
37.61
17.17
10.07
23.13
15.87
11.6
25.91
14.21
35.11
19.06
16.65
32.19
35.46
12.79
14.55
24.24
27.71
12.5
21.25
36.93
36.28
19.34
16.82
27.48
12.88
17.0
15.0
16.23
16.44
28.82
24.64
35.87
32.07
24.97
19.22
34.96
12.39
30.43
13.39
25.98
37.05
17.14
12.36
20.18
24.35
31.74
10.89
13.93
22.32
12.85
38.68
25.33
21.31
39.39
29.38
25.47
17.23
17.59
20.87
32.52
34.48
15.76
34.52
19.93
16.01
15.84
23.9
33.01
27.12
23.94
10.54
26.91
30.24
12.94
38.69
12.75
30.72
25.74
36.53
22.42
25.26
26.59
36.25
33.99
18.4
38.66
32.59
10.36
15.51
35.67
29.38
17.74
15.14
14.4
19.54
36.96
20.56
29.82
13.35
25.94
20.29
14.82
33.93
34.47
19.19
29.61
21.82
11.33
22.83
27.28
18.97
38.47
26.74
21.14
32.05
20.23
10.74
10.25
19.06
14.68
20.57
33.09
19.27
26.79
37.59
30.95
26.85
36.01
19.92
15.94
32.42
11.76
22.73
18.61
39.14
21.31
29.9
18.05
39.5
15.41
37.2
23.36
22.82
31.04
12.8
26.4
16.6
14.71
36.32
39.92
39.14
34.63
37.6
37.73
15.29
12.57
13.8
14.88
34.67
38.24
20.56
11.03
19.22
31.18
38.29
23.49
20.08
29.6
16.33
32.97
22.42
39.32
38.02
29.96
29.44
13.69
18.43
35.86
20.89
22.72
35.19
22.81
35.5
12.08
30.73
11.89
33.7
26.57
26.68
21.3
37.1
25.27
17.81
34.72
38.44
17.27
28.16
27.66
28.29
26.93
13.01
22.37
39.57
12.65
30.09
36.83
16.02
34.07
17.25
10.91
25.63
31.33
15.91
12.11
26.6
14.43
15.53
31.1
28.36
38.41
19.7
16.43
29.67
39.16
26.6
18.81
37.31
28.31
16.38
38.49
18.19
36.95
28.44
25.08
19.98
13.57
17.34
19.93
18.66
12.2
27.39
24.26
13.19
23.92
12.37
37.95
17.77
31.74
17.54
24.24
38.0
36.15
33.37
33.71
34.7
32.28
36.91
20.51
25.78
29.39
15.93
25.1
13.72
28.35
12.93
25.1
23.85
13.35
23.18
30.33
27.84
23.74
20.95
11.72
38.68
22.08
22.49
13.85
25.98
39.38
17.59
19.4
17.09
36.0
24.26
34.71
35.5
32.47
17.83
11.06
14.3
30.91
32.22
32.99
17.32
14.59
37.69
29.93
32.26
12.82
22.37
11.9
29.73
24.68
23.54
37.09
32.2
38.93
11.39
28.47
28.91
10.8
33.61
14.61
31.04
11.13
28.41
25.62
24.5
21.0
22.61
24.31
18.93
38.06
38.95
19.0
33.36
32.55
36.27
10.12
20.14
14.35
21.73
27.27
37.27
35.19
24.97
10.71
19.03
13.2
29.52
30.86
29.46
18.24
37.59
27.66
27.92
34.47
12.08
16.29
27.69
28.31
24.0
33.4
20.37
10.34
20.2
38.98
33.37
19.55
16.67
34.31
16.0
27.41
25.24
22.68
22.78
31.07
13.09
21.86
39.05
33.34
10.63
23.41
13.52
24.54
13.11
21.68
26.35
21.02
27.36
39.55
17.37
26.94
24.14
34.28
19.45
29.14
30.79
39.27
14.54
39.95
31.64
23.69
17.91
28.86
14.25
38.4
15.53
33.23
20.35
16.48
34.26
36.64
10.17
39.22
22.66
12.88
23.6
13.56
17.76
26.73
20.78
16.84
15.89
29.1
37.29
11.69
17.33
29.96
39.62
30.44
11.58
15.37
20.43
14.72
15.47
18.21
21.18
21.76
24.98
37.85
39.8
10.59
24.81
32.56
12.2
38.24
38.13
16.25
33.57
27.44
11.02
18.92
17.9
36.39
36.93
11.03
32.24
13.6
33.73
35.37
11.78
19.79
21.39
38.65
21.13
17.68
28.59
14.77
28.75
23.76
31.94
27.36
15.3
38.12
23.46
32.34
25.96
35.96
20.11
29.17
12.38
12.33
35.31
34.55
20.78
30.28
34.87
14.32
39.54
36.58
30.73
26.3
36.85
32.18
27.54
36.75
16.32
17.33
37.9
12.01
11.38
33.76
22.42
37.49
19.02
18.62
38.72
26.61
28.41
36.94
21.42
17.44
27.13
22.3
14.91
13.56
31.76
11.03
25.83
19.89
14.53
36.72
32.22
33.19
23.08
29.45
12.72
14.18
19.68
23.73
12.81
26.95
17.19
33.24
10.01
35.98
31.98
26.39
32.13
20.94
14.88
10.27
26.46
18.76
16.38
36.01
31.76
39.71
29.85
36.86
13.55
31.68
12.59
12.84
35.74
20.8
19.49
15.51
24.55
16.11
26.14
29.81
29.65
20.94
31.12
17.98
34.23
10.0
39.0
23.01
20.02
28.73
36.37
20.58
12.1
20.62
10.15
15.55
11.56
21.63
11.79
39.52
33.46
22.59
33.71
22.52
29.41
34.65
30.53
12.54
11.3
27.1
15.89
39.52
10.49
32.46
11.27
28.33
22.6
28.98
32.86
11.0
25.64
38.27
16.53
12.32
33.13
32.24
21.7
34.91
26.32
24.26
34.66
12.94
16.72
23.32
12.56
39.88
19.41
38.43
24.23
37.74
23.2
34.44
32.53
38.41
29.12
16.81
26.26
14.38
20.05
33.68
10.42
28.63
30.79
36.99
32.69
22.08
32.97
28.76
27.6
12.21
26.19
36.01
23.11
31.12
37.11
26.03
12.64
11.63
33.93
10.98
39.97
13.83
33.25
36.03
19.19
26.25
38.57
38.65
37.9
18.25
11.79
13.08
14.26
30.15
34.07
11.51
36.71
32.42
25.91
39.7
17.96
16.54
20.04
25.8
21.61
34.89
36.83
39.0
34.55
28.24
28.41
15.59
17.9
39.92
17.84
24.01
21.56
30.65
20.06
30.49
38.82
17.57
21.12
20.27
19.01
18.11
28.9
26.44
25.26
34.02
14.4
15.09
25.39
20.61
15.21
30.72
24.88
16.07
17.93
31.69
19.82
16.14
38.97
12.64
14.41
31.52
22.77
32.59
26.58
11.21
30.52
34.17
26.58
19.23
10.47
37.2
31.21
11.34
35.22
11.59
31.34
30.82
37.48
14.96
27.02
26.34
11.05
29.15
17.62
19.97
17.24
11.68
15.0
16.22
27.32
14.05
37.62
16.95
29.55
14.73
33.85
12.15
32.13
21.79
23.97
20.99
22.06
10.16
10.78
33.82
16.4
28.22
29.6
30.94
27.92
28.86
27.45
37.85
29.94
20.59
20.7
12.39
39.75
36.72
11.29
35.85
14.15
17.17
30.42
31.91
25.17
39.03
24.69
17.75
10.27
36.02
21.86
33.48
33.22
11.31
34.65
18.67
35.24
24.77
27.75
13.04
21.38
39.13
37.78
39.83
25.31
34.55
23.65
38.24
39.58
36.33
28.63
39.67
39.51
24.25
19.11
15.62
30.31
11.04
32.91
11.54
17.96
24.94
12.92
11.09
24.39
36.6
22.25
16.01
22.25
31.68
11.24
10.92
23.88
30.3
28.41
29.13
14.97
26.16
21.34
13.31
13.84
29.36
38.72
13.19
24.85
17.44
18.45
16.73
26.37
11.7
32.27
28.2
21.54
16.54
26.09
38.65
31.24
18.38
32.29
25.12
11.44
28.53
17.02
22.29
24.35
33.98
27.4
20.2
29.72
15.76
34.68
16.04
26.76
16.15
19.77
22.67
21.02
38.02
16.7
15.4
25.53
38.47
25.1
38.78
15.71
10.31
19.09
29.15
27.76
17.25
29.85
34.91
30.62
31.84
19.23
25.88
11.28
20.77
34.47
33.7
38.22
39.06
39.18
14.72
13.62
36.25
21.49
20.72
26.01
23.54
16.69
35.34
37.28
32.43
11.44
13.54
20.38
26.7
28.29
13.0
38.81
25.89
22.95
15.73
38.53
23.42
13.53
28.43
20.5
34.24
26.36
13.17
32.52
19.14
22.25
33.27
13.19
39.33
31.06
15.78
11.74
26.34
21.38
10.89
28.28
19.26
19.66
14.87
14.21
14.33
36.58
25.99
24.08
31.13
19.59
34.67
15.92
34.08
11.68
14.71
36.78
13.27
17.37
11.28
27.96
19.83
29.0
12.57
21.85
21.15
26.1
18.85
39.54
19.48
30.89
20.99
26.01
16.8
15.18
39.17
26.23
23.82
29.25
16.7
34.66
17.45
26.28
13.82
27.24
24.49
18.42
19.23
10.29
10.82
28.03
31.55
26.41
12.46
38.23
31.4
17.12
30.14
13.34
33.38
24.43
22.28
10.27
29.57
34.87
18.65
10.35
33.26
29.07
33.31
26.15
23.83
16.58
12.37
24.14
36.05
11.78
39.67
38.41
29.22
37.43
26.61
22.14
27.15
36.3
38.73
35.14
15.39
27.75
23.34
24.44
22.85
12.03
35.38
39.35
16.29
28.66
26.1
36.89
31.12
32.49
38.56
29.9
23.61
11.56
37.19
27.69
30.47
25.16
21.81
25.12
11.46
33.94
14.74
19.98
12.61
34.6
15.05
21.97
22.46
19.49
35.8
33.15
32.31
16.75
15.69
17.4
21.58
24.36
17.51
23.73
15.53
18.07
17.82
31.81
23.75
28.46
30.08
12.06
33.85
18.52
25.29
20.15
33.21
16.85
38.91
22.0
31.35
29.24
32.28
26.53
21.51
15.39
25.58
11.83
11.76
28.4
24.41
25.18
19.56
33.72
16.04
27.58
35.81
35.02
10.86
18.37
31.44
32.22
24.48
16.07
18.37
34.03
15.76
38.27
25.03
18.5
21.69
17.7
21.53
13.92
34.69
38.91
29.77
34.26
16.84
11.88
28.81
34.53
35.03
25.98
28.66
21.05
34.92
30.93
15.58
18.38
14.56
25.17
16.07
14.76
14.81
17.98
34.27
38.15
39.88
11.21
27.07
17.99
39.67
39.53
38.02
10.43
14.64
26.57
15.62
35.65
30.99
15.52
34.55
24.95
31.29
14.19
25.54
33.29
20.37
15.6
29.18
29.32
16.13
12.08
14.99
18.27
11.09
37.68
16.92
32.17
22.44
25.06
26.11
33.18
33.64
14.24
19.1
27.19
19.91
13.98
22.25
16.55
14.3
19.12
18.99
12.92
27.52
19.43
15.2
34.56
10.08
23.63
23.05
30.13
21.68
25.38
37.25
15.05
13.17
32.4
32.29
37.59
39.49
21.53
21.32
37.14
35.82
21.26
12.29
27.44
18.06
37.26
34.18
37.03
12.43
35.94
27.79
16.46
19.04
23.7
28.83
16.98
16.21
36.76
35.36
33.0
32.83
32.98
37.72
35.31
21.66
24.14
28.14
24.27
18.91
35.83
34.1
21.7
13.44
10.15
12.77
14.64
29.73
16.59
29.04
19.85
36.85
24.07
30.19
23.83
37.38
30.62
29.26
27.77
39.66
30.54
32.62
12.45
34.43
27.9
20.1
27.45
28.77
17.81
23.11
31.64
16.78
35.08
12.33
27.44
21.39
11.6
33.23
26.4
31.46
21.4
35.79
12.51
17.0
33.84
38.64
35.39
16.93
20.46
32.96
38.39
18.68
21.59
10.69
25.13
12.64
12.57
32.84
20.32
38.07
31.48
18.84
30.46
35.97
23.08
26.85
16.52
22.07
27.37
28.46
31.6
38.72
35.16
35.55
26.73
14.33
29.06
22.19
10.96
15.85
32.77
28.93
39.35
37.7
27.83
14.65
20.09
16.99
24.12
34.02
34.66
15.34
26.47
30.3
21.9
37.16
20.77
24.7
27.61
22.82
38.91
32.81
34.87
32.58
27.64
10.84
32.94
28.38
12.42
13.56
24.44
35.59
26.61
37.59
34.47
28.92
19.4
35.58
29.78
26.58
25.02
16.38
10.47
31.5
37.59
15.51
38.04
12.16
26.57
13.47
36.67
13.1
17.53
34.18
30.65
21.64
35.1
29.07
17.79
32.21
19.99
34.47
33.45
19.26
13.11
34.62
20.93
19.76
10.55
31.78
18.22
23.08
36.99
13.76
11.14
26.82
31.0
25.85
20.19
20.84
14.49
19.35
32.77
24.97
36.72
15.04
23.27
31.05
18.17
18.01
13.17
36.79
15.18
39.1
23.47
39.45
11.21
27.01
30.73
25.49
27.1
26.15
14.48
25.96
26.25
20.67
28.22
22.36
32.65
11.15
10.3
25.72
39.68
23.36
10.36
19.51
24.02
37.03
13.64
37.73
38.2
29.23
16.76
26.1
34.5
20.74
37.16
12.61
19.22
39.8
27.52
27.71
17.2
35.73
22.87
33.81
34.32
15.25
25.05
21.52
14.65
13.7
11.37
31.06
33.46
24.14
26.92
17.86
31.44
27.52
36.47
32.38
10.57
34.3
10.81
34.42
39.62
24.43
16.81
10.29
14.51
25.11
34.2
36.14
30.51
12.6
39.74
32.41
22.79
34.41
27.66
28.08
39.14
34.03
17.86
15.25
15.17
23.64
21.66
23.58
11.88
16.06
33.93
32.73
21.8
21.71
36.51
15.46
20.72
32.9
27.24
11.81
10.35
10.57
29.68
28.67
11.34
13.96
31.68
19.29
39.75
19.37
20.07
22.58
34.83
26.72
35.72
22.82
28.25
10.14
27.27
12.42
15.79
39.93
29.12
36.08
11.72
21.54
35.87
22.32
17.61
24.43
24.13
39.72
20.64
38.72
37.36
23.49
38.35
31.87
36.55
36.75
12.56
36.9
24.69
29.11
19.02
29.37
10.81
21.14
28.86
15.91
30.18
34.87
11.12
28.12
27.42
33.46
30.93
23.64
20.64
39.57
25.05
22.24
39.79
15.42
15.58
39.29
29.73
25.59
12.03
20.68
23.0
25.34
23.1
23.14
39.85
39.22
12.59
15.06
38.25
19.57
28.35
33.94
24.13
10.5
34.84
32.69
11.24
36.92
35.71
18.25
12.4
22.1
36.25
24.47
18.45
16.95
20.65
39.82
36.35
26.41
34.25
19.49
28.46
36.18
21.03
34.01
28.43
28.46
11.23
36.98
33.28
11.09
28.32
32.38
33.85
12.66
29.2
16.99
23.54
25.79
10.82
18.99
33.92
35.27
19.9
23.25
34.94
16.02
31.93
22.22
39.61
28.05
14.44
15.16
10.82
31.44
23.3
10.33
13.04
18.68
22.72
38.15
26.24
36.83
17.52
19.97
36.42
24.74
27.7
27.23
29.36
27.67
30.83
14.42
31.32
14.52
20.21
34.94
28.23
39.01
17.57
37.62
29.26
21.08
33.6
38.65
33.39
10.19
10.31
13.79
35.52
32.51
29.19
30.84
28.59
20.44
31.61
38.05
32.49
36.02
17.11
20.48
25.23
24.14
23.98
29.22
35.66
36.61
14.52
12.7
19.34
32.12
33.8
21.5
19.31
13.91
17.15
13.02
19.12
30.28
13.87
19.64
25.86
19.81
23.19
24.91
33.25
35.29
15.77
21.08
27.25
24.98
12.41
20.35
16.83
22.52
20.14
30.86
22.04
17.25
28.59
31.81
13.25
17.54
16.26
16.03
37.06
13.78
36.13
21.82
29.22
23.23
27.96
26.55
22.99
18.25
37.93
37.48
12.13
16.71
27.22
39.41
31.82
34.55
19.43
16.57
16.78
24.5
35.75
16.49
27.11
34.26
25.01
22.51
20.4
28.01
34.53
39.88
36.08
23.58
12.38
13.62
10.88
20.88
24.45
34.62
12.57
16.84
25.32
35.49
12.63
17.3
26.32
19.73
39.77
23.56
37.34
38.23
17.78
19.8
19.72
23.09
11.89
34.22
13.93
36.81
27.3
24.44
29.82
37.99
18.9
18.11
21.1
24.6
12.27
30.4
25.63
26.2
17.49
35.22
21.94
29.57
17.2
34.49
18.99
37.65
23.64
14.35
28.34
26.7
22.64
34.59
22.64
14.09
10.86
36.76
24.0
26.89
13.44
24.68
26.0
23.96
38.62
27.14
39.23
14.6
37.43
26.59
18.88
32.37
26.69
27.27
15.16
30.4
18.82
20.67
37.2
15.38
36.6
25.01
15.36
34.35
29.57
20.4
19.02
22.63
14.09
34.28
18.36
34.81
31.94
38.26
12.97
20.48
28.72
35.76
14.67
35.84
12.01
24.23
12.53
14.5
33.25
10.56
26.66
12.95
34.34
34.25
31.08
32.68
27.72
24.56
22.3
29.84
21.48
10.08
13.02
29.55
20.95
39.69
20.62
13.25
19.85
30.61
25.85
28.31
13.34
34.81
37.07
14.36
28.78
16.89
15.47
16.14
25.64
36.58
34.56
14.3
25.3
14.53
23.14
26.88
34.35
35.84
10.83
30.68
22.3
24.85
16.66
11.03
35.06
16.92
36.41
12.09
22.25
32.27
17.7
39.02
29.12
16.52
33.81
39.54
17.47
34.68
39.32
16.62
17.04
31.51
38.52
30.86
25.14
13.16
37.73
12.07
16.35
23.52
25.02
11.66
12.47
13.75
11.19
39.32
17.14
36.39
33.53
31.18
29.74
24.96
26.91
36.72
33.33
16.92
13.13
18.81
13.98
38.63
21.48
15.2
28.67
21.95
16.54
11.73
12.77
26.9
32.51
37.77
27.56
29.58
17.26
18.23
22.53
36.06
23.06
17.19
37.58
22.34
12.39
26.36
28.79
38.66
34.2
13.03
25.36
23.02
21.8
14.19
21.26
24.1
16.57
27.28
16.64
13.64
39.52
30.65
27.84
19.83
16.25
13.94
11.88
30.99
18.29
19.54
14.83
13.51
24.85
31.83
39.73
20.18
29.92
13.48
26.67
25.54
10.96
24.49
24.86
21.16
27.21
11.37
35.33
25.62
10.96
39.51
21.45
39.6
15.41
10.9
31.4
38.36
12.33
32.07
12.08
33.82
27.44
33.45
21.14
37.16
19.08
18.5
38.82
13.68
27.78
27.22
17.1
19.51
18.6
35.38
21.69
20.76
29.1
24.87
22.78
31.28
22.38
16.66
32.26
12.03
39.99
27.9
16.49
15.95
18.21
36.38
34.8
14.34
28.0
37.33
31.99
27.62
16.26
38.31
36.75
19.64
24.93
12.46
28.94
11.63
37.18
36.41
18.44
32.26
23.18
35.36
11.84
25.17
21.92
17.81
16.28
30.3
16.06
28.97
21.69
17.28
33.51
20.92
10.45
35.53
19.44
34.67
26.39
36.44
22.54
15.08
10.54
33.36
33.38
15.87
38.66
38.47
20.97
14.43
18.52
37.88
28.28
37.43
10.68
39.73
28.84
15.57
25.2
34.6
14.23
28.26
30.81
22.38
26.25
35.12
38.55
26.63
31.08
19.68
20.02
36.65
12.96
16.16
18.1
12.83
30.03
37.19
10.81
17.57
37.62
23.97
36.57
38.32
39.73
21.87
20.29
32.46
27.84
29.78
25.97
25.42
19.45
27.87
18.05
20.67
28.92
29.1
27.31
30.24
22.36
27.83
12.86
24.51
27.58
22.67
10.51
31.03
23.66
14.67
39.18
38.27
14.76
31.22
25.53
18.68
30.53
23.43
36.96
31.11
25.23
23.56
10.95
14.83
11.35
11.9
12.01
10.42
33.74
24.36
32.47
15.03
35.24
12.82
19.66
21.12
17.07
14.12
28.84
10.25
33.75
11.27
38.92
36.05
22.44
14.28
36.12
29.32
25.14
19.58
26.84
22.45
23.96
35.36
38.57
38.88
37.24
34.07
23.61
12.65
28.92
22.06
30.61
16.62
32.94
15.12
34.26
37.35
37.01
20.4
21.69
35.14
30.76
25.8
38.82
25.49
17.31
30.4
25.37
16.12
14.57
20.65
39.12
14.37
24.14
19.81
38.29
21.32
16.79
24.35
14.61
21.38
31.97
27.98
10.33
24.94
34.39
26.88
24.11
22.45
26.1
12.22
33.99
35.7
27.77
39.37
26.66
10.81
23.92
22.0
15.82
26.03
23.64
15.13
25.18
35.03
25.28
16.52
30.58
36.09
20.35
12.13
37.45
30.47
39.74
30.84
13.73
22.99
11.29
20.24
33.56
26.67
23.77
35.44
15.31
26.16
29.42
37.77
14.91
31.2
11.37
27.02
29.35
35.2
19.71
30.9
12.78
16.68
33.2
36.78
10.49
14.99
16.3
25.58
14.63
39.28
21.64
14.28
33.23
26.85
37.42
38.07
35.68
26.93
16.68
22.86
24.48
39.27
17.58
23.04
26.87
21.73
13.62
36.71
34.04
17.69
23.42
32.06
39.21
15.03
29.14
34.53
10.78
34.33
33.7
37.7
12.53
13.73
25.56
36.15
36.24
31.0
23.46
16.93
24.24
16.51
33.19
22.65
26.18
30.43
25.79
32.66
33.58
17.28
18.94
11.78
12.68
34.88
16.42
35.04
39.58
17.28
23.81
26.11
38.28
15.36
35.08
38.73
26.63
14.57
20.01
38.77
15.05
24.63
15.7
37.12
27.71
37.7
38.39
24.67
38.11
10.02
15.76
32.02
25.79
39.73
33.53
29.92
37.37
20.12
15.03
26.41
17.15
16.97
19.19
30.25
10.71
35.5
28.36
19.13
13.39
33.7
23.09
23.06
24.11
22.42
25.4
28.92
22.93
39.18
21.93
16.43
39.4
18.88
28.62
34.86
10.12
18.48
25.95
23.68
12.18
23.41
13.18
17.5
32.46
15.36
29.96
39.19
17.41
17.79
38.59
29.95
33.1
33.75
31.9
39.3
18.24
25.55
29.92
31.22
15.76
36.27
34.44
17.93
26.32
18.84
20.98
26.01
26.18
25.96
26.33
29.08
10.47
14.19
24.11
31.25
25.28
28.87
39.12
31.9
38.2
10.57
23.41
20.64
31.17
37.88
11.21
11.72
30.19
20.38
16.09
38.64
10.42
18.22
19.95
33.48
26.85
19.85
15.09
16.54
11.16
35.11
13.52
34.69
14.18
37.18
30.36
20.56
21.78
18.54
16.34
37.33
15.53
15.28
20.81
39.53
23.95
20.66
39.96
32.2
38.34
17.47
32.63
36.72
25.88
22.72
18.88
27.02
15.76
22.96
30.48
29.57
31.0
27.6
10.08
10.8
27.41
38.98
15.83
31.52
23.0
14.17
11.0
31.4
14.32
18.95
22.04
31.18
21.63
21.59
33.83
10.21
32.62
25.65
26.25
20.37
12.77
12.73
20.23
31.61
36.75
34.37
33.94
10.17
15.75
38.35
36.1
13.8
29.08
22.99
10.23
34.0
38.29
37.62
21.53
33.63
24.94
39.4
38.9
33.2
24.14
37.06
16.72
16.43
26.75
34.57
11.86
33.54
38.48
26.38
16.41
28.95
15.9
21.71
30.99
21.44
24.53
26.36
20.18
12.29
25.33
24.63
22.79
15.53
11.57
34.8
25.97
39.41
39.33
27.4
24.7
15.59
21.38
33.56
38.9
27.99
28.51
38.27
13.81
28.36
27.56
16.15
33.21
13.58
11.9
24.58
18.99
23.08
13.38
23.57
23.19
39.0
31.68
37.61
33.44
33.64
35.97
17.68
22.8
36.26
12.01
11.65
29.44
37.29
33.83
33.97
20.8
27.75
33.14
33.81
27.42
34.01
10.81
38.28
36.12
11.56
22.58
37.58
25.38
12.74
39.0
20.75
25.49
28.96
34.97
36.19
29.59
38.45
16.57
37.15
15.7
36.83
16.48
31.58
34.51
21.72
13.4
20.88
11.85
29.78
30.92
18.05
29.55
11.76
10.95
22.24
24.53
10.56
27.7
34.98
22.32
32.41
14.53
25.89
33.67
30.46
33.39
31.63
13.63
13.08
39.27
24.47
31.97
30.45
11.33
24.9
25.64
34.26
38.87
18.68
11.77
24.26
10.9
21.56
18.2
17.29
10.05
17.52
19.6
37.33
12.65
33.01
31.75
19.79
37.21
29.66
12.91
16.12
22.03
39.02
17.93
22.85
26.82
20.67
31.03
29.83
11.81
22.86
33.43
29.2
23.81
31.9
30.11
35.13
11.53
26.06
29.81
30.26
37.67
22.35
33.85
33.58
18.07
18.05
38.29
19.73
22.43
28.12
19.5
29.85
18.68
25.82
26.79
34.02
35.8
30.45
18.1
23.92
26.89
18.93
38.2
13.26
35.0
22.79
38.37
25.98
31.89
32.03
30.94
11.48
28.67
36.84
35.31
37.45
23.33
23.64
34.25
19.1
32.95
25.13
17.93
29.31
18.87
30.15
27.08
31.67
27.97
32.75
39.89
24.03
27.95
13.06
38.51
27.89
13.08
22.0
12.44
24.92
18.31
20.21
12.07
32.87
35.23
14.2
32.52
13.86
12.57
13.42
10.95
21.28
38.59
36.98
19.96
33.84
34.74
14.56
16.88
30.71
17.92
38.14
16.92
33.97
32.74
25.11
17.9
11.02
34.85
21.33
20.2
11.33
14.54
21.04
30.72
16.22
14.91
17.87
18.5
22.3
20.83
12.22
28.54
13.91
36.05
35.79
12.17
22.39
24.31
39.88
17.54
29.08
23.71
33.06
17.45
30.43
13.9
10.45
10.55
24.78
33.12
27.33
11.09
26.56
13.4
38.96
20.58
25.1
20.16
24.01
38.75
17.82
31.54
32.66
15.72
31.87
29.44
18.73
25.68
27.7
35.1
13.74
39.16
33.07
26.05
33.29
31.99
23.8
20.08
39.66
36.53
38.53
11.45
34.46
36.74
24.31
36.73
13.03
11.81
18.75
10.79
30.52
37.81
18.85
29.79
24.04
17.65
37.56
38.74
14.04
33.01
15.66
24.65
20.83
17.32
30.27
35.66
33.44
31.67
11.99
12.92
23.94
26.67
31.7
20.68
10.69
11.08
35.64
13.86
38.11
19.98
27.51
15.06
23.62
36.27
39.52
33.0
32.94
36.56
17.35
32.09
26.75
17.85
11.66
16.02
29.51
27.1
12.08
26.87
21.72
10.45
37.28
17.75
26.6
27.67
24.96
17.19
22.22
18.71
23.01
12.48
14.98
14.13
27.85
29.68
37.42
17.86
21.8
28.67
39.15
21.75
18.69
21.63
19.28
12.55
20.38
27.56
15.48
35.01
32.06
26.76
32.12
19.5
16.0
35.27
34.56
32.08
17.69
20.31
21.42
15.53
32.8
15.54
16.65
11.45
29.9
37.87
24.51
36.93
35.23
33.84
15.03
21.32
29.92
20.33
31.33
18.62
21.78
31.95
13.54
33.6
31.38
23.49
23.13
37.2
31.49
28.6
35.93
19.95
18.6
16.29
25.61
39.64
37.85
23.66
13.34
36.24
37.68
15.14
36.5
23.39
10.35
38.29
11.28
11.04
38.9
16.44
26.67
38.28
38.2
15.22
25.41
10.21
12.71
38.44
22.45
14.51
28.94
15.2
39.4
30.13
21.06
21.43
37.51
36.85
38.5
23.61
35.52
24.55
28.99
25.22
28.25
25.28
14.65
13.25
38.23
25.29
38.26
30.57
12.67
16.05
33.03
15.33
10.23
13.35
24.3
14.9
11.35
32.31
39.16
39.35
37.0
10.58
17.2
14.13
29.21
35.49
27.16
20.4
37.36
25.16
15.24
26.0
10.54
11.16
28.83
31.7
14.15
26.0
33.18
36.47
24.22
13.66
12.08
35.7
12.33
34.53
23.11
23.09
25.56
14.07
32.28
19.0
27.93
10.16
18.45
11.21
19.41
13.79
12.1
35.44
20.95
34.76
36.78
25.18
27.03
29.4
29.34
25.91
27.83
23.23
37.48
31.64
19.45
20.05
23.66
10.95
39.74
24.04
33.25
14.75
28.28
21.45
36.7
37.98
28.74
11.83
24.0
10.51
25.54
25.04
22.52
20.11
27.37
15.3
10.79
33.6
33.57
27.38
34.9
25.39
10.2
14.45
23.79
35.87
16.77
11.02
22.38
12.0
26.51
11.67
10.5
38.3
29.96
13.58
26.69
17.75
32.83
34.43
25.23
22.28
19.52
10.99
26.82
25.27
16.39
25.96
24.03
17.82
32.29
17.38
23.53
26.0
34.34
22.62
16.21
10.44
17.56
32.52
34.61
28.02
38.45
25.67
24.38
34.99
15.01
10.45
36.45
26.02
32.35
28.87
29.92
27.62
31.76
13.4
17.53
24.37
31.49
19.25
34.22
11.96
33.73
30.97
11.96
10.95
35.2
14.34
17.6
36.89
20.29
25.91
10.93
27.07
31.41
26.95
34.26
33.3
24.37
29.35
18.3
20.76
28.66
29.81
12.56
34.58
29.12
19.82
16.79
28.09
30.88
37.85
15.55
25.09
38.66
37.29
24.34
26.56
37.5
10.96
39.29
39.31
38.33
38.97
19.12
11.11
18.53
20.37
20.57
30.41
35.91
16.66
23.42
21.36
32.94
19.54
11.69
20.01
20.62
34.67
26.44
25.71
27.96
26.84
30.45
37.12
36.29
24.86
35.4
35.89
33.69
11.26
29.86
19.4
36.2
18.52
37.56
28.45
29.35
36.63
39.56
19.27
12.67
31.7
12.11
26.02
20.36
21.7
17.06
30.98
27.16
38.57
20.67
21.83
14.95
28.35
12.85
39.05
37.3
30.99
19.52
20.68
12.61
17.41
20.59
23.44
23.93
36.55
23.49
38.72
12.51
16.33
21.64
36.64
13.67
20.65
13.37
33.22
18.47
23.03
34.52
15.04
38.41
21.82
19.91
15.72
24.03
39.42
24.73
23.56
10.23
18.63
16.84
11.17
23.38
14.07
25.09
23.64
16.68
33.95
37.8
14.02
12.92
20.34
28.31
28.96
28.75
27.27
21.57
33.46
38.6
27.69
16.58
26.85
32.67
34.89
31.55
36.71
38.56
24.76
26.23
20.13
29.77
27.87
15.36
30.83
34.15
15.43
14.93
29.17
13.49
34.29
29.29
10.97
33.11
25.3
24.88
19.36
18.5
25.01
10.09
33.85
33.52
32.07
28.08
18.87
29.74
13.87
17.9
11.36
35.78
34.85
23.53
23.13
37.78
30.25
31.28
20.78
18.75
13.43
12.18
37.17
37.19
16.81
11.12
20.39
38.56
19.15
35.96
34.49
38.33
24.9
37.66
32.25
36.04
32.0
23.84
37.57
34.02
29.23
24.49
12.84
34.46
22.49
20.78
16.92
26.25
34.9
18.69
37.62
21.91
39.08
30.3
21.02
39.51
27.83
33.06
23.55
13.58
38.92
19.65
37.54
37.23
12.85
13.44
28.36
11.08
22.63
25.83
15.9
33.11
22.95
22.69
17.03
36.63
10.34
10.21
39.86
10.63
14.65
36.49
28.47
28.75
24.27
14.52
21.01
31.54
24.56
31.89
10.22
29.67
27.79
39.23
37.21
28.01
27.29
12.78
38.23
31.21
25.07
35.72
31.92
26.91
26.17
37.79
33.97
22.09
28.86
15.89
38.0
30.86
38.8
18.76
19.46
34.96
17.85
20.73
36.53
25.53
19.01
22.28
31.36
14.76
38.86
24.79
32.95
31.06
30.42
22.6
11.27
32.24
38.61
25.15
38.61
26.05
15.02
17.18
35.94
28.65
22.43
33.98
29.25
36.17
39.13
29.54
39.12
24.11
35.2
37.19
11.36
35.95
22.26
