36
1561
1870
765
1143
1739
1360
1348
54
57
744
267
1474
34
1878
255
1550
1582
1304
1132
752
130
1681
1145
1760
1585
1601
1703
2022
1022
231
523
255
1412
278
2006
390
1489
1590
1490
2047
1790
925
946
109
338
340
648
1117
630
2132
1890
1184
720
1634
1396
528
1546
956
1143
760
631
1542
1116
1641
1597
101
1811
571
298
1777
52
2018
1389
1346
1768
404
673
2004
867
1602
1315
362
1261
1185
1413
938
1838
1922
2178
1187
338
1231
128
327
988
1323
118
2186
508
487
881
51
31
750
840
1021
515
820
1716
596
189
393
2112
1549
107
980
260
1713
2023
463
318
1094
315
1829
231
219
819
2121
1403
1725
866
2124
1424
562
2122
1525
530
319
1692
283
1796
1061
855
116
26
1385
1681
1885
928
560
108
1900
785
1957
571
1615
2075
924
1897
1026
2166
1990
514
1863
1438
90
47
1792
464
351
759
1783
1188
596
1492
1988
1889
1079
1864
1909
930
1270
687
845
341
1832
118
970
1595
285
1507
1542
67
674
1348
2039
1875
1522
750
1725
784
1982
990
1985
1291
1485
2072
1301
1802
124
2163
119
407
1342
1413
717
376
1150
948
239
1982
672
350
1497
1784
1245
777
1249
549
605
365
1222
1865
945
1030
968
2181
259
670
1629
455
968
571
1772
845
712
607
1443
1739
9
497
170
1092
664
480
320
2148
432
1975
1773
1339
2178
1865
225
629
2043
1008
122
696
2108
1622
417
1664
1880
992
414
1612
244
50
2145
1386
1670
763
428
892
2065
866
1118
1024
1277
559
57
294
511
2186
1050
321
1648
1757
778
126
594
616
1593
1960
946
1692
39
423
757
820
1993
1475
108
2195
939
793
2029
246
1413
1849
1532
31
649
984
1585
1316
558
675
1475
1914
1733
723
1306
2107
1094
680
591
926
474
502
611
1692
407
541
695
1334
353
1257
1514
1119
1729
2150
1533
527
1063
100
1062
127
586
1755
1795
865
202
961
2182
63
901
356
436
1055
236
794
1751
2006
1419
229
966
1980
1725
1769
838
490
1805
404
488
1296
2125
1074
1791
953
1799
774
1969
459
892
1319
992
1025
1424
364
255
138
607
1695
2102
2146
1267
822
1520
1930
1187
1546
1821
519
2054
457
519
1540
1459
412
1860
465
43
100
732
861
152
2109
493
2014
451
1441
1208
946
1855
829
965
1142
304
671
699
117
753
1691
1686
1885
858
1751
1308
1615
1731
1379
448
1238
763
1943
1312
1345
1631
686
514
440
2184
2101
532
449
2147
1266
653
1083
565
1943
2117
1715
1703
1830
545
84
1241
40
1989
1228
1084
2123
1088
1529
1717
234
826
165
843
1157
2186
596
1042
674
5
1621
2135
121
1948
726
812
1925
1575
1213
178
854
1794
486
1127
715
163
2066
897
589
1478
1880
1521
1172
1849
1155
1774
1866
1190
682
1920
475
2069
1456
428
1524
732
1687
150
163
1840
891
391
1914
1536
305
1712
1170
946
1859
183
1373
1293
2027
1620
1536
850
961
221
2182
1944
1218
583
59
1465
2059
227
207
1433
644
614
613
522
2154
525
2134
1692
68
1790
862
2175
64
2158
845
1559
443
1096
1277
1000
2073
1843
874
1215
309
67
762
202
1228
952
2141
1607
1344
82
551
1177
914
1784
788
1903
1598
296
2195
760
1172
617
1270
725
1509
1837
1018
237
339
281
1091
1957
1402
314
72
483
1304
1207
1198
282
1529
888
1849
347
2197
486
324
299
1381
877
1154
2158
740
1380
335
344
1616
1034
642
1207
1566
863
343
1019
443
1880
714
151
1847
491
1866
2139
491
2113
1968
292
853
1044
289
2033
356
386
1258
230
302
290
646
1466
897
1307
840
1670
849
287
1419
425
588
2128
467
2026
1160
199
320
1783
571
2043
2094
64
428
1132
1103
828
1263
1619
1932
1653
550
293
1120
659
664
2066
509
1814
1262
115
277
1546
487
854
1865
10
1091
82
1579
216
797
1718
536
1623
649
1747
789
536
1431
2144
684
1702
1382
807
554
2068
1406
731
625
1520
1993
1457
1217
1246
534
1718
1329
393
1288
1295
705
1736
521
291
718
53
1054
1833
281
1683
2187
379
562
1679
1433
2065
2039
436
223
1750
1848
1678
397
1209
796
866
706
1304
1655
615
110
1919
1136
1668
537
1477
1622
1913
1669
986
1948
1768
1122
2138
949
723
932
2045
558
1632
1037
63
2086
881
123
993
1420
1821
1633
7
1596
1384
1817
1288
726
1832
1280
466
1124
256
373
1170
1857
1537
1935
2126
2085
449
385
975
819
1824
717
178
1406
489
1557
466
744
1514
313
1305
1186
1025
1317
579
555
561
326
1849
1065
1977
2022
1420
735
819
233
215
1745
550
462
788
31
769
840
1743
2079
1671
431
338
1650
1483
467
1299
1369
1927
801
582
776
1990
1601
1107
995
1409
110
101
1902
287
637
1986
1296
500
1537
1790
164
46
182
1248
766
298
442
1828
2177
913
1531
1953
882
1994
104
1078
1699
1960
1567
1813
219
2084
363
1286
265
673
2054
1175
1966
2119
808
977
618
915
2160
69
322
1559
54
688
156
156
124
1769
104
934
524
1385
1279
1391
1872
1807
599
752
1833
1292
1345
1457
281
1116
386
1681
693
1245
1385
752
1864
1133
1800
1718
241
176
211
1519
1872
2159
1355
1566
974
823
1798
2108
289
1191
660
371
361
129
146
1916
2173
2136
1693
1936
368
1764
882
469
1794
314
2103
54
922
1920
1222
723
333
1001
2088
2194
280
262
487
2157
923
1424
1711
2014
1241
1778
705
1340
1150
1141
1101
2114
516
2106
825
712
555
614
623
368
1095
922
2154
262
1140
799
1245
402
821
272
778
2197
2072
1452
804
1531
43
1879
1519
1874
794
577
721
1056
2049
1140
221
649
68
109
1640
738
535
465
1088
30
1506
592
1235
2162
347
2029
1035
2135
2142
2165
1055
336
984
2032
362
1770
1824
1515
2096
1715
572
1760
1713
49
1849
2122
1711
1153
204
1065
1003
1554
1991
1725
1401
1007
849
1464
1424
571
1863
1803
305
576
1915
1702
1514
2
1880
96
2149
918
1177
1332
702
242
179
2084
1153
1237
1232
4
1860
179
525
2143
1001
1980
1003
1577
1956
1904
387
1658
457
1020
719
1676
563
146
2091
665
1767
1109
935
1294
71
1544
710
1272
767
1583
1189
699
1616
1163
1867
205
1641
1133
1472
1589
594
828
985
1495
1347
1692
225
2167
1487
68
1488
1167
699
212
196
29
1815
788
1600
1144
118
1447
1739
613
976
1712
348
916
430
876
385
1038
1483
1241
1247
1674
1825
16
1466
1998
1141
1425
480
1692
2129
1075
1850
697
1353
1503
656
896
220
890
1196
1637
130
1630
1422
357
1349
34
538
844
1685
892
1372
825
441
1450
428
139
1732
2106
1841
1369
2111
1862
694
1721
1590
718
1631
798
170
586
593
280
366
2142
1201
1080
1426
815
1954
1850
647
1954
1739
1032
466
2140
133
1559
1663
1134
1479
1612
1182
155
535
1575
1005
955
1364
565
599
1465
1028
1062
1644
587
384
659
1476
2139
1499
2137
1041
534
1979
1578
455
827
49
2015
2084
696
404
1422
1368
966
927
114
1070
425
1002
90
470
1125
1816
813
850
1728
319
1471
801
1219
1552
332
322
1080
68
521
123
1287
1983
839
1478
643
727
1427
29
927
478
48
1633
1518
765
962
1822
1583
1967
1359
91
1105
1965
2085
743
2103
667
945
489
1322
1058
1644
1396
1206
400
2068
2005
2198
30
1067
2119
1101
1145
1600
41
345
1130
2078
1626
1435
2078
330
1117
2060
605
136
1066
687
816
511
2060
1920
1067
52
9
1217
302
8
1517
813
282
1147
1842
981
1342
1978
766
165
1969
1083
1221
1441
1734
1075
1929
1595
1224
568
1656
1817
126
1201
1421
397
2055
585
1446
1699
1269
688
785
1054
59
909
300
1703
1530
87
836
1502
2118
2033
1749
464
894
927
127
234
2025
398
1938
731
1964
778
449
1885
1627
1246
457
222
1678
1286
312
1148
2068
1544
1226
717
1017
503
158
1268
1507
22
813
439
2061
2095
1836
2199
948
1554
1926
1772
558
639
1841
1402
1969
294
11
1974
1505
1752
918
864
1364
1850
213
400
2044
810
1140
2030
2030
696
1488
525
374
1246
15
1783
664
369
1196
689
1234
2168
1216
1055
796
790
907
456
906
707
5
1366
108
782
1040
328
1825
1767
469
1753
1821
651
99
1286
885
1684
1024
589
816
665
920
718
924
1587
1534
504
166
1775
1245
1774
316
393
463
765
250
1842
1629
2060
1786
1577
1817
1306
189
1587
866
1551
1507
21
2178
1400
565
1959
1321
1721
1690
1043
1628
2069
854
1575
1050
1934
1882
139
109
1607
1202
97
1138
280
877
2192
485
765
620
1928
557
1313
867
140
253
392
135
945
2144
592
501
1431
620
1045
1224
627
1986
564
687
186
1798
1491
300
2129
1117
1242
568
524
511
95
1917
1995
1105
124
1592
1022
1709
13
55
401
1914
2004
96
750
1332
938
1117
1041
386
385
371
2186
513
862
482
96
898
315
1847
1152
761
111
132
749
1203
2030
1862
740
313
1572
841
1335
571
1582
148
1181
2105
189
1611
1911
401
1582
405
2102
422
2155
1987
2041
1481
1500
1898
2063
1377
1490
203
1998
418
1439
600
1615
232
2033
1018
1772
1079
850
862
647
1115
1194
368
576
476
296
984
1417
883
2061
1923
17
1446
2051
2101
1300
1876
798
2043
1068
1416
2184
205
2069
1975
515
938
1693
1483
1167
14
775
1294
1133
1952
455
859
1996
1784
332
213
1705
1294
459
623
756
1242
1948
477
1492
1801
1596
385
1447
806
49
1419
225
303
311
209
672
648
149
1200
887
1231
60
496
2078
624
1245
1270
20
1530
1884
1856
2132
144
2198
49
1343
1071
12
2192
959
585
1970
1875
1374
2072
787
570
1406
1107
973
1035
1208
979
1740
354
963
74
1713
1178
1596
772
464
2000
1876
194
2179
594
356
514
996
240
1938
106
1967
1232
1205
310
1104
1621
1759
446
1186
1310
1554
351
1395
595
1977
195
1929
1630
1123
844
1560
184
537
543
410
462
1405
1953
1112
1309
672
2041
391
13
224
1852
1392
1044
736
361
989
1609
445
27
28
234
1002
1968
1753
1832
1554
790
1563
841
630
479
1569
913
1334
1361
285
1026
1173
1521
911
1504
1871
1062
1149
1251
2110
868
2172
2170
1512
1658
280
1054
1851
1195
49
1001
1278
1935
1221
433
1408
1647
1727
2036
1653
2093
1297
2149
191
1389
391
1940
675
934
206
1955
1339
281
1643
1791
494
960
876
957
1294
162
5
646
1691
1489
484
6
1844
933
232
1192
238
442
2059
1177
210
746
1271
429
478
1649
1132
1463
336
1208
34
528
2102
737
673
1013
489
1213
1533
2149
1653
1470
216
464
2112
627
465
443
440
1098
526
1841
2196
2095
1210
77
549
722
1519
61
1070
2042
639
735
69
510
1360
2081
46
1003
1740
36
130
1801
466
2005
71
1599
257
1339
1040
1868
1120
2138
1337
1119
1029
1586
945
706
1116
823
1162
217
867
1030
1022
697
2081
129
674
1434
1807
2170
1024
1609
597
1511
31
51
614
1628
1685
233
397
2168
2150
156
1512
2096
1443
551
2162
1429
577
43
1207
979
150
278
1209
495
787
987
987
1932
622
195
687
465
714
871
2032
2160
515
358
967
1150
1543
1340
561
1912
1166
1715
1834
1249
1526
849
630
1130
1049
707
2060
1802
2157
178
1431
1941
345
1394
2004
1641
1138
810
1845
465
841
1889
1937
1648
1701
1596
2004
1202
281
1764
1940
1471
2011
1119
68
725
1039
261
1847
939
550
1929
1097
1494
456
2113
1414
2135
330
1540
432
1459
1614
1645
1872
1010
2188
1450
923
1932
2017
1392
451
1563
1610
1784
1585
273
1442
1293
593
745
1093
1185
893
664
812
2048
57
1199
1462
474
741
1353
183
22
2105
476
422
1442
2193
2118
1453
97
1754
18
27
759
289
516
2199
978
752
760
1548
347
1980
1982
1554
1552
1231
1131
2042
1681
1154
2150
792
888
1936
603
1185
176
1306
1468
1913
1287
1293
1005
2158
191
217
417
418
156
1729
97
538
297
1131
375
1461
400
1426
2114
7
1244
32
1199
416
220
1731
1137
1969
320
1298
813
889
1285
287
1873
2065
2184
444
1782
2177
540
144
476
368
894
1888
1071
2102
830
696
277
842
1791
1346
1348
1319
949
1031
2119
536
1869
261
168
1685
2146
1401
978
358
1356
1847
21
1514
404
1026
196
1752
493
1636
284
1536
583
1089
1322
76
2166
1948
1576
1166
1607
1926
1523
855
1499
531
236
1035
1144
1153
1201
555
1917
1681
695
1415
2139
1186
1752
482
1389
1384
1273
313
1902
1986
316
1864
1855
693
84
486
1429
1994
76
1382
1552
1475
234
1329
851
1010
1876
692
1889
1015
1792
1182
1171
493
805
567
1709
805
1098
724
1595
17
1560
1461
1686
1894
462
1896
1676
389
434
2026
200
577
958
676
1722
1189
1302
1606
68
74
188
1953
160
1144
882
2017
1884
218
1769
994
75
995
1834
561
168
1471
1952
1741
592
679
1615
2123
458
1751
1886
1076
94
236
819
854
1397
1159
990
2003
779
2044
1616
253
1280
1807
2032
64
1861
1145
871
2041
349
1660
1841
1641
621
750
900
1893
317
862
361
881
236
1027
1606
1065
499
1249
1725
296
1819
871
293
586
229
140
149
2173
339
809
1380
2012
499
615
1290
717
252
726
734
2004
507
102
855
251
1905
1288
1887
1007
295
709
620
1892
2199
1530
769
711
945
877
1948
1251
406
807
352
463
2199
1386
1411
1036
1115
733
789
2054
549
1303
1654
240
435
900
1418
1563
140
2019
1912
673
1949
1961
1817
58
990
416
1609
579
482
546
251
558
494
1690
1645
850
737
1015
2155
347
275
1301
1975
922
1231
799
1682
1681
258
87
245
1661
1691
2051
448
36
1363
1309
239
324
1232
959
83
1829
656
1931
83
266
23
2073
1205
1511
398
1674
2088
1085
802
1450
951
630
638
437
2191
588
818
1172
401
274
1863
117
1482
91
1330
165
1441
1047
167
1729
1236
1625
1608
1959
1971
509
1840
812
113
2175
1958
652
196
1535
914
1038
82
1372
155
1229
1457
1101
530
1827
676
339
663
1697
1339
63
567
1659
784
1321
1023
1961
1909
1896
333
454
1694
1283
2167
536
413
1217
942
2129
243
363
983
1999
1694
747
490
34
847
1494
589
1586
1824
617
2121
1738
219
1219
1415
1708
1077
1386
1055
98
544
292
284
890
887
584
1971
587
94
224
480
1559
1658
1749
139
387
1445
1020
935
1357
1437
1603
307
748
925
1785
220
2170
1713
195
973
900
97
902
1352
1218
72
2109
1269
1314
1689
1490
2068
226
679
1907
529
825
1555
1314
1471
1460
946
947
1160
520
526
413
1460
611
2198
594
1373
1550
1841
1705
1822
1932
1688
1529
1939
1311
1387
2051
1218
831
1654
877
1514
1784
1251
1092
311
331
1778
1536
2097
1463
330
1047
1563
1514
606
1605
1179
1890
487
98
1381
1517
534
556
1799
634
1653
619
647
1986
984
987
1611
433
969
66
705
872
1615
683
1865
1590
1196
1145
1010
2064
2091
1149
1473
2108
664
2037
1456
2082
198
1793
1008
597
1708
1900
1407
1169
930
2182
1171
2058
778
2010
1595
1459
66
2092
302
793
699
43
1272
1421
2170
1250
126
568
774
1343
1159
1366
966
1948
370
1249
2171
1617
658
1843
1710
1402
1305
1402
918
79
1284
365
1512
208
389
248
1083
1478
719
1648
1541
1892
674
1377
1199
885
315
1257
1617
990
1444
1411
1036
1779
713
758
167
377
1723
737
1484
1406
1875
1065
1360
1379
505
1394
1079
1034
1981
1153
1277
666
629
2117
2176
977
315
1458
786
1664
301
607
886
1920
1597
1914
77
1019
8
266
793
1506
1160
1671
1461
964
782
1380
1441
1868
1485
512
1986
13
666
2099
1150
1193
490
1346
1663
2186
1361
1092
199
1201
1769
97
395
435
585
2090
1562
1152
1811
2065
238
1157
951
110
754
194
1363
836
1652
1140
1543
704
997
2179
1544
599
1105
243
1501
1584
1042
903
234
1918
1800
792
515
1640
2198
152
717
1934
532
1113
1647
2147
1115
2007
1904
354
2034
714
929
1356
1618
1120
1157
1790
1384
1411
876
281
948
28
408
1733
546
11
1619
1126
2154
124
885
1113
11
1269
1393
1504
735
1127
23
251
879
1620
1773
1404
341
40
1665
283
1433
326
857
400
1686
1301
457
273
1781
309
1006
168
141
1872
1427
1043
2028
2089
124
2021
462
1710
1740
1248
1729
9
89
1903
1996
471
184
360
19
1173
444
659
1535
1684
567
1446
1693
599
870
1386
1485
1436
979
380
914
2080
1432
1918
2192
85
1057
357
1483
1212
1745
2084
1153
2147
1551
694
2136
42
1107
1901
767
1712
657
1497
1422
1510
2025
1856
744
1209
409
1315
1011
85
113
174
1431
2138
1848
839
332
1892
1500
2044
1064
1902
613
954
1911
1059
224
808
514
1512
2008
2116
1010
1009
889
971
1013
842
315
1489
255
393
1121
1534
1509
1417
80
1862
583
1909
1115
112
1719
8
974
412
1338
587
1064
233
1270
1581
574
727
946
2097
1549
163
1350
1159
796
986
1593
2009
498
1716
2149
73
1401
277
1100
1805
218
1174
434
129
379
1638
1558
1178
1715
582
1510
138
544
1247
360
2067
1060
416
2155
1315
1449
1414
71
89
2007
922
1767
1528
1858
187
94
870
933
2065
534
1241
519
974
1691
1530
2188
182
1959
1558
1355
290
1666
819
1839
1114
1788
2073
1859
1993
1771
945
1203
810
883
1307
691
846
1404
1938
976
579
767
2164
338
803
682
2030
1921
856
749
29
1892
1956
667
1373
638
695
1865
722
1972
1630
1547
1639
1547
1877
217
1517
1090
242
1978
616
287
430
1670
558
1705
1212
79
2083
1450
2198
2188
44
1735
1457
1635
110
1845
519
409
1917
1120
1273
1152
142
1826
2138
7
1541
1429
1651
1447
931
198
876
1406
1347
355
1222
805
822
1371
783
1964
1816
345
1301
1871
210
1840
821
1226
1024
717
108
116
585
1947
1193
793
30
1695
1187
2119
494
118
1112
681
2084
159
162
1670
1135
631
251
1417
69
646
299
913
588
1423
93
1021
464
803
1415
381
234
1005
1026
1175
1115
523
1571
466
1071
498
1535
831
386
1352
237
421
1685
724
111
1982
2122
1114
1148
1757
950
1059
523
1941
863
426
1373
1878
1551
1291
2003
109
947
1373
1976
401
1929
2161
657
640
428
770
745
661
1491
604
871
346
982
619
1426
1951
483
906
1367
1357
2186
639
546
1436
1762
260
1238
1307
387
672
121
1573
259
932
884
1408
1897
2179
1197
1030
1596
2060
2137
2199
691
837
996
1466
1124
437
414
596
231
908
163
1967
1020
501
1778
734
1914
764
702
380
1440
496
101
719
1910
117
387
375
1314
685
2157
806
1327
1524
757
1902
1694
2095
2063
254
1997
791
234
1600
1137
522
1615
274
974
18
1694
267
581
297
249
820
982
145
1372
434
450
1255
1421
1755
879
1129
1816
894
1409
845
2053
1839
599
2128
27
877
449
755
1410
504
1606
1792
34
1968
1216
769
1986
41
738
1656
1328
1017
1345
1060
436
1458
2177
2177
412
2002
1478
1692
978
1787
260
138
778
518
345
1298
649
129
454
1131
287
765
1294
1214
622
1003
711
1766
182
1223
122
287
777
930
2139
991
509
1657
170
1013
1508
844
725
1178
52
1288
2000
651
631
285
1690
1834
1337
517
1152
298
20
523
1252
178
459
940
909
2184
156
828
546
1668
1585
1334
1912
1835
1604
1981
1736
1702
392
1874
1741
888
1134
778
795
1770
1034
1449
32
2052
1300
1053
1440
1564
352
192
1758
2095
2151
785
727
735
282
674
1689
457
819
2005
53
1817
1171
1718
2000
1879
865
2183
910
140
44
1852
499
739
1615
1228
950
1285
1279
276
411
1234
494
81
2067
644
662
1642
1747
2184
1366
1765
639
2151
924
1309
2138
1040
1411
1218
1402
1792
1089
1271
738
1538
1778
1279
1289
2121
81
1638
313
197
1760
1756
1106
201
2183
1951
1066
249
1417
588
1424
1876
1227
847
784
914
173
698
1911
1632
2037
62
795
1322
519
1145
417
1772
207
1448
1101
1168
412
146
1142
487
1832
1018
341
1058
1892
53
231
366
1474
493
1777
38
1984
1956
266
1845
1985
1837
1642
1859
1862
672
1669
1971
1949
390
2161
530
1598
514
2040
969
942
1788
1036
2142
1736
1441
739
786
1809
1344
1116
907
743
1938
2085
1304
1747
2110
923
645
435
662
1246
2177
992
1177
656
1104
2156
797
2020
370
2169
1945
2131
516
780
1597
1959
420
559
1704
1196
55
89
1294
712
1467
504
1812
209
666
768
1363
214
1189
1137
1190
1262
1436
1440
903
34
1852
1213
1904
1088
2166
814
1488
246
1611
1341
2019
733
199
1184
1977
312
1292
1825
1322
1807
2121
536
1804
948
250
1842
1006
1637
1128
1013
1779
407
1554
1053
448
1626
2024
1143
768
648
1282
1648
2026
822
263
229
1163
651
715
1958
124
993
867
1077
385
1770
916
1762
1214
246
1633
1257
2032
2197
1167
2139
1612
1253
680
540
491
503
1434
255
1278
964
392
637
1206
1459
962
615
1449
1098
808
544
1571
1392
222
1452
786
600
1874
1608
1095
2036
1083
1920
1172
259
849
333
1146
1171
815
803
1537
431
206
354
1527
1350
2128
735
1688
2031
1883
371
549
1543
1301
165
325
1245
1979
479
626
2173
1520
511
693
20
483
1285
149
721
671
1127
1933
382
1138
39
1130
528
208
1237
1563
941
2190
1400
1849
1740
1827
1683
740
69
1650
1045
517
850
877
976
958
284
1490
430
427
1647
331
443
1912
1236
442
1550
1214
477
504
1472
1565
148
603
659
242
1938
1367
1433
295
921
556
14
336
410
1414
1664
596
564
552
964
1563
1509
1766
752
418
1484
640
944
8
1270
363
197
362
10
2017
1702
667
1855
686
2190
2099
1975
1480
1883
882
926
2188
153
1414
1793
1509
1006
1779
1334
980
1039
1287
188
741
1129
1420
900
1947
608
2106
938
1795
548
1379
485
1928
226
1439
1145
288
2010
2165
761
1083
1701
1255
995
553
784
2101
1937
1682
1506
1618
563
294
921
189
1319
346
70
1266
1508
913
73
1502
1632
1811
1995
1633
1096
2116
215
1988
1824
1734
364
140
1489
938
1947
1585
151
2125
904
730
711
841
190
939
992
1330
2123
1841
1343
110
1667
1544
1512
776
1388
966
887
805
60
641
697
1367
294
1578
1510
374
1059
1154
1423
1536
1759
737
1768
226
1051
863
1704
750
635
102
1951
975
546
1613
27
1879
539
1904
1990
718
24
646
2071
1855
1251
777
604
779
1013
1222
156
1977
1364
1883
766
104
932
500
760
1245
541
1719
1140
1954
118
1976
647
943
1029
2113
2103
14
825
1742
2182
1147
1515
1634
28
184
939
367
699
530
1290
753
271
1567
2098
1383
1721
326
1659
2065
1287
427
1138
1823
1876
1457
1963
619
378
569
1992
704
2066
2177
211
580
11
2133
1004
1383
2148
2077
1480
302
1753
2150
1817
1113
1425
593
720
2145
946
484
610
1928
1935
947
724
1018
1471
205
1084
256
1843
1764
938
2158
835
1634
2057
1180
2024
2033
1735
1850
1144
2027
201
544
560
2044
1005
115
1149
1590
708
2023
125
431
667
813
1739
722
1790
1752
1425
1134
223
1076
440
1057
1982
948
1609
2070
1861
886
126
739
1415
1416
409
1582
1840
797
1835
573
627
511
761
241
496
1291
1472
1339
400
120
583
1812
2052
1141
972
1504
1448
821
1326
914
1983
318
911
2010
486
369
1958
500
1016
1106
158
1618
927
2024
556
367
1001
1204
75
126
1027
918
1936
988
1252
492
1958
725
850
432
361
1028
1294
761
958
1689
615
554
467
1481
1259
409
1727
266
2080
1907
623
1864
18
2136
720
152
1522
2129
783
391
852
1829
1421
1138
983
209
1233
319
382
159
1412
661
159
2089
434
1044
1195
1835
1845
889
1466
1901
1006
270
688
2073
1025
611
2174
51
1290
1579
1776
1669
1606
2157
1814
369
228
1645
133
1133
1878
270
2158
1761
1340
1460
1336
1602
349
449
1584
891
360
563
268
2074
1541
1698
1250
1937
289
163
1387
753
311
1311
972
983
143
1369
1423
42
1243
403
786
391
1234
1517
2194
1377
1985
912
1146
649
764
2023
1727
493
1709
732
272
253
470
1415
695
1595
615
80
1516
1038
1667
939
1040
2074
1966
2003
34
1932
785
218
2029
141
765
14
831
1560
1288
1564
1610
794
2027
1669
1648
1687
694
2012
2185
1455
347
1322
721
336
1116
1707
1582
61
1324
1491
1296
43
64
1512
583
1513
2047
1279
490
1691
1439
696
282
852
684
2135
555
641
1240
17
281
610
1987
898
477
6
816
983
1027
1480
501
1692
1110
705
2130
1659
2001
1118
2114
686
1938
1481
1210
1284
1688
1998
1019
521
1421
1691
120
88
1531
544
1051
250
1466
900
1766
1193
116
1349
2097
863
425
1964
1070
210
175
1851
1033
504
1972
1984
320
1086
712
968
2120
1985
1085
38
736
958
720
328
1444
1162
2085
1134
66
458
2087
373
1312
365
2124
1099
772
1908
2038
354
1598
1177
1072
903
155
795
564
1213
2141
1461
1196
1286
2057
1238
1543
1295
774
1916
224
1466
969
1725
726
1071
747
642
785
1092
1648
2117
645
1971
1525
212
777
869
1399
1048
1777
1808
546
351
1007
1383
618
1031
1420
1768
919
1008
2027
550
623
357
1833
2117
500
569
2059
229
1506
1200
1288
1545
562
1038
2185
124
918
164
328
1824
464
290
657
1160
954
1697
1318
576
793
1340
111
215
357
172
2120
1474
1210
189
928
411
932
1740
491
1871
278
1426
800
228
78
1210
1040
278
1633
962
250
1316
1567
1413
371
472
953
1139
1510
63
1865
572
692
673
1783
499
1756
2109
881
2045
455
1427
605
1597
1307
2003
284
537
1524
967
1375
1454
789
799
2165
1265
528
1476
1507
165
346
136
2113
2023
1392
2017
1596
1629
2073
1468
512
2014
1170
634
1500
313
1942
52
740
530
1958
1503
411
386
1298
1815
695
346
1415
464
1233
1084
548
1586
1324
193
548
266
762
1664
1170
1075
283
593
106
1316
2194
1339
768
1626
1791
1931
1834
182
484
2008
106
1565
347
519
214
1291
840
1424
2149
939
259
1885
1840
998
462
823
1555
1522
419
807
1732
1489
1288
1057
93
1874
731
1353
1544
2063
1738
1047
1698
1964
2092
537
888
421
378
2033
1034
1909
842
644
1359
269
672
1796
1842
1680
60
1350
1079
2127
1950
1774
2132
50
1598
490
2005
1002
281
890
1100
715
356
2131
1805
780
1415
1502
492
602
631
511
1195
1488
853
1392
1948
1850
267
644
1478
761
409
454
274
334
968
724
97
1688
1
1839
76
1677
493
10
1575
270
56
1564
2134
1902
2026
898
661
559
732
835
1375
1566
1244
777
478
2154
1639
1470
1261
451
317
661
1709
2001
638
309
1390
1903
1788
1803
1543
53
579
2147
1139
689
714
1973
1001
1777
322
323
1804
1208
357
2025
1757
1569
1175
1508
990
1622
2088
1453
263
1138
519
1471
267
1233
1187
569
1684
777
1105
148
866
1491
1596
164
386
734
1726
1794
1540
1861
711
2129
1300
1823
1794
1455
1002
1327
663
82
346
474
1022
560
902
2064
1833
996
1674
667
1799
910
323
1358
617
1346
2006
1023
1745
1250
934
1230
384
89
544
808
216
2135
735
2137
699
1451
113
1997
1882
1915
1416
161
273
39
655
1204
2122
1126
1410
319
382
567
577
2155
572
895
638
1270
516
1596
993
778
1290
773
1311
540
875
727
1983
1554
1987
1496
222
1600
818
2128
948
102
433
431
1362
1134
1704
654
1000
1660
2069
1717
1868
1685
1671
2138
1316
1055
914
389
1554
1542
1912
110
1776
771
894
2037
2109
1248
1372
1998
20
14
649
528
2048
1280
496
1719
1066
946
2147
62
1156
544
169
1734
2047
1242
470
1227
1515
1111
902
1186
1057
1599
653
631
2089
1013
66
1940
1279
876
1908
2140
1132
212
1836
1107
1694
812
1734
1506
1878
1244
365
1041
285
2024
382
1154
2042
1558
1684
1966
986
101
1954
1347
1809
133
808
1967
1422
1177
49
630
1565
2134
1185
1775
2093
1602
1275
2066
1778
1388
457
1424
542
475
1848
2141
1766
1500
204
1730
566
1323
1353
224
1273
1509
2072
442
937
1409
698
138
936
219
131
666
1453
65
1002
1718
1701
388
264
380
1867
306
424
814
1627
1610
2079
560
707
303
1449
125
971
1925
1432
251
738
176
1186
1659
2182
1723
1128
1158
1743
1560
470
1243
771
298
1068
647
1201
1629
1123
443
1694
36
1763
497
355
378
1907
190
1927
865
6
1256
1198
1583
1031
86
1438
1839
665
1359
49
182
1676
309
2098
772
1482
1901
256
205
197
2041
888
2153
1686
2113
1793
1868
1395
1987
776
2168
673
993
418
1696
598
1589
933
1078
704
686
2001
1080
1083
1797
130
1887
1219
1324
1424
1061
814
960
1473
2058
573
1800
807
1848
1463
1053
252
340
451
917
1480
917
956
35
1530
128
1355
991
1346
1732
336
647
1629
938
743
646
1645
1939
1548
1251
497
1736
1421
1807
1582
1423
812
1624
986
1498
1497
498
1421
2157
473
1315
1238
1351
92
2091
339
1232
811
838
1101
731
137
1286
1968
1479
457
257
1046
852
1393
1004
351
1302
2034
636
798
210
1449
1145
1397
566
814
95
266
24
409
921
1543
488
1986
1261
938
1037
135
1794
2000
563
812
257
192
1734
136
47
1994
1957
49
1006
836
792
651
1801
1507
447
1656
1431
319
1871
176
2020
1895
1095
1281
1766
1339
278
915
1313
159
1562
1697
1951
1480
1705
1307
158
647
1879
1393
1911
611
1989
911
1568
245
429
127
2169
1568
1189
61
1784
681
1940
1468
1375
2126
24
1366
2044
715
1542
1785
2071
1446
1924
2079
879
1607
829
1311
1106
1015
2149
616
1322
1352
1023
302
2170
1588
904
288
507
1824
960
1480
86
1415
924
529
1007
199
265
546
1273
903
388
279
1732
1529
2164
933
1817
678
1777
1700
744
1113
1338
716
1448
1057
1869
1112
1496
1361
849
470
852
637
759
1720
1214
1503
1398
547
1996
898
1584
250
300
1905
756
21
1522
2170
537
1108
1029
1899
185
675
1581
1206
810
1954
1488
1446
962
692
651
1848
1755
1699
1701
213
1697
563
170
2076
1506
933
1231
822
1440
548
833
1877
1270
1663
488
977
1948
2035
496
1304
458
1031
958
2016
2108
1895
723
1245
1179
883
2103
644
1981
1667
1946
63
1488
1280
1096
30
135
1725
2022
2198
960
448
333
697
742
1631
747
219
1085
1699
1026
447
497
866
13
1994
1407
1192
884
1274
771
1673
582
1953
68
733
488
537
946
645
956
1009
1426
1004
1522
1346
644
684
571
1012
1778
171
1811
591
1205
1504
439
1703
1070
1614
241
597
1057
1272
88
545
1344
284
2039
1567
1592
1420
889
564
1353
1390
481
1871
1542
1177
892
1337
1513
882
1173
1402
1118
958
2164
193
655
938
137
948
827
2136
1634
782
2083
2069
1682
2046
1365
1473
1678
1898
2129
329
1234
624
956
1353
952
1370
1904
1672
929
480
137
892
685
1597
320
1863
77
1869
426
125
1915
785
545
1288
1913
1422
1416
315
148
2112
1939
499
1871
562
1660
1927
1882
1426
1175
1645
299
1414
91
1634
1502
1593
542
843
1411
825
185
1767
74
2005
2175
296
105
2096
2078
363
1555
1352
1383
723
636
298
1250
330
303
965
212
1362
1340
909
1431
1346
859
1707
1736
832
586
1559
421
1946
1378
1926
236
1851
327
119
730
1776
901
2177
2184
1861
354
777
147
1705
1610
2138
1116
1107
1735
750
76
1671
2102
1407
1696
1268
375
232
1510
1815
816
227
2178
1716
252
2150
1904
1241
382
1438
2063
1619
1672
1055
1524
1600
2112
352
1047
449
240
349
1720
1259
1486
2082
1485
116
1857
471
1647
1467
1362
1744
562
694
2093
2061
754
89
1951
1495
682
832
217
1693
1272
1561
938
1378
1976
1949
37
278
458
817
1485
523
285
1998
1717
1701
1516
1785
1752
2114
1794
1238
45
1225
1598
1504
438
615
1630
2175
701
1614
1151
843
51
1348
1012
226
1260
578
786
237
1549
2112
265
1904
358
1681
463
1645
1807
471
1876
1082
1880
445
259
1286
419
1054
653
1187
447
746
203
707
797
668
1657
665
469
832
608
1506
1433
864
90
937
1806
711
2049
93
939
346
730
584
1141
767
146
1645
248
818
1411
1548
446
2105
2058
1807
26
623
18
1433
1767
2082
66
84
195
55
1154
109
1764
713
411
668
1765
1307
1906
523
181
366
1597
577
883
1974
923
2066
158
777
1920
111
559
1739
2079
1722
1983
2077
553
1584
2117
1757
1890
574
52
1663
1567
872
1156
1111
324
316
401
1336
1502
674
1114
2075
385
262
1299
1264
1857
137
1804
2055
1172
2166
1285
2091
586
339
38
1115
1574
1932
764
621
1573
2147
183
995
2125
155
396
2127
129
1297
373
2156
814
1366
152
1154
412
370
1013
1175
1525
1548
1421
1561
1915
2041
1670
563
1244
317
1002
1208
159
2002
1333
2033
1061
580
1577
845
1097
1711
2087
2057
139
1020
282
777
2033
729
154
575
1599
2165
576
129
1624
630
1063
2059
139
1094
869
1317
1296
853
1764
1196
870
1574
2130
1133
1701
341
1576
495
738
2142
2020
1915
1342
1436
1146
1681
1381
1204
549
485
1515
884
1245
13
1161
1976
1053
1449
2105
1298
1042
1831
1779
672
1847
212
414
435
1997
1471
883
1694
600
1220
664
2142
1358
1638
1512
1611
1485
1341
473
518
153
1589
550
1548
1515
833
1354
888
1622
826
840
1271
1624
1581
1354
51
556
126
243
223
592
1076
1778
1690
1535
2077
200
193
280
1941
702
731
1007
562
1893
286
1803
787
304
2124
2157
1908
346
73
1484
1148
1915
1393
2085
1155
1802
2107
1347
1630
2090
125
803
388
193
229
1292
586
663
98
485
279
1885
489
1909
755
1680
1523
1471
1818
120
1346
1076
273
1057
649
2085
1952
524
1238
1694
1673
1984
1665
792
143
1150
1232
1925
2092
1385
1293
1050
1005
422
21
693
648
624
1113
80
476
1388
225
1736
2125
859
1129
1316
1467
1723
58
850
1831
189
112
1097
2127
270
1617
517
364
1110
604
366
1774
2078
1314
1529
538
1816
1655
744
2094
677
921
1819
1862
1448
872
340
1872
1619
733
986
1323
488
391
738
1215
313
1053
2099
1787
1922
1087
1640
451
1351
1
1454
350
186
1033
1293
1416
1375
1018
1674
1515
1486
1748
239
1541
1809
2133
62
292
1478
531
1724
1443
1322
619
1407
1601
2155
412
1159
506
1503
204
2193
1937
878
1229
238
509
559
1554
663
399
1589
1068
681
697
248
127
1926
193
1986
896
1169
134
1157
673
1066
2043
1210
402
1845
697
221
1717
939
1767
60
212
2144
525
931
76
2020
1545
638
185
1417
1513
1387
1447
231
1819
705
1626
763
1558
1991
457
336
2112
557
1513
483
1850
921
697
353
312
1051
502
780
233
374
1941
1548
978
836
637
560
125
865
266
1013
1509
655
1553
241
635
960
1585
1791
2149
1092
1516
1788
2168
1009
190
170
1823
1480
1765
1391
1392
665
2118
1801
1924
373
817
893
372
121
1468
1343
1587
995
935
122
113
1625
1124
534
530
1162
2098
1115
1742
2079
974
957
1714
911
1966
1387
1591
1395
138
265
1146
612
1671
979
1404
1506
1952
1837
838
1626
425
1268
1352
1451
196
1869
1343
1936
1138
415
1577
1286
934
142
1411
1419
1083
1525
1846
2026
112
2088
1663
731
386
192
167
1930
1907
69
827
757
1064
2199
312
1526
621
1245
1149
874
809
1408
83
1488
2056
763
606
2047
1785
1560
258
1731
300
36
1569
110
1240
129
1352
2141
478
1819
767
2183
1066
2084
552
2195
201
152
1998
640
240
639
270
586
1656
192
82
1289
1736
774
1931
311
534
1766
1113
1215
167
1225
605
1508
1407
946
1139
2154
2077
289
899
2071
2031
1326
279
527
2130
1945
333
747
982
1118
925
1095
1633
588
1225
1880
1064
1178
474
143
1204
1770
546
941
207
992
2080
1741
1956
1980
1006
227
838
1555
606
1413
553
259
1935
1311
706
431
1663
1210
1399
1842
168
12
2111
1587
2183
1899
1270
1735
1637
345
1507
1890
138
1649
1431
820
2006
2047
2071
1104
550
832
2127
2050
1831
799
784
1218
224
1426
1001
1079
1576
527
1922
23
1130
2145
1776
1377
503
2103
1230
2033
416
544
4
2052
2162
2
1822
1838
155
2180
1808
1588
1846
71
1550
1102
1053
1767
1312
760
17
1322
902
45
974
1945
1940
9
1994
909
726
515
225
1403
409
157
913
529
1209
1354
1601
20
763
1914
747
2031
2171
550
676
1619
792
775
885
1896
794
1847
158
583
280
72
1770
1635
1136
237
1974
553
1327
237
1549
935
2050
979
1401
2117
602
989
397
1605
1120
883
1142
843
1347
177
1461
1358
288
475
259
2187
301
1992
1683
629
1236
68
1468
2186
251
1220
1743
2148
2173
149
1038
1091
457
876
331
188
1358
2146
687
751
472
628
1465
884
205
1822
1577
1549
1341
197
58
1323
1243
1968
899
1222
1897
248
773
1129
1508
2026
1776
476
639
82
2125
109
1036
1320
513
2113
1152
219
1505
1047
1135
2011
1505
629
1504
1988
733
1154
1310
605
860
926
1174
175
1189
633
1716
1904
673
1623
152
680
1533
204
771
919
228
133
1022
96
1846
383
434
2128
1529
1051
805
1480
821
1332
675
701
1779
1679
2109
1569
1798
390
1456
351
1874
1049
639
618
170
1461
1090
1171
1964
1715
1292
160
574
170
452
2175
746
1150
1759
317
499
1618
444
1984
1678
1923
903
2092
2160
867
17
27
736
739
355
946
539
848
127
820
1986
822
510
1679
1663
2087
2138
1405
8
1068
758
505
1027
1725
868
326
1736
1334
922
1555
312
681
426
1221
1659
1823
193
1741
83
400
840
2184
1895
903
1816
314
707
1993
14
528
2085
660
17
2012
1263
1729
1602
59
2054
1685
2146
1514
106
1013
2011
57
425
800
564
1090
1364
1371
1472
1139
607
1603
151
1130
1505
1047
1950
72
313
841
204
1473
845
1192
335
579
1237
1492
519
2147
14
1103
1646
1870
614
2027
1792
2100
2044
2173
1904
2166
1738
402
147
2042
1013
2192
1782
1433
203
198
907
490
1482
1047
2006
1227
2092
667
737
36
1728
1407
899
103
1364
737
470
1733
1857
1917
1537
2012
1155
1279
1518
1067
1317
728
1169
650
2052
956
442
1972
292
2026
1954
500
1224
1936
238
1966
999
2192
1126
2002
173
673
866
550
1525
1291
166
216
602
1335
1914
411
490
2109
557
1434
860
1525
870
1015
1254
2198
2023
667
224
1198
252
1652
886
510
1961
736
161
1415
712
900
564
1465
1890
1924
1688
618
535
502
522
1309
1165
64
1118
1642
152
245
17
653
2156
1067
154
2111
222
810
1409
799
609
504
1657
2081
477
1696
2199
355
1064
1848
1579
1476
1367
306
1589
1947
217
1134
671
148
2108
1227
1442
1525
1140
1372
1426
273
1335
785
1471
828
688
1618
499
1416
2080
1975
1868
1226
252
904
1302
1623
112
485
3
43
168
1325
1306
596
1741
1873
1018
380
87
147
1128
1241
2078
719
1832
1810
1478
1459
143
197
487
847
1123
1537
1147
1429
531
2051
1267
182
1363
565
1874
399
245
1057
283
712
990
837
1733
1763
1299
423
2015
1725
735
900
521
1380
1729
1990
1229
517
1753
1158
1327
78
1630
1187
1605
1298
1279
797
701
9
99
1900
145
643
251
279
831
1121
343
1003
666
1075
208
15
98
2073
2031
1461
1900
483
1554
1157
617
98
27
2138
2087
2065
1936
374
2036
1353
1751
1665
1418
838
278
1570
458
1054
1153
1967
1611
1051
135
720
2140
1319
1160
1381
264
1267
179
552
1290
1512
1836
26
477
2181
352
764
1817
197
1376
841
100
1856
1003
86
75
2160
783
1882
1207
1534
1627
1032
540
1488
1151
2192
991
1802
1592
1939
1955
1662
751
1504
2116
1293
1933
934
1904
1283
946
1437
252
957
1415
708
1742
1338
723
2184
1051
230
70
150
55
1045
1658
1810
203
1369
1312
1594
1320
38
1153
184
1661
1960
1607
890
730
1336
666
2102
29
2093
712
397
1832
696
107
1247
1123
676
1298
1197
2023
979
918
1696
194
811
867
853
1710
1605
625
2113
1614
965
1128
705
1014
830
770
1028
1753
1877
1879
1893
1012
1358
1932
351
900
844
1057
26
489
1186
1003
760
2087
1308
19
1623
332
1243
1
1906
460
1293
174
225
320
747
207
584
1971
1707
496
497
1050
1588
1882
841
619
1633
1753
1264
715
2020
416
239
825
1557
1481
1135
1345
2003
1158
1343
439
1155
509
1533
1644
655
791
87
1987
1614
889
608
794
438
1800
448
884
1145
490
2121
1294
1836
838
1647
1970
550
740
1899
1795
1744
2105
1600
1801
492
750
1556
1247
221
112
147
423
2167
1904
1837
2100
1914
1077
1299
1060
454
931
2054
576
2118
342
1252
376
1498
263
1591
1079
1572
510
110
1783
1600
2025
649
2183
1457
1412
2175
875
745
1131
2174
1369
2000
2083
1271
2184
2167
694
874
1391
1515
2148
231
999
2031
899
1541
1693
853
1591
76
1774
811
164
1947
69
2049
930
20
250
852
1198
1054
219
1065
1183
15
1034
2157
1344
2100
358
1717
794
144
78
910
1025
525
1660
1061
631
1700
1725
1163
714
1116
642
1865
9
1417
910
1548
14
1999
1509
152
374
320
2107
61
2088
1180
1282
155
1366
2097
1951
1939
1688
9
207
962
1690
414
1681
1492
782
318
1826
1061
650
512
1079
989
668
1126
1249
1391
1228
689
1766
1439
1455
379
52
836
1407
1821
71
1271
1933
1098
734
1512
1906
346
761
516
880
861
893
1676
1452
1357
853
400
210
1780
1269
1507
2038
758
2198
253
1957
2151
118
1995
1578
1573
2169
1613
205
1902
1856
1788
1247
106
1738
264
451
80
1466
1816
1120
643
1002
1996
1915
1187
192
582
943
549
168
1981
884
1806
561
1651
30
1290
2167
124
1634
1693
60
1955
1686
1550
764
805
1511
1317
2070
58
1688
265
879
1227
1301
1593
1694
417
157
1269
593
219
465
448
1721
705
388
134
1500
1243
486
845
1011
664
1823
93
1386
50
2093
933
227
899
87
328
1760
572
1756
56
2094
373
732
1661
447
1059
461
1537
1606
1502
1672
1941
1277
106
1788
91
892
1551
400
1483
899
660
75
1374
1676
1247
2104
1593
93
94
1691
1085
1042
1711
1608
1590
56
482
1705
276
1474
2000
1728
1569
1647
1950
300
463
854
1331
1998
190
1763
1450
256
2013
973
955
1181
1785
1612
1455
677
1487
1848
155
331
523
1984
197
2175
47
75
1114
109
176
1735
522
1877
1
492
2074
1432
1325
1017
2137
1246
1847
523
1469
1929
921
8
280
977
1258
1787
107
245
700
922
85
2064
779
2057
748
717
1663
450
263
1637
1780
1988
289
832
76
665
1577
161
1970
805
411
585
1363
484
1852
2148
90
1387
464
705
1728
41
556
654
465
1623
736
2026
1719
953
1007
2142
83
844
386
676
563
1328
1094
1412
53
1938
834
1325
132
1874
1257
254
102
1485
1923
275
512
545
1948
358
1708
947
2164
1034
1903
1875
596
803
1942
645
1307
215
368
1688
1437
1637
419
1171
543
1001
989
1321
90
2007
1267
1108
1600
141
603
1955
1355
757
1870
402
359
1105
1722
1980
2132
603
655
1817
594
671
1286
316
435
839
2032
2155
1989
935
1600
319
1622
1158
2198
88
1830
1120
2035
75
1553
1120
110
3
1883
2146
99
391
75
1784
364
1840
621
2106
1884
13
704
901
1779
332
195
945
87
2148
872
1311
1203
1744
1268
726
1797
1609
701
523
1636
308
688
2161
764
1861
1881
907
642
344
1971
1283
183
1488
8
912
336
1127
478
505
1780
714
1734
442
276
1226
486
2019
1094
157
20
669
490
1673
1560
743
101
297
1740
1268
115
1795
529
1251
2033
1168
1774
1680
205
800
1918
1215
34
651
436
938
2024
1329
2146
128
260
1439
1289
1103
60
1492
772
170
1756
424
886
1471
712
1806
448
1826
1294
1105
35
1445
1001
2196
258
1505
791
1764
2096
113
2110
57
1402
228
2076
1430
1991
1379
2199
651
210
1042
1200
4
1531
714
1112
1614
1449
234
626
1664
1121
801
2166
222
1847
1660
491
694
581
1406
532
1308
1369
1762
1942
1007
1560
2145
392
620
63
656
1977
655
462
1381
1264
1395
913
202
1000
207
1877
2199
366
1217
1936
737
1536
919
1946
906
601
293
1115
459
1022
2018
478
56
1340
1181
1019
1111
1799
640
1455
1647
1342
1591
2136
1714
2008
572
1834
1715
1267
1739
1449
1817
426
1014
2009
1394
2133
1882
783
1352
1355
1474
2194
1304
1459
1613
1568
512
1589
1743
437
378
919
1906
1476
1177
1993
325
639
246
2194
653
840
1478
1296
387
1603
1205
50
1511
1997
330
1862
667
1359
1528
1980
2103
520
1956
862
761
990
980
1860
301
658
212
434
576
1558
315
477
402
1933
2028
1353
1503
2037
1970
1319
1552
253
166
589
556
439
794
1694
1047
859
329
109
1697
530
929
1421
1947
1546
1957
1845
390
145
928
522
1712
745
998
566
1585
1722
526
933
1762
173
1126
381
1086
219
645
1565
376
1732
1420
1919
1168
1386
1718
1399
2162
641
1766
1842
1850
507
15
1501
1269
1997
1141
1369
203
1671
696
2143
672
1245
1142
1853
1240
1891
679
1596
1214
1251
761
1581
2129
486
505
992
687
844
1654
1035
1410
787
98
211
1211
1575
1772
672
2073
1966
47
2109
1935
1242
317
1625
627
1553
1260
900
477
1926
8
1994
1470
1464
1059
609
891
1899
12
274
925
1059
1437
1212
73
1770
300
695
1770
86
1399
1021
1098
52
1815
918
985
146
1446
1428
137
1519
58
2037
296
1982
1826
1313
929
1252
43
248
2181
593
1654
1350
1893
1688
466
2163
599
1692
737
1963
2090
1448
1902
1333
1749
1167
2181
835
726
2005
1404
1972
306
855
1860
675
386
1508
907
2167
1223
504
190
1971
1015
545
1123
1147
845
885
100
1131
1169
1251
703
27
1102
1664
195
1951
810
531
776
1394
168
276
2151
1999
832
1707
1187
1895
2065
1835
750
468
123
228
343
964
588
1442
217
1341
1428
1274
150
138
887
1575
2054
1526
691
1199
989
375
646
1737
1556
1982
2070
1968
1498
1038
1708
1372
527
1373
902
2196
653
547
323
932
449
517
479
1182
1996
1085
1088
2181
1761
1231
1859
163
777
1033
685
1587
1314
1113
218
1174
1757
502
1760
1385
2064
1845
1019
988
1986
119
558
29
1128
677
1330
1988
2159
689
320
487
1227
488
339
764
1391
569
906
1946
208
156
1269
2021
934
427
1512
1268
108
1439
651
1473
47
127
2162
1554
1205
547
581
1806
1253
2087
76
213
357
845
1149
909
1488
1837
979
1026
617
1562
196
1146
1562
167
1020
841
1714
1571
285
1281
1987
1595
946
496
1339
2143
554
1968
258
749
1907
678
2037
191
1251
2091
439
817
1434
107
700
1296
1693
23
1711
134
75
62
1256
1512
1001
933
1181
1539
2067
1496
2105
1444
349
524
1813
618
330
292
1150
1149
1165
1001
1566
377
1720
1978
1665
1560
1685
766
1254
227
436
1563
1926
958
877
465
1384
1055
1942
999
735
241
535
56
68
2146
852
1117
853
2105
491
2052
1323
1156
1223
332
1170
2049
1793
1901
1102
1597
1888
1409
1585
357
1135
543
1796
1732
708
1448
1977
585
820
495
1058
599
1755
1427
1220
1671
1757
1568
925
406
858
1634
1335
760
1477
1756
1899
1340
1941
1128
1207
1650
1365
1583
1556
572
773
2072
118
2108
1954
1341
1786
1637
1712
903
1382
1318
1261
161
187
1965
1857
438
1235
1644
427
1300
488
2088
1878
2123
1789
1153
1116
146
909
1599
2101
516
27
1875
119
521
650
1355
710
1381
561
685
449
641
1400
1198
355
1773
691
839
404
170
1806
441
1491
1604
1292
655
1142
2085
642
832
1383
302
197
806
818
384
1181
179
1787
384
1564
345
2020
2006
637
1953
228
829
716
1523
1244
833
7
1161
1623
505
504
314
1026
1856
1759
1757
1661
166
1316
406
713
793
1871
1664
902
1076
1596
1955
19
1683
191
2156
1019
2036
1963
218
318
1568
589
40
822
734
865
1701
1285
1324
1366
1574
1735
1874
2148
2129
278
934
335
1601
325
1049
624
942
1007
889
384
1760
186
319
92
102
1580
2188
2177
136
1089
1531
836
1997
501
528
353
820
971
1124
117
1769
1226
516
1755
731
483
263
1823
1372
313
1990
550
383
882
418
217
1100
1192
776
1136
755
1686
536
519
672
747
183
1558
2115
1676
1168
1653
1867
607
64
1774
992
2100
1929
1609
583
682
613
1041
1146
762
2062
1476
2107
1493
218
417
956
58
767
1686
379
1425
2081
621
485
923
2126
2046
594
384
2074
2106
806
1845
1608
469
77
1756
377
225
1936
821
653
1703
1874
401
866
1251
2174
805
1609
950
1713
1712
233
399
613
86
1870
1990
718
1986
431
1406
2103
1007
395
791
811
1256
531
930
1249
816
132
1966
849
1224
2117
256
638
989
277
1955
2032
1342
1838
2138
305
876
1491
1038
1745
884
1365
1702
1137
2156
1039
309
1883
1509
878
1865
1090
296
597
2110
1436
199
187
1908
1479
1154
1781
1545
711
824
1933
288
366
1993
1055
1008
159
764
1571
477
801
32
2011
1620
1144
1231
951
2011
950
1344
1636
1777
649
502
1398
1654
1871
1383
1864
860
335
973
1317
672
1596
728
726
1990
1582
1798
1748
977
340
2034
395
1894
973
1967
1574
1358
916
992
1195
1967
1991
1566
291
1627
1313
369
727
1379
2007
240
1595
2066
149
412
1170
1237
1588
1315
767
1748
2173
79
251
1433
1021
1119
339
1088
2128
1123
1571
1283
1740
2028
1657
307
954
1213
527
409
37
1437
1505
2131
1147
1046
863
1689
1898
1020
695
2027
66
1879
1000
277
1144
854
1878
1306
1562
2108
1820
1475
947
134
1023
1391
1431
321
360
510
1450
1031
562
1875
464
715
926
2095
255
591
412
723
252
755
928
2008
1027
6
1098
1529
938
1111
380
1349
727
53
1319
526
508
1081
183
954
406
1334
1523
24
2144
297
1784
957
1626
620
366
963
1123
493
2121
1975
1717
1557
109
1848
1807
635
1499
860
932
2083
2127
2148
289
432
1136
1366
180
1131
1197
726
169
2034
2062
960
448
711
990
383
621
2063
498
2095
335
480
380
876
547
1884
1589
487
2127
763
697
388
12
325
1520
954
1018
1864
513
2185
1889
802
944
1649
914
774
1437
1477
1732
1178
1610
2079
686
261
1597
1599
1931
1445
1158
283
1306
1736
2023
735
1657
498
566
2111
1864
1938
2
487
997
1464
2035
832
606
1312
668
714
959
493
2196
895
1640
13
1584
785
57
1025
1585
532
541
214
440
1023
1672
1171
534
1201
624
1252
2006
502
1700
772
753
1110
1773
119
250
1227
464
716
1359
151
1828
187
1194
1238
395
1974
1866
1841
1701
839
80
819
2068
126
1947
996
862
820
254
44
2144
919
439
1971
376
703
1027
1992
206
416
445
473
735
788
1844
154
2019
2080
1757
340
1592
15
804
1180
1939
1741
430
809
1542
1595
2088
1225
1853
242
1399
1323
884
703
2033
1489
998
517
334
1047
758
617
1167
950
2120
453
1613
1930
1563
2054
668
572
2113
499
1938
567
2155
2032
2046
1457
1634
1616
1505
2145
356
1272
695
324
116
1551
1351
1726
107
1544
1075
1473
1750
519
925
881
915
735
1200
1240
737
948
717
1379
1247
1893
1420
96
552
767
868
1841
1551
1022
1340
1668
71
759
124
1457
1898
80
104
1640
1877
1945
60
1598
905
207
126
1136
904
1821
805
1877
2114
1617
1749
1464
2158
927
227
1092
64
55
1711
1157
2006
430
1072
8
1997
571
879
985
2128
1189
2084
1001
1094
2075
355
1410
801
836
2013
71
973
782
326
1524
2017
350
2159
548
1750
1699
862
787
1171
390
1290
613
746
1513
1427
1127
225
613
1813
1037
313
852
942
971
954
1760
1931
1162
1614
2148
1941
1694
1538
1860
1184
1994
915
1359
72
2116
81
1912
219
82
908
1617
2001
908
1162
644
1170
340
701
74
132
1109
1413
487
0
429
1462
1109
93
770
1927
1093
2194
1562
370
1200
1493
1702
307
1081
1150
924
1576
1878
25
1179
2122
714
497
716
655
815
1440
754
1268
1425
1694
394
710
1042
848
2073
746
789
865
997
1589
1530
55
386
217
431
1972
1493
1541
1512
927
1189
132
849
802
102
1587
83
1679
13
1799
635
2162
1345
1600
1870
1137
1948
903
2155
417
1335
2073
317
145
263
998
106
1895
1919
937
1631
1097
1083
114
370
557
775
1368
1625
1611
1532
546
683
535
952
1167
1579
754
167
614
1873
1379
1036
757
2169
2170
1813
252
474
817
2079
644
781
1968
513
1047
2060
394
232
274
1707
1373
259
626
1716
2075
970
1833
560
1807
1561
1627
1144
926
655
175
313
755
1498
2159
268
1877
548
918
2130
51
1268
651
1290
284
846
124
1600
934
556
1453
824
166
17
803
109
412
1891
1594
661
893
1169
785
2110
822
1921
1292
1294
307
1140
919
1474
618
679
1146
1764
1544
1038
702
166
542
1936
1113
1911
933
431
1246
2062
1964
63
329
1284
975
2156
687
1774
1002
1858
1706
753
1946
766
540
1197
603
413
1621
409
1990
172
2134
629
693
1933
360
538
122
1986
1663
231
1165
1171
2001
661
2175
1718
313
779
1977
2043
1263
1980
536
964
474
932
75
277
202
1379
1343
1272
1779
619
1018
138
1039
922
1691
1986
1195
1477
334
1780
1808
2087
586
1700
749
1351
1744
1088
896
934
1309
211
426
761
2027
244
491
30
982
1732
1203
1846
302
2064
2094
2166
1079
46
1097
55
762
135
1827
928
1566
459
1716
855
2035
1517
1202
1162
1954
1987
934
1859
1652
3
519
1710
59
392
623
875
1731
1189
1299
349
1630
1665
591
1900
741
