223.48
161.54
184.62
274.02
72.69
335.8
301.54
317.16
253.49
231.33
159.4
147.2
85.79
69.79
75.71
111.93
106.97
287.75
90.49
282.08
187.62
338.35
235.21
221.81
246.43
203.21
225.57
264.76
304.68
327.35
259.6
326.09
217.8
128.45
158.23
310.38
246.68
140.83
227.45
252.56
349.51
206.91
321.39
158.52
245.11
289.75
330.02
199.87
307.98
212.02
247.98
130.08
299.02
340.82
285.67
138.24
81.3
76.99
267.4
288.33
253.03
253.83
326.5
189.05
203.24
130.99
349.95
333.85
128.07
126.04
284.13
113.85
118.53
308.0
232.29
141.17
176.54
109.77
231.99
105.2
152.58
341.01
224.74
160.76
328.4
167.27
270.29
155.43
147.89
197.29
221.51
184.6
301.42
260.77
339.02
171.07
216.97
311.39
139.5
277.19
231.42
231.63
136.05
138.28
330.15
71.8
217.98
260.21
112.55
214.5
321.98
294.99
315.46
180.68
238.87
113.86
310.63
104.04
95.01
296.3
163.81
273.62
342.29
159.15
334.51
135.69
284.53
221.05
284.46
129.81
286.98
269.46
90.3
240.33
171.66
313.31
156.84
266.12
232.14
239.28
99.94
129.15
247.53
70.26
320.33
268.49
82.03
229.61
348.62
85.49
66.71
164.09
196.81
221.81
191.63
247.88
285.25
77.54
181.88
102.49
248.98
254.87
296.35
307.31
348.96
79.76
307.25
330.39
332.51
70.56
251.18
309.74
114.5
227.1
193.87
113.19
173.54
147.49
306.41
272.65
61.92
221.52
69.24
327.48
71.13
113.26
118.76
292.9
195.71
108.5
100.1
169.09
224.68
290.7
284.82
71.52
248.19
64.67
225.35
111.05
309.63
171.22
303.96
325.3
175.99
232.21
330.19
131.19
85.82
210.14
219.79
185.69
341.0
182.27
221.57
77.1
72.7
228.91
325.95
298.51
223.53
205.43
281.72
60.57
175.44
88.28
201.32
284.5
199.59
147.38
195.18
162.29
107.47
278.99
117.87
301.11
247.29
296.36
99.9
172.85
97.63
60.13
279.25
343.56
246.39
91.62
325.43
250.25
308.0
253.51
202.92
81.98
82.96
342.32
92.47
267.83
136.31
341.58
207.31
148.77
149.89
186.1
64.25
161.45
114.33
345.56
154.8
109.61
342.56
90.91
262.46
89.63
63.2
285.22
72.45
181.36
270.03
257.78
67.61
68.1
165.24
313.54
321.39
201.47
107.45
275.28
154.12
342.91
286.05
88.14
288.52
304.41
174.0
97.1
211.96
279.15
349.3
322.8
325.82
276.94
285.22
165.16
97.01
349.51
67.07
211.65
250.67
205.89
207.52
197.66
230.34
195.09
224.83
82.57
174.01
336.15
217.18
339.95
162.79
79.57
65.58
322.03
144.82
135.93
320.79
108.08
186.94
335.32
244.37
339.37
130.05
142.67
256.1
348.02
256.73
269.84
112.77
297.04
268.11
195.25
225.15
240.85
83.47
340.96
237.09
221.61
216.88
343.85
323.66
132.02
70.07
281.55
125.62
101.33
349.76
176.86
275.48
152.29
67.36
126.6
81.29
95.92
291.28
328.61
339.46
175.52
142.59
290.39
195.54
298.32
304.7
339.15
157.52
140.33
217.25
201.07
335.56
155.96
270.45
164.32
64.54
80.72
102.48
178.16
258.68
169.02
295.75
332.99
328.65
67.37
65.35
281.03
241.22
149.09
325.3
73.85
133.91
137.47
90.18
223.48
104.63
251.52
258.32
247.81
275.95
348.4
293.82
193.21
144.23
123.31
304.35
287.19
92.32
333.54
213.91
94.12
340.29
180.97
197.71
260.58
160.11
72.04
253.02
164.08
243.04
282.7
69.51
247.57
299.95
63.65
153.59
260.04
304.03
261.49
300.57
306.74
289.95
152.65
129.94
199.28
226.36
68.74
323.24
168.07
106.87
120.78
149.88
164.61
324.97
162.74
127.65
172.19
111.58
200.88
329.4
276.91
317.95
343.62
171.26
112.5
249.25
254.07
247.02
282.56
118.63
63.79
205.17
102.66
68.15
193.21
256.93
215.97
69.17
116.33
184.55
296.73
145.73
308.08
302.71
241.21
305.22
250.21
114.84
63.38
232.89
119.6
237.0
123.17
96.94
182.08
277.19
128.38
303.24
318.86
134.25
135.2
163.42
266.46
95.62
290.37
209.85
233.44
296.12
89.2
311.12
333.49
258.9
282.94
97.19
210.11
132.14
290.1
290.17
170.41
266.77
211.02
208.73
253.66
229.95
108.26
240.48
184.47
190.66
291.43
277.97
268.35
302.69
117.66
204.83
338.55
89.28
331.72
101.96
71.88
116.06
190.79
138.61
191.28
196.75
347.77
220.36
283.02
87.07
234.7
140.34
136.42
348.54
150.89
312.72
193.69
170.55
100.88
252.27
214.99
239.59
301.71
290.71
89.29
73.77
212.4
96.16
342.23
253.08
313.99
67.87
192.85
193.62
130.62
84.8
140.79
257.81
69.95
204.71
188.5
136.37
146.26
123.11
247.88
196.59
284.87
264.26
220.14
341.45
173.74
313.88
198.31
124.44
244.86
203.38
158.4
305.87
79.35
153.68
271.93
112.21
203.85
165.09
155.38
180.33
216.56
148.93
176.91
240.64
156.08
312.09
292.86
101.21
306.01
112.37
93.61
343.33
219.52
311.93
131.53
333.96
321.03
215.96
304.27
171.38
234.59
252.94
305.53
249.02
343.82
63.54
302.06
146.63
92.53
122.35
290.92
175.81
252.42
250.83
160.72
214.03
207.19
185.81
131.72
193.71
81.57
265.96
202.8
291.48
123.75
175.98
326.46
211.91
324.7
175.26
329.38
203.07
116.89
207.9
253.68
264.23
209.18
206.29
128.61
82.34
76.62
170.83
140.94
319.58
71.34
297.61
208.24
290.23
104.1
320.96
161.34
343.58
281.84
305.9
69.81
62.38
114.26
263.02
237.11
289.89
291.85
299.59
348.33
246.78
206.61
169.29
340.38
248.59
265.78
272.61
142.09
269.26
126.89
211.24
99.53
212.88
320.13
167.34
189.9
238.62
349.73
327.48
178.89
345.18
276.42
90.87
345.54
263.69
245.62
340.43
207.51
114.64
142.39
229.08
124.86
140.67
326.1
177.94
288.83
192.66
237.16
342.45
64.82
80.79
140.26
206.42
339.16
170.07
182.94
248.64
344.66
137.06
242.95
284.06
118.46
119.9
237.51
285.79
166.8
308.29
190.23
199.85
162.31
126.9
131.07
263.7
182.68
141.2
207.06
69.82
208.48
232.5
332.07
260.03
192.37
220.77
344.7
105.45
251.73
272.94
173.48
137.98
146.11
167.2
124.46
173.08
279.88
233.18
277.07
336.0
131.47
156.06
153.01
255.84
178.06
141.26
242.76
323.75
148.33
264.8
179.78
318.01
227.71
174.28
291.46
210.35
254.2
262.37
331.29
79.91
196.58
224.17
324.9
91.26
128.8
331.44
199.8
251.94
220.75
320.85
86.45
74.9
192.84
320.85
234.37
263.13
317.77
102.15
241.24
112.17
287.99
282.6
82.94
333.68
174.9
94.98
128.76
322.75
201.81
255.76
190.57
88.85
248.36
349.64
210.1
124.24
139.21
131.65
333.91
336.2
142.84
62.03
151.74
224.81
297.48
181.15
200.35
96.7
226.1
238.39
100.07
151.97
142.66
316.37
225.91
265.22
179.25
173.58
150.41
132.5
339.59
186.08
159.63
164.15
165.26
111.68
119.27
253.09
64.14
271.82
110.04
288.31
159.6
99.47
280.61
192.47
110.65
236.89
235.01
241.35
140.57
61.05
278.65
63.94
148.76
150.74
127.14
166.15
282.53
284.86
96.84
292.39
96.85
291.1
153.52
77.11
332.3
255.44
187.49
97.45
76.56
271.94
332.98
316.38
200.48
145.9
101.3
153.95
295.83
269.98
332.14
115.57
108.03
231.16
262.88
163.08
242.09
282.8
266.82
121.51
228.29
218.95
236.36
189.46
226.19
177.31
305.92
135.0
87.27
115.2
260.06
148.28
135.24
137.12
80.24
336.13
160.07
246.92
270.83
169.2
313.49
266.86
77.28
297.88
123.85
175.04
347.12
135.47
330.41
285.25
270.22
347.39
319.82
306.7
75.55
170.04
157.53
79.9
93.57
258.56
294.63
238.8
286.36
234.77
267.16
269.91
294.98
150.44
289.15
205.1
338.94
107.73
346.21
86.55
233.48
257.88
321.07
280.35
87.71
238.92
263.43
118.99
250.69
86.51
100.99
164.93
116.85
61.01
240.12
194.22
124.68
121.55
232.0
91.2
132.03
71.9
282.18
343.1
137.09
194.71
186.77
217.08
168.78
98.35
131.99
291.12
233.43
79.99
122.75
176.03
247.38
287.65
229.4
320.82
293.46
198.18
271.43
106.88
160.87
66.19
275.18
330.1
169.51
149.56
136.92
60.0
149.07
64.85
222.72
258.49
163.9
176.83
151.93
137.28
153.94
222.97
222.87
273.36
98.71
338.07
211.68
305.52
77.88
164.7
271.28
88.16
108.74
226.69
201.7
174.91
107.85
63.33
61.74
236.88
184.37
287.0
158.48
60.02
207.41
190.16
116.72
348.54
92.94
171.76
213.35
159.37
164.96
320.86
178.37
192.76
204.3
233.97
168.96
330.02
83.15
129.91
338.48
129.83
308.51
263.75
297.36
254.16
180.81
343.83
62.12
219.3
158.34
225.9
331.57
340.01
151.58
331.91
346.19
199.04
98.37
341.71
320.06
250.76
68.08
163.64
104.73
115.0
259.14
173.42
158.3
195.39
106.36
187.16
331.46
290.81
72.1
184.99
309.12
132.86
303.32
231.36
62.66
316.18
320.08
299.4
212.88
271.31
97.52
309.61
335.18
155.3
135.78
131.55
158.01
82.73
289.59
153.52
83.29
346.8
122.2
297.36
202.82
169.02
253.64
309.92
76.27
72.89
345.63
137.58
75.87
155.29
112.49
191.06
315.64
319.77
150.43
198.0
216.87
133.15
108.62
197.79
177.53
320.62
305.57
252.5
142.3
167.87
111.46
138.3
345.29
219.79
297.15
139.52
179.17
233.46
74.62
320.63
305.42
344.53
171.86
95.68
257.25
98.14
149.89
122.44
244.56
247.69
156.16
275.6
286.93
259.23
76.8
102.35
169.95
186.49
154.99
221.16
147.42
181.12
65.81
162.79
261.28
205.86
269.63
236.7
344.62
138.22
90.9
98.91
137.87
226.83
284.28
70.99
340.03
162.46
298.97
254.6
231.63
84.96
319.64
169.5
318.75
115.35
340.44
240.5
302.57
205.84
233.03
152.63
275.25
321.83
267.93
196.5
302.29
204.77
187.44
252.76
126.63
197.92
71.75
345.49
338.83
345.87
314.8
321.31
84.83
121.65
253.6
118.71
74.29
178.43
329.22
348.79
201.55
237.01
160.56
141.78
329.54
268.61
124.19
131.81
268.45
175.4
203.52
294.74
259.47
334.34
300.66
136.84
220.45
136.74
150.77
276.03
171.64
198.95
254.53
179.93
186.09
160.54
191.62
288.72
232.44
79.39
89.25
63.8
118.87
124.79
80.87
260.02
262.85
213.39
247.21
318.49
127.58
191.44
178.9
298.47
149.12
168.48
115.62
69.17
318.43
293.95
291.34
136.0
99.37
234.2
197.08
131.1
285.03
102.65
298.45
331.9
275.38
254.97
161.74
109.0
124.23
161.16
192.52
323.58
185.75
323.66
129.98
295.91
244.73
117.09
96.87
61.13
158.34
132.42
334.06
275.61
84.78
269.26
136.29
290.55
192.12
122.93
303.54
338.57
201.76
178.73
248.07
130.76
331.58
246.19
273.6
288.02
292.09
276.68
141.88
251.98
236.31
326.0
275.83
222.24
327.61
310.01
145.09
328.04
194.59
139.69
109.09
258.55
246.82
233.61
299.39
344.93
98.36
299.71
268.56
193.79
160.24
240.75
269.63
203.89
133.63
268.93
97.15
116.09
233.86
190.82
236.35
294.51
290.59
228.73
310.83
154.87
212.46
247.1
189.06
326.74
344.75
61.59
295.66
349.17
311.48
316.51
314.42
83.14
109.69
159.43
120.62
215.52
135.71
107.0
114.5
275.61
112.67
204.37
319.48
217.18
116.84
183.2
263.7
212.23
282.25
87.76
158.55
106.1
331.71
123.78
291.54
115.57
320.44
86.55
146.64
98.21
154.05
211.02
341.44
152.01
132.6
246.07
154.74
152.57
338.48
122.96
95.91
322.7
243.74
246.76
262.36
177.35
210.94
280.6
221.58
231.76
334.95
178.45
149.4
90.88
87.8
187.55
150.72
210.43
76.19
257.83
61.19
63.19
88.84
67.46
143.94
308.51
103.57
300.01
220.95
97.82
320.19
209.59
225.17
218.15
306.84
293.5
90.26
240.06
341.56
255.53
308.83
121.89
254.38
255.32
86.84
171.47
175.04
276.83
222.1
108.83
159.41
71.13
159.31
69.54
345.51
291.03
337.99
189.68
165.87
343.95
308.45
261.36
164.87
130.51
202.78
128.08
111.3
152.84
92.56
204.38
293.7
334.87
181.8
339.03
265.24
77.02
181.95
338.35
131.48
85.89
143.83
234.97
298.78
201.15
242.0
317.87
241.28
213.99
76.89
253.56
218.44
300.8
212.38
141.91
111.56
259.2
191.12
250.08
300.39
153.79
242.46
329.6
121.18
308.65
112.69
164.52
184.47
234.45
111.19
201.66
333.42
157.96
124.34
73.66
264.73
206.04
213.2
343.15
131.58
302.97
110.2
192.59
249.78
306.53
269.69
241.44
65.04
222.36
166.81
340.63
154.72
90.01
101.95
260.31
179.6
174.99
170.16
338.26
101.87
304.56
308.1
251.02
136.65
240.03
80.09
330.53
253.57
101.5
285.96
150.74
71.66
127.1
248.44
249.02
336.99
169.26
286.36
200.2
276.81
205.69
195.66
171.28
70.24
304.67
243.09
199.28
219.09
117.36
336.01
138.1
60.19
233.4
298.69
242.72
141.71
180.87
265.07
258.13
192.94
61.55
222.17
187.48
150.77
268.43
175.34
218.52
110.71
100.76
195.97
102.31
328.15
214.41
220.13
261.14
208.15
243.04
132.2
123.62
78.77
192.24
185.22
322.13
98.95
240.31
131.66
293.63
104.51
81.31
161.22
288.32
119.62
142.78
248.07
162.66
246.76
272.07
130.58
189.58
135.0
270.11
207.88
80.35
277.36
289.09
141.63
241.9
334.9
161.0
312.21
337.95
201.75
128.66
104.46
205.46
321.39
250.22
283.74
188.16
151.73
342.87
120.43
331.33
316.98
94.52
144.8
302.64
148.96
221.68
224.87
271.02
333.44
65.13
330.63
301.65
94.56
256.25
254.89
140.55
283.85
312.93
131.79
301.02
280.46
82.29
258.69
106.12
118.16
92.87
271.19
332.19
143.96
206.42
203.88
62.04
150.1
122.77
62.05
99.89
223.25
261.25
349.66
265.18
86.19
188.69
252.94
203.31
150.58
75.96
177.53
158.39
309.41
109.67
340.23
302.5
135.08
70.09
196.1
247.36
148.78
63.9
336.76
158.7
330.35
153.12
245.59
230.97
295.68
323.96
193.56
183.43
292.7
98.76
135.35
94.45
146.93
217.65
259.47
139.35
263.16
180.89
275.81
215.66
311.64
306.09
183.59
293.86
227.59
129.8
93.78
73.71
132.09
84.08
114.61
182.35
105.81
271.45
63.89
328.71
171.62
90.92
62.57
326.21
193.26
312.61
217.64
94.43
248.95
273.63
212.47
141.17
301.94
87.52
215.57
302.3
175.27
175.96
143.6
165.32
158.58
165.44
82.28
152.68
333.28
169.95
330.86
70.56
244.32
174.08
160.43
226.07
92.64
271.73
298.72
71.26
104.84
93.77
332.33
260.52
143.27
88.21
253.43
85.67
327.32
136.83
137.16
193.17
333.82
173.1
159.83
229.54
343.38
130.93
311.66
203.78
288.51
166.86
190.69
172.81
208.73
106.59
300.13
172.93
155.79
303.11
122.65
270.97
158.75
225.68
209.82
228.14
229.05
259.49
195.68
202.68
279.97
120.61
285.88
62.44
227.39
186.33
243.45
201.77
289.06
117.42
138.35
227.58
128.39
334.02
309.4
280.47
278.09
247.5
273.03
69.74
228.43
136.11
88.32
341.83
334.31
322.73
247.63
60.77
146.27
65.15
155.67
146.04
225.9
101.31
153.83
320.5
127.05
203.08
94.42
278.25
83.36
108.73
345.97
146.05
63.05
128.96
184.91
196.47
178.08
99.3
114.19
253.44
342.17
277.27
283.43
186.81
163.94
292.32
261.13
190.01
279.79
80.76
78.99
265.72
344.36
106.29
335.35
341.51
88.11
191.88
186.19
122.21
187.83
302.59
325.73
156.3
124.22
211.4
145.59
215.4
241.07
290.73
249.29
214.82
255.46
125.0
330.78
248.08
305.36
122.99
257.76
66.97
102.6
99.34
316.93
194.58
257.07
342.68
313.66
236.97
134.58
105.5
257.79
158.55
183.21
256.01
292.98
221.61
308.65
304.24
220.34
84.07
259.33
169.42
286.11
81.41
192.13
180.9
114.43
220.13
213.52
198.7
155.83
326.14
288.11
305.01
141.89
338.18
154.55
89.94
297.72
70.87
341.77
93.26
100.41
67.4
92.14
127.35
290.41
63.26
307.77
147.79
317.96
180.99
264.67
102.4
217.54
155.3
135.82
256.58
322.34
243.97
316.35
168.91
252.78
88.7
335.74
266.0
214.03
311.42
266.68
189.2
225.04
222.27
251.91
281.21
171.55
282.21
141.3
170.07
168.15
83.58
116.1
344.77
206.42
124.04
171.25
189.38
196.65
187.06
288.68
164.04
231.84
191.54
194.45
333.15
154.52
98.08
170.31
98.13
297.86
127.92
223.14
116.75
76.18
153.43
347.75
342.67
197.21
170.56
342.85
185.58
64.86
337.35
304.73
259.6
311.09
102.48
126.41
83.76
328.17
155.81
329.45
199.86
269.64
278.23
148.26
192.0
321.28
287.47
224.23
178.79
343.31
71.94
282.65
229.69
328.18
275.5
102.13
288.51
154.51
158.9
201.62
244.08
63.5
337.24
243.44
179.47
250.17
257.54
65.68
90.03
222.09
178.06
196.63
121.42
331.7
161.58
77.1
245.36
228.7
228.75
81.08
283.51
156.81
336.33
240.41
255.73
229.33
191.12
158.38
106.07
239.18
348.81
179.13
131.31
291.39
331.17
345.86
307.9
207.65
307.4
81.37
294.47
87.49
236.45
157.13
222.56
148.59
76.55
290.04
95.24
238.89
147.64
242.83
183.68
313.88
270.87
131.95
339.69
133.89
105.66
342.82
83.97
163.79
243.46
336.55
144.03
250.5
67.04
267.31
325.64
107.01
285.83
205.13
233.72
264.64
264.4
197.97
193.15
144.5
107.26
307.16
299.65
308.9
342.85
163.82
188.99
326.42
115.37
234.5
259.29
277.51
303.68
136.26
233.76
331.6
321.03
231.7
138.85
213.26
163.03
257.83
228.52
103.94
176.03
335.84
289.31
180.74
310.63
199.5
201.99
296.86
272.29
63.51
173.64
61.94
219.47
188.59
132.62
346.17
97.59
317.52
332.0
316.63
191.14
342.01
63.52
146.79
100.98
104.85
275.58
138.29
174.23
234.91
287.48
143.57
300.67
215.36
265.24
261.1
319.34
298.18
313.62
255.32
95.24
105.19
298.63
241.84
68.99
106.3
314.45
223.52
92.94
76.1
349.84
145.69
251.42
155.33
281.02
323.58
197.57
322.87
145.77
257.09
106.94
133.62
297.57
331.56
269.31
105.32
67.1
84.13
155.01
156.47
72.45
346.07
219.83
74.75
255.95
311.29
134.56
291.93
316.99
99.78
180.02
86.77
66.22
281.64
83.73
219.46
201.43
200.78
319.0
229.67
337.59
273.81
198.68
96.64
230.38
260.64
336.04
147.25
349.44
77.97
122.17
342.39
179.87
346.13
346.78
146.44
197.39
120.37
299.07
100.31
107.82
293.63
286.08
289.59
120.28
267.35
175.22
249.65
118.78
326.29
232.02
279.96
186.89
306.99
171.76
144.82
344.89
201.79
161.78
222.61
298.95
209.78
211.37
212.21
201.81
262.4
301.87
240.3
153.0
293.61
89.88
170.48
299.27
267.87
340.77
170.51
244.86
290.07
207.54
145.79
94.01
124.4
76.0
137.38
94.49
69.7
168.2
199.24
230.36
297.91
76.67
91.14
176.72
235.46
121.57
120.98
69.34
228.34
223.22
208.16
331.65
199.49
293.16
168.43
281.79
298.51
72.04
94.85
316.49
199.51
276.84
238.14
230.12
94.2
66.88
234.62
345.01
242.76
273.53
76.71
322.57
246.63
271.42
312.23
252.6
98.34
225.07
111.19
296.03
165.91
89.88
196.27
201.72
333.33
85.54
131.3
296.99
136.66
328.58
160.8
301.26
250.5
137.64
208.24
170.23
324.37
333.92
349.19
314.44
327.87
244.82
199.89
237.39
304.93
277.89
83.7
218.67
176.02
140.31
164.32
160.54
110.66
208.95
344.04
141.26
120.41
251.0
131.45
268.2
240.18
327.51
129.77
308.63
266.46
187.84
145.18
129.92
188.03
159.36
236.45
177.06
126.58
291.53
188.24
209.82
256.61
126.77
159.37
123.62
247.68
308.46
177.85
113.19
279.35
349.31
118.36
126.89
286.88
165.15
277.2
156.08
276.15
268.7
294.61
293.68
80.81
255.36
186.25
277.01
332.66
184.6
119.19
236.35
98.89
109.89
336.21
100.78
235.54
289.15
201.72
271.35
226.47
349.5
83.06
127.18
225.71
208.43
87.12
218.94
91.65
260.41
249.14
79.28
195.31
266.23
292.2
70.56
195.54
346.41
171.29
214.9
146.77
75.97
322.04
243.11
211.71
295.18
102.65
312.01
236.75
265.45
240.0
298.68
289.89
225.84
303.61
287.78
205.99
87.34
311.49
168.86
297.6
283.97
84.66
138.96
299.98
228.94
153.57
105.91
185.56
242.15
162.2
234.39
295.65
138.5
85.97
112.12
128.81
97.57
177.74
154.71
171.27
164.45
132.14
245.81
130.14
330.07
152.42
336.43
115.08
84.98
149.22
153.45
294.47
284.19
113.84
327.56
162.71
346.31
339.91
139.14
190.81
305.02
147.55
190.22
115.86
204.15
139.35
93.0
260.48
163.72
214.22
220.68
231.27
283.48
268.12
280.21
295.48
174.59
290.16
164.06
180.68
321.68
255.86
132.39
253.02
104.51
135.55
76.29
257.34
334.96
330.63
294.3
106.46
304.76
60.84
325.74
264.15
110.76
223.62
241.82
137.76
306.84
208.7
223.68
316.97
249.85
231.1
96.52
217.08
325.04
235.89
142.54
300.38
185.96
82.96
200.13
280.84
326.37
252.71
303.23
277.42
112.83
345.41
76.37
139.44
281.39
98.86
224.72
242.89
259.37
106.59
120.16
95.95
109.66
301.58
92.98
176.42
64.47
281.43
337.59
146.81
148.42
226.44
98.03
234.59
219.58
175.78
263.25
217.65
304.75
270.83
228.31
152.01
68.34
167.69
284.18
318.48
306.79
167.16
68.66
331.87
258.26
199.07
285.74
85.94
85.22
265.09
79.61
74.24
268.88
275.01
179.71
173.57
188.19
167.01
189.38
113.81
229.36
209.94
253.0
112.95
85.78
293.76
322.19
109.9
180.65
270.31
212.09
224.4
159.21
94.79
338.55
275.59
153.07
267.28
173.32
116.56
256.59
179.05
93.39
156.82
173.37
172.25
225.81
186.69
274.71
240.68
212.05
280.99
330.14
125.1
289.35
184.93
224.41
298.24
221.16
112.86
343.49
303.87
90.48
109.62
162.15
197.22
107.07
190.15
189.55
134.43
102.79
106.41
301.0
290.64
65.71
122.96
68.14
99.79
82.48
281.08
163.27
263.22
216.11
131.27
204.19
127.26
159.58
315.47
296.5
187.01
108.61
106.2
248.67
203.45
214.93
81.96
170.02
167.52
138.05
279.09
98.84
288.63
85.13
105.17
212.59
227.54
340.59
235.75
223.53
114.52
84.89
289.16
284.35
182.85
82.62
199.47
176.28
273.23
226.43
100.94
111.64
103.05
157.24
141.18
135.01
190.2
300.59
150.86
145.22
194.97
151.0
237.0
79.62
126.14
277.79
311.21
181.85
128.96
162.47
298.95
239.71
152.82
285.02
181.04
101.45
106.11
345.23
118.72
321.49
289.82
163.24
163.22
245.82
177.46
94.82
337.67
173.77
137.17
84.73
216.48
182.71
332.13
67.05
336.68
316.53
184.39
184.37
174.5
149.48
266.33
266.4
133.82
179.39
107.99
301.59
136.63
250.76
319.24
154.56
264.18
244.51
195.35
291.69
270.59
267.2
244.66
123.64
327.11
162.64
298.95
248.11
151.4
321.75
87.46
233.25
249.78
268.88
229.12
114.03
236.84
268.68
306.67
275.79
80.98
228.65
259.25
341.87
98.01
142.29
293.76
232.56
150.14
258.55
142.89
112.98
90.17
231.3
138.93
250.05
271.26
298.4
197.52
109.18
112.11
162.24
254.27
322.62
332.06
131.58
103.32
308.6
259.89
180.98
92.77
169.26
62.97
315.62
281.13
212.68
216.49
99.64
323.74
130.57
91.49
295.31
252.53
103.26
61.37
285.62
315.18
249.85
306.11
253.52
344.85
343.22
306.62
248.9
82.79
291.73
268.82
305.2
336.91
348.37
89.55
62.43
270.59
316.3
225.35
77.38
291.81
114.04
199.89
167.61
203.24
105.02
255.13
178.5
171.35
111.4
239.9
251.38
83.34
298.78
317.2
346.88
160.15
236.04
95.14
181.77
309.02
269.22
209.35
303.41
300.85
323.49
118.27
126.4
343.02
206.98
248.1
322.81
217.63
103.32
171.58
209.95
197.82
348.36
127.16
281.07
69.13
165.97
88.24
224.6
142.69
240.78
230.5
209.34
305.07
187.67
278.49
183.86
337.68
106.4
273.02
78.76
106.22
213.58
191.45
338.39
60.3
233.15
152.16
200.69
221.09
216.71
338.26
346.18
206.4
176.63
269.57
210.42
273.37
171.14
195.06
83.57
250.47
297.83
111.56
335.91
344.86
227.08
82.79
290.68
195.41
310.94
294.88
229.86
70.13
231.73
281.01
249.91
249.78
282.28
213.49
281.91
124.36
178.02
251.07
107.6
282.26
229.87
272.05
309.65
340.66
143.94
290.32
164.51
200.75
237.36
128.76
121.59
231.66
262.94
337.04
224.67
231.57
180.16
287.37
273.33
115.2
171.49
99.23
91.66
330.17
252.74
319.68
226.33
134.59
135.57
130.63
151.55
119.44
100.75
320.78
226.5
123.67
226.0
131.62
258.1
316.83
107.53
219.87
167.13
299.33
73.99
261.7
247.04
286.25
219.96
189.07
133.77
314.76
319.16
204.29
322.87
71.68
304.35
293.66
298.08
247.39
224.59
301.67
282.92
331.74
298.01
156.06
103.87
106.1
308.54
273.89
345.84
319.34
328.36
257.84
143.9
199.12
69.19
245.97
127.57
327.88
159.69
199.83
186.39
196.71
324.65
211.45
249.46
270.35
288.22
103.08
73.8
157.26
87.84
272.43
308.17
231.39
159.24
147.39
209.64
313.9
104.98
291.33
125.42
123.93
113.98
103.69
82.68
317.79
91.46
128.49
287.07
85.02
114.86
126.65
248.56
278.09
256.51
207.76
348.91
263.72
139.73
308.79
216.23
300.15
61.99
280.4
234.89
275.03
268.85
101.41
297.05
66.43
192.18
134.02
229.91
275.11
325.45
83.96
228.71
162.99
133.56
83.78
126.17
194.02
61.61
229.97
90.28
226.81
169.42
284.51
187.17
333.54
154.56
217.48
272.29
123.41
64.79
287.7
145.03
106.3
231.85
168.17
137.0
265.03
340.66
212.8
285.14
304.08
200.38
206.76
268.25
328.29
296.82
286.84
284.92
196.36
309.59
163.84
236.27
99.76
248.51
277.51
179.12
208.63
64.67
322.24
296.18
272.77
79.69
123.36
346.83
193.21
314.41
256.58
294.94
236.86
115.4
209.13
303.85
323.96
264.94
254.74
242.5
224.42
318.11
283.01
268.2
178.98
193.95
186.27
349.56
327.27
90.82
196.63
137.25
146.84
64.55
98.33
230.73
251.08
336.78
299.34
132.73
214.54
116.93
195.02
282.64
280.52
283.89
120.1
182.7
264.08
90.19
157.09
236.31
208.96
81.17
267.66
168.71
330.79
139.76
344.36
314.52
274.81
124.0
253.99
104.65
234.55
262.26
155.91
348.29
85.35
234.39
269.06
101.7
320.95
223.25
339.5
194.1
333.7
224.96
123.72
188.0
189.61
316.59
212.01
295.95
297.98
207.17
88.89
293.58
332.58
343.08
135.74
101.59
102.46
258.09
333.29
83.96
194.05
267.35
294.6
192.51
61.35
98.07
83.27
214.45
267.99
275.92
155.31
125.08
201.43
204.04
312.6
308.85
108.32
80.16
188.97
229.04
331.37
315.74
295.56
335.24
263.97
106.38
317.32
263.0
282.85
219.66
297.2
88.79
263.51
185.73
116.21
176.57
309.75
126.45
246.06
281.05
155.29
136.81
260.32
85.67
221.54
314.63
235.07
168.81
283.55
165.93
132.92
85.46
311.91
246.3
197.3
246.82
106.77
67.78
293.51
322.03
89.13
183.4
322.34
294.99
176.9
87.66
153.65
295.59
128.51
329.88
165.63
307.3
183.75
214.55
290.94
151.48
63.17
110.47
168.94
337.14
328.82
338.2
316.12
280.49
64.26
188.02
340.54
92.22
271.61
275.31
122.18
329.21
122.23
333.66
234.18
62.38
237.35
221.05
250.19
211.71
232.39
231.72
300.41
251.7
139.86
74.16
177.05
249.7
125.19
342.03
346.43
192.17
339.38
275.8
250.28
280.16
257.82
300.4
66.66
321.5
130.3
218.47
307.87
156.41
346.28
115.18
121.17
206.91
82.39
64.66
252.81
193.38
266.1
337.11
333.49
276.97
185.11
192.08
193.92
308.87
296.77
264.67
249.31
141.09
212.58
158.44
227.46
325.34
220.1
349.33
204.79
109.6
344.06
109.36
227.22
270.68
200.39
72.37
242.48
345.92
257.85
237.45
231.15
164.71
143.44
271.46
144.79
324.69
116.05
342.37
187.21
87.62
71.37
301.07
210.03
116.66
136.69
88.43
134.81
83.35
180.58
197.9
222.46
224.79
147.36
312.67
152.15
228.76
151.02
300.01
349.37
109.48
336.94
80.62
293.47
333.52
248.84
154.84
116.38
297.66
88.38
198.84
291.32
299.59
161.39
212.54
102.9
226.66
196.36
323.26
194.99
244.25
166.73
141.72
97.09
206.03
213.17
174.54
221.94
230.37
95.21
136.58
309.51
200.18
160.61
80.67
207.52
245.99
224.06
288.08
141.19
74.91
228.07
127.01
112.96
248.25
214.84
308.04
283.92
191.25
149.75
343.34
255.75
346.92
228.62
127.95
255.0
322.73
244.32
195.2
124.1
268.28
150.89
186.13
254.39
201.18
223.32
121.28
297.63
103.96
110.23
77.0
265.15
330.3
80.4
111.41
168.14
142.03
242.77
71.61
229.03
220.03
72.0
168.94
327.08
115.89
329.59
271.91
135.16
62.46
182.62
233.75
91.29
78.4
72.93
279.73
283.17
252.98
268.0
160.7
94.62
99.35
151.24
168.58
323.3
169.28
186.47
184.67
271.27
68.49
189.68
311.97
313.06
274.47
176.38
132.81
86.41
199.66
308.39
161.06
208.92
155.18
176.82
100.63
261.14
74.29
342.51
171.38
138.73
231.03
321.77
316.32
328.3
87.32
125.72
81.28
86.97
114.55
94.88
156.26
178.49
158.35
178.42
311.68
300.06
339.17
288.39
304.16
261.22
110.55
331.6
120.67
256.49
126.62
86.01
116.87
127.31
170.34
80.07
229.85
291.67
281.7
302.84
344.04
348.79
179.04
205.61
204.47
246.2
131.25
284.05
96.74
335.85
96.17
275.37
175.18
243.82
151.15
94.71
332.04
207.93
147.15
241.1
134.79
71.73
290.16
348.8
337.37
315.13
276.75
106.96
105.18
103.41
193.29
198.04
227.5
125.75
71.52
89.22
80.13
289.92
99.06
277.63
91.06
203.79
143.48
248.91
102.33
230.7
225.76
176.86
199.92
102.62
295.05
235.38
94.64
326.09
240.56
109.98
125.01
119.2
125.34
120.83
276.33
231.51
127.67
330.27
63.37
258.82
217.58
214.12
219.89
201.12
334.48
239.43
193.22
309.42
318.0
284.58
226.4
72.38
323.93
297.09
330.72
99.01
338.73
340.05
191.48
81.57
240.34
241.61
213.87
155.16
80.83
223.09
151.11
88.9
115.18
289.25
293.86
282.61
81.99
92.07
127.65
344.02
139.72
331.08
251.16
67.94
201.35
302.47
78.42
236.87
152.94
118.08
213.26
290.83
285.78
110.52
160.97
160.98
299.09
203.92
168.82
293.5
318.38
153.9
345.72
215.36
77.96
166.06
217.83
299.68
265.67
117.86
182.87
88.51
314.41
61.08
135.6
281.07
66.38
269.1
249.76
189.18
100.99
149.75
117.73
61.73
166.65
321.69
199.08
234.18
333.01
190.76
229.21
86.78
98.77
229.36
73.86
70.38
90.31
127.63
88.29
134.3
274.2
180.53
252.6
281.71
155.14
319.29
309.84
179.84
299.37
157.75
269.78
341.64
150.35
226.04
164.49
204.24
123.16
184.17
246.93
159.94
143.8
156.0
150.59
106.52
322.83
337.16
136.78
238.84
151.4
228.22
145.05
77.64
103.44
211.73
132.32
200.25
323.91
71.91
296.43
201.2
104.76
127.33
347.36
160.84
78.79
229.87
115.74
320.56
162.84
239.32
306.94
345.39
337.93
92.59
157.95
246.49
96.02
171.01
335.63
115.32
204.14
74.37
245.58
232.02
302.26
312.83
121.6
309.18
344.2
316.57
310.46
225.88
249.99
288.59
111.69
343.47
146.46
209.22
218.97
302.63
195.05
180.19
162.6
316.49
306.97
184.44
180.54
114.86
205.93
158.49
177.74
116.77
238.45
186.46
322.87
183.6
288.63
232.48
320.65
309.36
310.59
343.68
91.43
140.47
60.04
293.86
261.99
329.87
265.31
77.1
122.9
86.92
64.71
138.91
228.0
312.59
252.49
113.59
199.48
126.55
232.94
233.99
163.08
108.35
268.07
146.8
329.34
174.2
62.25
216.59
208.06
162.43
97.59
256.68
146.67
73.06
325.25
106.73
103.41
102.24
130.03
127.41
100.24
281.44
269.66
71.53
95.94
290.21
214.27
120.84
289.13
275.22
270.73
84.53
278.49
176.22
122.77
193.88
146.56
312.79
209.7
262.28
84.86
151.56
258.61
141.34
226.72
140.72
133.77
123.55
126.43
276.71
70.22
132.01
323.72
153.52
169.96
288.83
264.42
67.53
90.88
184.53
204.93
108.12
132.43
286.9
172.69
289.5
276.53
168.21
303.61
238.84
68.44
116.85
119.82
62.69
262.52
268.47
296.82
200.58
156.5
253.78
278.27
285.31
210.73
135.77
86.6
204.71
154.9
329.63
344.74
65.68
327.32
204.58
265.47
112.39
312.96
103.22
274.87
278.24
69.49
230.45
246.67
282.69
251.89
75.29
199.22
298.6
233.98
104.14
109.31
150.76
208.23
155.59
115.66
237.14
297.94
237.88
103.14
72.17
231.5
343.82
114.88
236.46
196.82
301.84
77.18
186.91
146.99
130.8
274.68
119.02
165.31
318.72
283.23
256.44
166.46
251.64
106.36
240.25
123.3
108.05
273.54
296.83
305.06
80.33
97.81
321.23
172.93
270.76
157.8
120.7
334.95
122.51
240.24
157.48
328.85
296.41
135.49
179.09
216.64
71.67
149.92
251.15
79.24
148.33
250.5
127.93
126.08
118.38
292.53
282.96
269.94
298.39
97.82
256.18
201.61
149.72
169.86
207.17
178.79
103.56
226.29
73.52
128.2
282.89
145.12
332.11
302.88
171.26
320.84
109.43
117.55
302.98
298.86
276.71
288.96
223.01
82.29
319.31
98.08
109.73
289.89
74.85
202.38
137.48
158.53
172.63
110.45
293.46
142.82
178.55
81.84
88.28
232.89
182.85
201.87
233.72
307.5
128.51
72.55
204.06
225.19
72.7
98.21
314.17
63.85
291.03
262.96
336.79
126.1
123.14
215.0
200.46
250.76
259.06
76.14
232.33
258.49
177.75
318.87
193.0
284.63
88.17
333.26
200.56
114.67
91.08
204.12
115.54
128.95
74.49
328.12
174.82
293.2
291.69
278.94
294.83
66.82
266.84
290.5
171.54
209.41
297.57
328.09
181.62
156.14
116.13
125.97
152.14
68.02
300.9
311.6
90.8
299.19
239.49
144.46
111.04
306.95
307.61
206.17
336.08
228.73
197.16
113.66
106.13
124.89
323.39
128.09
323.1
279.4
209.55
172.2
119.44
246.92
342.3
317.13
144.67
345.56
291.55
255.79
90.23
288.74
91.28
204.55
286.27
96.57
320.27
325.38
241.91
269.44
183.16
163.43
285.71
106.54
223.94
205.37
276.06
306.13
246.98
330.55
185.86
304.45
114.57
61.16
242.8
111.61
343.48
78.46
222.14
312.17
231.36
201.55
205.28
105.06
185.76
331.38
70.2
248.83
248.19
328.46
93.15
262.71
303.97
92.07
139.49
224.07
62.11
89.5
74.0
60.77
227.9
210.28
197.44
341.65
219.93
335.77
234.02
244.59
92.13
182.06
304.59
305.6
301.59
241.27
193.26
264.59
163.29
149.28
286.92
152.77
108.04
342.9
210.14
141.83
190.13
106.6
143.56
188.23
115.29
260.93
100.53
311.39
263.77
213.41
299.42
75.62
259.63
114.02
142.91
175.52
213.2
279.52
122.7
227.2
137.49
104.29
325.05
196.21
115.59
299.14
152.44
97.74
77.78
156.99
306.29
185.2
110.5
146.26
94.93
256.91
111.46
188.63
70.17
249.99
146.95
112.4
263.54
195.19
261.04
190.53
107.15
230.64
317.26
289.53
178.41
304.61
69.83
282.63
262.46
269.82
100.04
62.46
151.18
149.48
231.63
155.36
110.78
336.81
250.19
154.49
228.75
220.02
292.87
276.82
121.4
202.99
164.12
117.76
299.14
72.56
126.84
304.8
265.1
186.02
128.66
158.0
269.1
266.97
153.93
293.39
276.03
178.19
277.98
85.95
175.38
270.6
154.06
87.7
107.38
233.16
348.02
330.37
170.57
115.04
271.13
308.46
315.5
135.17
210.66
102.94
60.65
97.27
298.59
203.87
134.59
347.91
154.49
214.61
232.39
115.21
115.69
337.22
203.34
148.47
103.74
71.68
333.14
127.64
193.56
70.62
290.66
141.95
337.58
296.77
306.24
119.54
115.43
237.08
95.18
338.5
87.73
263.39
107.52
240.19
311.34
119.85
97.13
243.08
88.11
311.87
316.96
282.67
171.8
177.13
121.66
247.37
81.9
279.13
117.33
324.36
274.76
181.66
146.61
131.47
260.29
319.52
334.02
340.51
332.47
266.55
116.43
157.06
171.5
251.07
188.74
160.65
163.64
221.55
277.26
137.81
218.71
109.3
349.61
213.63
125.48
243.89
139.59
254.75
126.63
98.04
132.91
224.31
192.32
277.75
133.55
250.91
168.44
196.41
326.03
290.31
132.45
264.28
95.41
349.32
317.9
305.75
245.59
117.78
204.12
192.69
179.99
249.3
274.19
138.71
252.01
165.69
65.01
105.76
248.2
295.84
77.97
105.43
193.43
91.09
248.53
69.81
91.07
271.5
299.88
134.41
192.93
227.96
66.45
265.61
77.32
112.51
272.62
301.01
266.18
325.71
346.24
295.52
239.06
75.62
321.04
143.35
173.37
211.02
316.26
293.01
206.01
314.81
307.11
159.95
141.64
174.04
282.53
242.03
94.77
152.56
314.31
330.33
99.19
342.57
241.88
291.83
300.08
102.14
240.0
100.15
186.84
163.36
305.48
103.03
306.9
163.29
77.67
252.67
348.68
317.83
328.0
164.92
119.34
311.01
69.06
334.95
168.02
262.82
171.25
240.5
156.74
151.95
164.15
288.72
119.47
186.82
148.14
84.01
270.85
315.9
131.23
168.71
316.52
316.92
267.53
196.22
104.87
232.95
171.41
152.63
300.23
180.75
207.58
180.68
264.07
122.38
250.99
210.02
281.41
211.27
166.26
93.29
209.36
150.43
320.7
132.09
291.55
194.81
63.74
137.6
325.84
149.58
230.27
228.34
251.31
335.65
274.5
222.71
324.79
284.6
133.73
128.39
306.47
95.77
112.88
263.38
113.22
308.69
117.46
138.93
211.93
235.75
221.75
195.78
80.92
230.66
279.65
195.68
143.15
99.41
154.92
327.37
166.91
273.22
145.92
95.28
314.47
120.61
83.39
171.31
307.1
87.85
106.75
268.0
160.8
224.34
167.76
342.69
309.63
284.02
253.99
205.8
177.83
61.74
257.94
223.58
88.41
261.44
213.47
157.78
126.43
245.13
116.36
207.63
273.53
289.67
182.26
176.54
213.63
156.96
311.02
251.37
166.03
110.75
343.35
338.87
127.44
140.04
143.08
159.71
151.42
63.32
284.41
226.01
83.32
341.97
156.98
308.96
332.66
64.66
339.02
167.94
89.03
224.41
71.46
147.75
302.17
289.83
341.74
68.45
219.99
90.26
323.82
70.84
327.57
147.5
253.58
188.42
236.05
181.13
267.44
111.08
151.53
128.01
149.6
109.12
237.88
190.53
175.59
309.9
233.88
217.67
255.67
240.25
248.63
242.71
142.04
265.14
207.98
285.33
156.93
212.46
277.21
160.41
265.49
279.92
219.03
120.9
331.59
196.45
310.14
323.29
82.13
183.43
179.68
198.78
115.75
331.47
103.58
94.42
133.59
83.07
176.52
126.13
198.69
225.35
208.97
317.04
318.94
232.33
213.05
172.37
260.39
122.24
137.98
219.88
235.11
268.23
338.35
74.15
244.95
207.35
173.63
86.4
262.45
273.28
107.34
261.94
70.45
104.9
118.97
340.11
220.93
206.93
344.56
106.17
342.37
127.87
252.29
281.55
62.85
272.7
206.89
210.64
151.58
322.83
115.41
169.96
72.28
188.35
325.77
130.57
287.8
71.04
297.71
150.78
78.05
156.58
222.74
329.52
155.31
168.48
261.43
65.71
264.28
71.13
334.07
348.25
276.04
187.39
112.13
72.6
300.31
284.11
326.34
137.32
180.81
324.13
167.08
139.0
229.51
197.18
119.52
315.11
245.19
138.06
243.65
336.11
112.76
242.06
349.55
202.85
282.16
265.26
203.18
183.01
256.36
232.26
198.89
94.83
285.25
291.86
156.29
150.56
195.77
161.69
284.96
337.67
87.09
100.62
168.97
190.96
133.83
320.59
274.0
313.75
161.75
316.4
325.76
325.93
61.4
197.3
265.98
286.22
123.5
234.5
193.35
254.25
274.37
192.68
69.7
239.82
348.49
292.04
125.07
262.34
180.45
148.19
180.41
254.42
265.58
79.41
274.78
313.8
260.44
172.71
306.7
195.21
241.29
113.2
64.6
243.29
113.25
74.86
114.53
274.27
136.28
240.26
260.81
123.82
237.31
138.29
259.17
128.17
193.9
141.05
348.34
251.58
92.51
335.29
258.84
220.08
155.06
183.41
249.77
121.51
188.71
252.43
215.55
319.62
142.81
326.01
259.87
159.17
102.5
145.53
125.78
324.1
207.49
255.47
79.56
334.94
316.81
205.76
335.11
212.9
308.74
242.18
147.98
274.94
148.92
152.15
284.1
225.86
225.34
185.69
138.33
254.99
346.1
107.89
99.29
163.53
249.61
278.87
196.93
64.26
167.09
320.61
188.2
83.97
101.58
235.34
180.28
65.57
302.14
206.45
287.63
300.46
108.78
316.51
164.34
113.27
169.42
342.67
325.14
335.67
60.94
127.11
270.8
290.92
210.79
155.87
159.2
215.69
60.9
260.4
225.92
207.64
117.57
110.88
90.15
324.84
311.99
228.19
138.96
279.77
102.84
295.33
296.73
142.99
202.09
237.93
118.8
157.75
233.68
219.89
187.56
126.57
215.83
167.48
120.04
147.48
128.86
169.89
339.5
331.6
251.99
276.63
174.01
284.71
306.06
291.67
116.34
298.12
295.86
266.93
304.99
304.13
227.13
255.91
160.59
93.19
215.56
211.55
290.79
115.45
306.32
289.39
271.13
113.09
152.99
181.38
60.12
117.92
252.51
226.76
334.35
109.17
210.07
65.79
228.83
90.56
85.85
187.59
157.8
190.92
68.12
81.74
80.87
97.35
185.1
187.79
153.91
90.44
309.41
242.06
242.96
150.28
318.86
148.48
248.57
326.31
348.28
119.58
311.79
266.71
81.06
110.9
208.02
207.71
287.71
185.58
268.07
348.64
335.74
217.31
282.9
159.18
286.7
244.67
184.88
200.03
190.43
249.2
264.03
201.91
309.96
334.43
256.2
115.34
111.56
349.82
212.06
251.85
207.08
251.94
192.86
313.31
140.6
348.53
239.13
85.87
192.36
175.18
330.75
146.2
195.08
269.69
85.87
114.04
250.21
89.23
143.11
180.59
123.9
155.02
129.49
285.17
130.24
288.18
131.94
78.14
317.75
270.04
121.81
148.3
126.93
273.98
63.74
339.28
168.34
143.07
287.27
153.24
225.24
178.38
241.9
89.04
171.64
321.63
342.93
93.24
250.99
179.42
163.28
65.77
92.7
127.5
193.93
253.86
220.5
184.7
241.09
184.93
165.13
342.87
304.79
89.67
253.22
348.61
239.18
125.08
254.42
114.05
297.84
212.75
138.97
160.56
267.88
93.51
322.65
94.89
179.8
281.65
286.97
88.25
140.15
161.61
325.49
193.87
321.01
308.36
71.17
262.55
315.27
166.24
200.48
128.27
211.52
162.48
268.28
128.87
208.07
195.87
176.98
132.65
266.74
124.24
321.35
236.44
344.84
326.16
102.2
286.98
111.04
332.69
258.02
114.46
109.25
276.79
239.29
98.52
205.73
299.7
103.15
63.92
98.45
113.64
243.33
157.83
90.38
174.98
230.29
148.64
229.07
324.38
176.57
333.06
309.45
66.31
254.02
158.63
133.8
273.78
271.44
259.43
71.12
231.93
232.65
340.4
286.18
164.65
244.78
318.11
296.05
185.91
328.39
342.37
282.97
110.96
276.72
176.74
130.84
93.34
89.57
177.0
222.93
256.48
311.26
102.02
151.03
69.48
252.78
66.6
73.4
233.46
116.16
250.78
163.31
135.2
280.55
274.98
77.61
270.09
334.32
197.34
214.32
158.15
281.54
281.75
318.58
269.76
344.06
341.32
178.46
269.24
65.28
171.85
178.45
301.03
139.12
122.07
194.09
125.79
110.88
197.48
139.03
95.29
134.06
276.76
91.58
87.64
178.49
107.09
172.32
325.65
102.83
268.26
82.09
285.52
331.19
285.66
315.77
275.05
139.72
126.66
321.0
69.12
216.64
157.52
324.53
107.99
166.85
88.29
332.05
157.4
167.98
77.66
89.67
330.5
247.46
237.72
288.67
242.66
133.68
324.79
131.35
298.15
141.52
133.78
228.33
99.14
168.65
206.3
318.51
171.12
72.84
297.38
238.72
257.29
86.09
111.33
218.83
118.49
297.28
67.07
297.16
194.71
230.96
117.67
172.66
226.86
106.41
173.12
255.93
321.9
134.53
280.13
97.11
114.57
295.17
310.04
217.24
108.29
113.51
334.45
221.05
150.56
230.7
140.24
274.64
110.04
138.95
268.45
74.48
348.54
156.65
262.26
84.01
224.48
215.36
136.48
160.87
306.17
127.65
260.0
190.45
207.81
166.91
287.77
61.39
111.66
163.92
120.24
218.32
260.13
230.66
202.95
260.53
317.58
259.34
253.73
328.45
337.93
120.0
155.25
63.43
162.93
270.03
342.91
63.85
93.43
212.33
91.59
74.52
188.67
268.47
157.23
119.35
160.28
97.81
163.0
203.04
81.37
219.09
207.66
179.17
240.34
330.81
154.41
98.56
274.47
132.55
270.12
140.37
93.31
349.96
213.76
275.64
173.62
323.29
299.88
300.7
291.45
228.96
199.76
249.14
139.63
216.23
257.09
86.59
279.27
197.23
335.65
335.38
304.53
183.09
268.86
124.48
143.75
227.42
274.27
186.59
288.72
244.7
151.79
141.28
288.77
146.94
121.77
271.52
78.78
121.41
306.07
217.39
217.54
308.83
295.6
287.86
163.05
117.46
218.36
220.92
73.43
181.8
215.82
201.04
344.99
121.46
105.65
315.85
331.49
309.54
320.98
204.49
317.06
204.19
172.51
112.22
281.42
231.64
165.79
68.45
254.56
263.42
82.56
225.75
171.07
250.56
162.08
271.13
98.08
137.41
250.78
295.37
282.24
190.25
147.62
181.47
189.1
93.47
120.76
122.51
138.64
205.03
130.81
315.87
325.49
346.1
108.02
270.14
315.38
78.4
298.36
230.84
147.59
229.86
215.84
279.97
118.07
120.98
84.8
229.65
270.54
203.81
218.96
147.24
190.56
310.71
309.44
300.05
95.71
342.23
84.03
341.23
260.0
320.43
268.85
287.78
324.66
327.24
135.95
349.9
228.62
324.03
150.57
167.67
132.45
317.72
255.52
75.41
152.05
90.24
175.54
310.78
181.81
72.61
154.19
267.95
198.62
275.22
275.94
294.7
291.65
255.18
229.93
84.98
115.13
308.52
302.07
214.81
293.56
142.16
66.8
170.52
306.96
73.5
90.09
164.23
161.62
212.87
209.78
70.74
217.88
94.06
264.49
333.12
348.94
188.6
247.93
214.85
111.37
197.47
333.43
210.23
292.8
228.64
201.69
80.09
333.11
98.94
270.94
146.6
150.65
209.29
194.91
84.95
107.24
328.59
183.76
171.38
207.96
126.95
86.24
320.17
99.76
243.55
262.83
62.58
273.26
345.21
305.97
175.32
64.18
323.8
301.18
332.48
345.46
126.29
139.44
172.3
84.78
339.36
276.48
73.39
257.65
99.13
287.52
251.07
221.23
157.21
263.05
143.51
66.34
325.49
92.26
286.67
167.66
192.07
133.38
99.83
73.92
64.69
228.25
319.95
125.94
82.49
213.62
204.56
272.58
117.1
309.96
79.54
211.2
246.79
128.18
75.27
86.16
315.24
60.21
138.16
343.99
169.96
95.16
76.45
331.8
315.25
84.63
230.35
240.14
263.18
100.71
111.55
332.49
243.6
162.13
307.59
212.75
92.0
280.94
304.27
73.94
93.51
125.35
101.95
264.84
86.37
87.71
348.92
217.85
172.39
158.38
192.92
135.81
329.65
331.02
339.59
324.85
330.66
189.43
140.76
162.92
280.8
99.37
61.32
265.71
209.09
274.37
243.75
105.83
249.05
342.69
230.29
119.6
112.47
114.2
264.0
296.44
105.51
344.51
252.57
169.01
147.21
276.9
211.82
163.08
94.78
236.65
201.24
267.85
345.09
190.52
341.86
71.96
227.36
299.93
119.27
209.76
297.32
203.68
229.8
78.24
312.19
62.22
208.4
197.64
84.63
126.63
270.75
320.09
108.73
338.27
111.94
238.42
248.93
255.28
280.13
221.31
67.95
213.64
301.57
227.19
105.48
119.62
203.84
95.34
97.35
226.93
336.33
130.55
195.51
153.73
273.01
215.32
233.21
214.26
295.5
112.43
306.81
94.63
235.21
203.71
172.76
213.31
135.56
176.43
70.39
349.26
86.22
300.35
162.77
273.32
159.17
334.94
102.74
162.68
343.91
108.57
219.46
69.27
316.56
134.04
179.19
174.21
127.33
262.09
218.99
128.92
322.38
180.09
198.3
194.88
79.94
83.94
295.77
292.57
275.37
294.29
135.14
332.6
73.39
218.43
221.95
188.61
267.36
153.13
157.35
83.76
348.44
245.86
214.77
82.96
142.55
222.72
271.02
225.21
339.46
135.27
302.03
267.5
77.78
161.93
349.45
102.27
101.5
228.27
281.62
67.95
135.68
193.59
257.96
153.39
212.8
179.06
211.36
256.58
261.48
116.78
169.21
140.85
162.68
162.5
71.98
300.38
180.87
321.03
250.27
326.92
328.89
69.42
190.35
127.67
156.06
107.45
68.94
166.52
279.91
326.65
216.82
93.17
186.04
265.36
190.95
122.63
275.59
291.23
277.87
222.09
243.33
254.09
327.32
105.79
224.65
203.12
125.16
347.79
290.07
141.39
290.51
131.92
141.29
317.95
321.76
296.2
348.53
91.99
215.86
194.61
234.6
236.99
242.61
149.9
74.69
159.4
267.63
169.44
212.6
346.06
270.53
327.3
170.64
221.63
122.63
181.14
128.81
217.04
229.23
111.3
311.07
117.54
185.56
107.29
114.36
201.63
236.19
81.48
97.51
158.42
83.05
260.9
321.84
265.78
232.12
334.2
172.38
65.02
84.22
324.28
341.74
77.27
326.45
107.44
166.24
278.52
175.26
285.13
256.68
330.29
187.61
209.2
283.44
341.79
164.78
331.69
259.09
321.67
138.1
267.93
183.17
180.43
106.95
143.91
291.0
240.88
130.89
294.84
335.66
182.98
338.79
121.53
75.32
72.14
247.45
259.11
242.03
302.88
257.36
278.35
220.39
129.15
99.08
337.51
133.61
133.8
324.49
323.54
199.31
349.01
111.46
188.14
104.76
191.3
348.58
159.07
190.4
345.76
118.09
259.79
222.18
304.66
203.31
211.68
177.89
262.95
250.39
298.54
189.89
125.13
180.47
316.72
256.7
295.94
247.88
295.7
213.78
88.94
210.41
348.63
86.43
321.96
166.54
86.34
215.21
337.5
216.32
184.37
65.66
346.3
123.34
343.19
136.62
186.29
73.11
205.18
68.27
277.05
227.77
89.21
231.78
285.26
188.01
117.16
305.41
123.62
220.41
154.53
148.4
113.1
244.38
312.15
63.63
152.12
297.95
256.9
98.03
175.11
319.62
241.04
298.37
209.67
130.07
87.08
268.52
73.46
151.52
140.49
111.05
220.72
347.45
314.97
124.2
84.82
295.3
259.97
246.09
214.45
272.72
209.54
209.8
172.42
295.56
103.97
315.47
248.13
235.04
327.18
247.62
121.21
296.51
332.89
156.64
137.45
254.33
331.47
145.33
160.22
80.44
274.86
297.78
127.5
316.74
201.69
136.59
231.19
226.92
156.61
250.05
290.38
267.48
168.43
296.97
252.8
142.36
310.95
67.95
247.24
214.3
256.26
212.33
338.66
158.45
140.63
140.29
203.06
252.6
83.33
324.94
136.51
63.7
328.43
129.18
252.1
70.25
238.85
138.14
117.87
78.29
318.92
329.33
299.85
145.27
60.03
129.9
230.42
155.69
98.57
117.98
293.51
150.96
99.01
233.02
225.56
176.29
207.24
134.92
261.74
124.27
229.23
199.08
100.19
175.62
209.69
69.39
292.26
269.93
134.25
131.46
151.41
292.24
321.23
110.28
61.84
275.43
186.88
249.77
313.42
329.49
177.73
131.37
291.94
169.47
88.44
270.47
275.15
118.78
67.4
94.71
151.09
164.65
317.16
208.69
315.7
114.39
285.14
86.57
297.64
168.28
254.31
333.33
292.57
120.66
266.35
163.15
250.31
85.26
62.41
330.23
333.95
102.77
332.52
224.76
225.22
272.82
281.04
128.97
293.74
297.02
113.82
243.16
275.7
229.99
148.8
141.98
342.37
302.93
136.11
295.51
147.92
334.61
293.8
295.34
73.8
79.07
295.86
190.74
331.49
260.11
157.28
136.72
330.57
106.87
220.85
155.8
321.46
347.25
220.45
78.02
341.49
185.49
188.37
179.01
148.65
88.77
300.61
133.98
194.71
123.34
64.38
211.76
114.44
159.41
125.6
232.25
302.44
78.68
97.31
209.9
130.22
307.78
251.07
283.56
300.95
66.22
324.68
324.81
64.08
70.18
107.36
341.48
220.16
187.73
320.67
276.11
74.19
330.25
311.22
181.16
81.52
282.93
80.97
164.56
72.73
224.43
168.28
307.64
225.43
252.71
109.4
296.56
326.47
276.6
81.18
294.59
271.51
115.14
114.83
314.82
97.38
66.15
135.47
192.45
206.32
249.88
317.7
303.14
308.2
82.61
68.51
195.44
136.44
296.08
313.06
195.37
247.75
127.39
227.7
257.97
166.38
240.89
70.19
288.14
220.94
74.5
192.23
234.74
82.67
345.78
275.4
135.09
291.79
281.42
126.74
288.88
83.74
256.55
240.23
336.79
245.13
161.2
213.28
344.94
100.49
254.22
275.52
291.09
312.45
251.69
208.0
190.1
146.16
326.0
123.99
306.37
208.1
95.12
264.58
231.62
87.87
64.35
95.33
251.48
197.12
84.85
244.68
183.12
248.0
286.41
66.93
76.1
277.14
75.2
222.31
292.02
77.34
257.92
92.38
264.7
289.9
91.52
315.67
275.5
158.45
67.99
100.55
173.44
211.26
279.28
254.45
333.92
237.0
195.78
211.82
114.43
263.58
178.69
303.52
133.75
222.05
134.11
252.09
298.46
179.94
157.16
321.41
195.0
121.24
114.64
116.61
149.07
97.4
260.94
197.89
259.91
151.57
181.17
217.87
188.81
83.82
123.97
212.69
327.83
143.93
201.67
122.26
179.1
91.66
153.81
98.44
100.47
90.29
272.43
189.04
105.79
333.53
216.48
216.61
214.01
171.84
101.47
177.61
196.96
289.6
272.0
265.88
149.15
317.82
244.52
69.73
242.9
258.15
310.09
311.7
157.71
70.5
179.58
241.81
184.07
159.64
188.71
233.84
281.15
64.09
241.0
96.52
306.51
220.89
175.37
293.36
272.21
325.62
270.19
109.99
312.69
87.39
292.78
332.66
335.67
256.49
322.63
339.66
284.65
165.27
147.73
132.01
194.92
253.74
72.59
260.67
154.71
161.4
125.89
98.58
257.91
101.91
241.28
313.46
304.42
164.82
273.2
231.85
117.46
137.27
202.31
328.42
242.39
208.63
247.35
103.91
96.08
341.5
302.79
219.29
195.4
159.07
214.89
337.64
79.04
230.04
335.63
283.61
288.13
246.58
329.51
330.4
210.07
276.39
346.54
190.12
163.79
91.89
253.53
100.7
220.35
77.5
348.5
252.06
75.99
267.94
236.62
261.85
295.54
264.65
109.28
137.48
114.17
265.72
176.52
78.34
201.15
190.11
223.15
324.93
294.46
280.1
119.8
323.08
166.48
188.08
69.68
248.91
333.49
135.08
123.94
116.21
149.07
275.87
304.34
272.33
149.58
249.63
235.11
202.07
210.48
212.33
112.76
329.07
254.06
319.96
148.78
179.43
159.12
306.58
230.8
127.42
207.45
220.41
308.15
136.77
138.01
101.49
100.69
89.6
67.13
124.56
134.78
225.27
136.29
328.42
73.14
183.48
110.24
72.89
170.71
255.12
322.51
69.51
293.83
103.86
169.53
247.85
141.24
323.89
215.69
241.21
112.82
188.96
60.46
206.14
203.71
172.96
232.3
277.31
75.96
139.58
103.73
136.27
106.38
292.64
77.08
96.18
234.65
348.12
326.85
238.33
175.66
172.2
311.12
69.9
143.97
100.89
119.19
83.01
134.89
129.98
135.4
125.09
125.22
297.01
271.75
258.72
129.11
233.61
277.17
121.02
181.11
226.1
132.78
271.56
228.23
148.55
165.14
166.01
196.25
217.81
198.81
104.01
252.94
90.15
108.57
249.91
189.95
225.4
140.37
79.78
332.49
210.7
193.22
330.9
345.28
76.04
152.7
244.86
319.14
229.55
345.35
257.73
63.08
202.39
337.09
112.1
331.34
137.79
324.77
236.9
166.66
324.09
85.47
274.11
232.1
169.82
215.46
281.19
93.96
136.74
170.49
272.4
321.54
330.53
170.26
192.74
323.12
76.21
272.77
232.82
112.83
292.15
81.76
96.49
219.11
149.25
91.17
262.9
106.0
344.32
331.91
177.53
276.7
293.99
222.11
295.0
290.67
346.39
143.77
314.36
254.07
110.24
106.23
288.37
178.33
314.28
209.1
149.16
307.61
325.01
198.03
201.99
325.46
158.8
244.27
72.5
349.74
99.28
111.57
104.49
73.63
285.0
190.69
194.96
342.09
123.56
76.38
236.31
187.65
118.36
197.74
114.38
337.3
319.5
211.59
190.3
141.68
269.86
99.97
273.93
192.26
223.87
259.45
271.73
257.25
149.36
103.23
146.46
110.61
309.23
78.87
225.86
327.55
342.5
316.79
205.08
237.98
102.82
121.48
124.12
215.01
220.76
122.72
115.2
278.86
131.53
229.32
120.11
207.72
239.98
343.15
94.04
264.6
272.95
124.46
177.68
265.67
266.39
205.29
262.27
217.34
93.71
285.43
135.95
342.36
293.51
279.7
290.17
172.37
80.1
175.41
154.28
123.12
158.08
252.17
78.41
150.51
145.05
120.89
320.36
308.1
249.84
294.43
265.45
80.0
296.5
193.0
207.04
343.82
336.27
143.52
168.0
67.3
182.67
144.29
73.22
153.75
231.14
173.88
127.28
81.68
293.45
124.01
308.23
167.44
329.64
347.7
221.13
214.26
164.5
320.28
144.25
231.43
240.8
334.15
183.33
136.73
166.38
263.17
127.06
203.42
73.33
236.77
204.04
195.15
124.96
265.19
322.05
149.47
346.32
91.61
141.06
142.52
257.73
85.95
230.9
329.74
328.04
347.37
302.5
136.42
107.89
77.37
155.63
334.04
223.46
159.62
61.73
226.85
339.93
348.65
218.86
299.96
94.6
347.45
215.78
172.0
167.64
295.15
330.7
341.92
233.36
216.2
146.77
260.87
102.45
347.43
316.56
239.18
184.86
307.42
237.01
321.41
165.3
307.36
61.2
113.54
288.18
285.21
190.19
110.45
74.85
155.69
244.95
173.82
309.8
92.05
124.6
272.84
253.34
190.8
329.31
73.29
87.67
67.63
237.62
93.43
305.34
221.27
109.86
252.8
265.49
331.88
104.62
138.51
82.92
268.37
343.91
117.37
320.16
287.7
104.44
252.69
95.3
171.03
282.03
331.65
268.78
125.8
287.16
227.57
186.72
123.14
273.68
185.23
142.15
101.93
242.78
234.09
343.31
267.58
212.34
160.54
267.09
152.39
138.34
293.44
142.4
101.86
113.04
218.64
292.14
127.11
234.08
69.27
190.93
94.97
344.72
182.95
112.36
280.0
118.36
64.28
170.68
238.77
144.58
183.43
145.15
316.58
131.17
96.66
168.06
154.47
231.18
274.32
304.45
247.1
347.25
233.02
64.66
105.39
162.69
154.77
148.3
251.08
142.59
158.18
324.22
333.49
60.78
197.1
174.57
202.54
337.9
268.23
337.5
161.6
103.53
250.29
223.01
307.06
313.58
175.72
305.81
152.87
119.44
193.99
302.39
196.71
194.87
76.37
91.66
192.28
200.49
88.12
85.36
236.09
216.89
272.24
266.26
142.33
252.73
225.81
62.71
182.55
261.56
324.04
96.76
122.29
280.27
86.58
67.45
154.68
151.28
199.84
132.42
62.5
325.12
343.45
347.94
341.17
297.07
228.57
212.1
78.11
315.45
126.54
275.12
262.26
277.94
96.34
188.34
265.33
63.96
180.19
152.94
293.98
210.79
224.88
83.88
109.01
277.3
203.5
106.94
61.34
163.59
155.61
170.83
66.3
326.38
177.72
274.13
117.68
65.93
272.23
321.48
224.54
108.98
262.18
333.53
340.23
210.9
306.15
279.38
166.47
178.14
179.48
73.49
248.99
222.6
279.84
156.53
74.48
219.62
298.23
302.75
291.93
222.05
272.41
94.99
116.15
341.88
179.92
176.6
82.41
190.01
251.07
274.72
168.05
337.04
193.78
201.15
251.14
95.5
253.7
165.49
68.17
285.98
332.4
226.65
165.28
261.97
322.46
151.34
222.69
129.78
246.28
289.24
121.96
220.86
111.81
197.4
255.89
69.49
275.43
163.37
222.95
194.72
285.95
275.39
60.73
102.45
129.35
208.93
147.39
94.35
84.21
172.22
174.03
255.5
100.97
172.35
151.44
199.19
297.05
157.54
348.14
334.45
124.45
209.36
324.67
267.13
313.31
291.87
239.9
250.76
134.81
113.96
225.69
84.82
133.43
236.4
87.37
242.39
214.62
99.89
204.73
266.85
224.89
316.68
335.13
165.49
135.4
177.64
193.59
113.99
275.24
325.18
197.98
75.82
345.46
159.93
123.63
169.68
193.27
146.76
186.81
329.3
242.29
153.51
62.13
237.28
176.12
195.37
312.98
189.81
100.47
216.98
264.55
147.08
132.23
168.29
174.52
113.3
244.17
283.92
239.49
205.95
226.21
208.92
194.51
68.16
216.85
81.7
218.51
203.95
307.82
179.29
336.37
192.92
334.99
105.57
313.6
285.93
130.3
348.9
135.76
204.08
270.12
61.14
161.02
225.37
232.43
281.4
217.34
347.08
249.02
248.1
188.34
194.11
202.81
338.38
228.41
75.74
251.37
109.25
181.3
86.78
105.16
279.16
166.32
73.88
269.87
61.85
293.9
221.81
307.89
141.1
109.33
79.49
262.93
323.85
263.12
237.37
61.7
165.04
333.39
218.34
136.43
95.22
173.8
100.99
337.85
303.7
197.64
347.21
103.78
107.1
106.35
100.4
202.93
284.23
246.25
181.95
68.44
159.6
139.31
127.25
173.83
259.66
275.77
114.77
238.51
153.64
128.58
349.24
78.25
307.35
175.63
333.13
117.14
348.81
278.41
223.23
280.07
273.25
158.92
330.53
331.9
139.13
134.56
309.05
148.66
326.08
251.7
339.85
296.85
303.98
82.66
204.63
177.82
286.77
153.54
256.33
260.75
148.86
224.71
263.94
245.02
155.35
139.35
149.39
75.6
245.26
269.4
73.29
342.18
288.29
266.53
302.24
317.27
145.01
199.95
245.69
316.08
268.65
247.9
216.68
152.32
267.31
191.18
90.54
293.75
255.63
203.25
316.64
270.7
229.85
281.26
310.31
231.06
314.09
254.46
223.54
189.96
102.58
64.76
123.52
115.92
125.44
162.57
193.99
301.12
167.2
127.67
346.73
349.39
281.36
166.31
177.32
112.26
136.27
255.68
229.64
193.52
239.8
200.29
337.28
308.17
280.43
89.27
197.22
237.78
85.63
324.29
122.55
61.49
180.07
96.07
270.97
305.03
186.06
342.19
209.18
212.75
286.6
110.14
116.41
300.19
74.09
136.39
234.06
240.85
251.4
327.76
98.12
174.23
123.82
296.93
118.23
261.61
349.05
175.85
195.79
181.33
217.69
189.73
271.7
62.79
196.33
226.77
68.91
91.39
169.15
159.07
326.94
63.48
296.91
75.68
303.44
186.58
246.1
111.87
291.51
201.19
73.63
291.64
274.81
282.14
197.12
65.15
313.82
244.01
317.83
122.63
261.69
334.53
348.93
153.39
250.33
179.49
340.67
166.23
159.53
66.75
162.61
149.14
97.37
69.97
64.54
169.83
169.15
144.71
194.6
327.73
146.11
285.7
71.8
329.9
152.61
162.34
189.04
140.7
320.67
73.94
80.33
172.25
107.73
278.35
128.17
142.42
134.8
320.82
298.7
216.48
60.62
155.22
198.35
211.0
131.56
243.69
115.4
197.63
171.41
161.93
169.01
189.51
131.21
131.83
119.66
252.96
134.11
67.47
186.5
203.49
337.62
243.01
90.68
190.65
277.21
300.03
241.15
319.94
214.63
170.4
200.98
73.69
62.83
235.02
126.33
179.87
259.25
170.44
252.6
183.52
68.6
304.53
287.82
237.23
203.57
88.17
255.15
60.0
161.87
212.88
269.62
166.01
235.38
78.51
266.49
117.64
61.49
247.61
78.0
190.87
308.85
165.83
250.03
318.25
272.56
211.67
172.14
321.35
133.07
224.06
303.71
125.72
190.8
290.79
200.21
208.34
196.15
193.34
335.69
289.61
249.56
232.79
69.9
284.9
205.38
349.12
210.48
256.86
300.94
113.86
220.03
343.74
133.04
341.21
306.76
292.06
102.88
99.08
302.14
243.09
217.19
333.67
103.08
334.18
219.74
101.91
186.64
280.51
86.7
327.07
127.58
60.72
261.39
188.04
141.98
218.74
132.19
61.87
192.13
196.58
124.05
177.19
279.06
331.24
272.77
172.74
172.2
88.01
94.44
325.21
332.23
227.07
123.74
242.91
231.66
311.12
191.56
113.21
174.63
153.7
102.38
75.99
139.34
165.48
329.57
145.39
291.24
273.64
187.99
213.71
197.64
218.27
207.19
190.99
293.87
246.08
171.43
224.2
138.4
60.69
308.43
278.22
68.6
88.54
291.71
270.81
140.72
100.31
103.1
293.53
329.96
233.41
145.98
343.73
151.17
261.81
327.1
271.9
325.83
131.46
159.59
256.35
201.84
113.14
278.24
159.33
320.72
273.03
157.2
201.12
332.49
229.71
279.01
337.67
285.13
72.03
134.35
140.93
213.06
164.8
238.43
327.2
274.43
61.48
334.76
113.45
162.4
79.39
110.57
333.38
232.2
127.79
114.31
308.34
96.35
160.96
174.3
81.61
179.63
287.55
286.51
115.43
279.9
139.69
269.84
264.48
303.55
346.5
87.95
134.09
239.88
217.94
301.8
89.43
201.56
161.3
81.2
276.26
196.26
79.76
62.31
66.86
174.2
322.8
133.37
98.62
228.43
197.23
265.43
167.67
129.06
277.3
203.16
300.71
70.38
90.48
171.7
155.3
73.87
138.61
199.38
265.3
130.8
293.94
306.99
134.96
176.98
340.0
236.25
183.12
253.12
174.51
347.57
69.0
99.9
284.2
295.92
215.08
145.45
265.71
112.3
129.21
289.22
261.65
217.37
109.83
304.29
80.81
250.78
277.2
144.17
283.94
67.68
330.88
170.32
303.21
152.45
265.0
224.72
190.1
347.58
291.32
97.54
343.05
196.07
244.71
94.29
346.35
198.14
193.53
146.85
172.15
281.82
87.03
140.73
159.43
132.82
121.97
349.67
296.69
123.24
319.81
174.31
83.1
232.59
213.95
192.79
112.74
280.63
210.44
298.14
115.68
342.98
255.33
201.88
279.16
233.2
182.83
285.42
157.59
67.42
289.65
146.83
236.76
319.02
135.27
319.22
112.2
132.33
222.35
214.72
315.79
128.83
338.35
228.82
242.42
63.95
348.92
160.71
200.51
72.66
197.3
86.17
340.21
303.96
267.48
216.28
289.46
110.31
94.03
65.4
205.19
259.34
153.76
66.87
79.4
105.27
190.17
184.84
99.57
295.74
247.66
194.57
271.02
340.73
76.91
348.42
345.2
99.32
321.0
271.85
120.25
293.73
100.09
102.79
105.53
263.74
65.46
207.95
185.01
110.58
83.59
162.82
156.02
342.29
116.84
203.04
202.21
202.09
335.05
166.27
85.46
83.54
306.75
225.81
120.04
307.81
284.25
168.81
209.73
244.73
127.04
247.6
235.47
169.57
235.23
145.05
224.41
227.87
345.27
92.51
81.71
143.71
148.46
340.17
349.65
268.85
100.87
225.29
313.78
194.4
218.4
230.83
252.59
242.35
207.02
162.07
169.2
155.24
285.81
195.95
90.48
142.45
114.65
84.59
150.56
71.25
162.29
62.91
239.28
161.5
60.82
296.12
86.59
179.73
64.21
307.94
135.81
267.68
113.08
337.02
297.12
76.65
88.34
99.57
208.77
333.14
232.0
134.19
196.71
123.62
334.46
321.69
336.88
342.34
91.29
337.17
239.27
140.85
203.92
84.95
138.42
250.92
141.12
156.86
260.08
152.75
68.72
229.57
320.54
298.16
166.21
112.12
99.3
156.77
99.34
248.03
342.89
78.78
166.01
346.65
66.07
75.16
166.0
160.52
286.15
174.89
169.74
239.21
266.39
349.56
174.76
192.17
82.96
171.4
94.16
236.08
249.68
309.59
89.52
177.1
204.79
247.68
342.67
71.87
287.6
92.12
188.65
158.59
289.55
273.3
309.43
310.11
164.39
214.46
89.04
180.24
245.65
335.6
153.57
313.06
291.0
209.89
89.48
316.17
90.02
349.11
238.79
257.67
189.11
143.98
202.08
298.73
232.6
80.49
236.59
78.12
77.4
240.7
80.54
260.23
273.65
90.98
214.5
337.17
147.97
139.95
188.68
297.81
251.11
189.15
249.54
259.49
62.0
210.02
89.56
126.31
306.93
257.71
197.85
184.78
144.57
182.84
105.57
222.17
192.29
305.74
137.04
347.64
327.65
220.85
252.01
338.13
150.1
70.46
138.04
83.61
287.13
142.11
98.51
343.51
66.84
345.78
251.28
216.42
246.07
333.16
87.68
251.49
191.75
304.54
188.02
179.33
330.06
291.42
124.23
195.81
265.89
128.94
270.14
293.23
289.3
85.38
161.23
347.02
276.46
291.58
260.07
313.32
269.25
227.84
243.72
200.97
99.25
125.07
96.45
286.52
191.28
171.66
133.75
99.23
183.09
151.22
117.63
130.35
312.77
157.15
313.23
316.85
236.15
316.72
327.62
124.89
305.22
340.34
210.7
314.93
238.16
301.01
124.49
119.75
298.43
273.75
316.7
67.84
240.44
187.56
158.27
308.18
153.01
170.04
129.97
342.14
243.33
270.57
344.73
219.67
196.98
197.23
269.21
323.36
284.93
212.31
136.36
303.24
300.74
124.26
259.11
220.9
123.41
144.53
271.3
335.55
248.1
342.4
218.21
307.85
342.52
68.46
72.31
132.92
141.95
221.31
205.03
302.2
220.33
140.03
123.65
144.54
100.85
235.99
130.08
311.14
339.87
173.03
329.69
312.18
209.89
112.65
228.84
284.37
96.09
331.39
279.82
301.46
224.71
130.68
68.77
195.47
83.26
113.33
196.99
210.5
206.93
212.1
145.49
239.96
164.41
198.68
148.96
95.82
99.05
289.24
239.12
65.92
298.96
60.43
99.62
84.39
167.94
106.52
145.29
114.3
292.29
97.34
87.55
134.88
158.32
165.53
68.46
174.75
136.68
220.91
122.19
280.34
270.35
84.57
137.98
173.72
115.1
183.39
284.06
63.54
79.42
299.06
233.69
137.59
346.53
220.57
268.47
319.23
169.67
82.21
346.35
143.63
253.33
93.32
161.63
139.96
339.37
89.55
65.32
233.11
192.49
200.42
183.48
67.48
132.5
311.12
270.68
280.57
327.31
164.27
145.2
302.86
325.0
314.39
254.59
80.76
125.68
329.55
260.73
193.88
253.61
320.5
266.67
184.8
339.45
265.55
291.66
105.28
245.04
300.26
241.95
83.69
80.8
160.44
227.99
293.2
276.92
68.14
142.99
303.87
180.04
66.91
283.98
224.84
99.83
201.37
74.95
322.44
128.41
302.16
279.51
196.2
107.38
318.71
121.33
112.84
123.66
144.58
172.94
347.31
252.32
83.91
82.51
77.59
194.68
175.05
311.33
171.99
185.81
244.24
289.81
294.98
271.97
202.35
332.19
181.49
187.97
307.69
158.62
173.65
123.24
65.12
272.77
67.97
212.49
342.71
234.27
68.76
260.63
281.71
154.85
74.1
147.81
69.81
155.44
289.18
324.21
180.27
325.49
309.03
192.59
319.55
208.68
257.53
62.0
245.23
250.32
151.87
300.03
131.25
227.81
206.65
194.77
66.13
340.65
275.64
67.32
166.83
156.51
159.09
216.53
64.5
114.7
106.98
134.42
306.65
72.32
143.75
324.49
300.06
235.48
133.23
250.47
294.03
156.99
75.68
346.66
165.56
305.03
117.14
308.09
329.64
236.13
297.91
315.35
302.17
331.78
135.0
94.63
313.96
345.04
106.81
264.44
218.19
128.38
266.78
250.06
180.83
64.84
300.6
124.72
260.87
349.45
330.01
200.52
84.47
319.02
63.58
151.3
271.52
288.67
227.0
153.76
93.51
203.56
237.28
343.71
342.83
297.0
93.82
327.72
187.47
84.52
263.23
267.73
90.54
78.26
338.08
254.24
135.93
208.96
246.64
197.72
120.17
79.75
297.57
235.58
71.35
302.56
202.94
190.17
69.3
326.22
101.16
244.81
98.0
267.91
244.58
81.08
112.32
281.5
319.05
166.85
191.19
140.3
341.13
152.75
83.49
129.05
199.43
160.2
199.19
250.93
150.73
194.38
297.96
322.35
276.73
100.33
250.67
325.85
278.97
86.31
240.2
136.82
342.42
187.12
102.93
166.24
138.43
299.46
245.7
139.31
290.61
104.31
120.01
89.13
231.27
73.08
263.85
119.32
250.12
238.89
97.59
73.12
71.73
101.95
216.3
220.28
150.44
76.96
267.08
107.81
266.85
108.9
93.15
302.32
242.63
79.95
84.75
119.58
229.53
319.13
345.25
136.94
259.65
307.77
118.49
196.6
330.97
187.04
235.69
189.7
222.53
331.43
80.21
125.13
202.76
128.91
221.27
104.08
278.64
230.19
176.0
276.46
302.69
342.41
322.27
338.64
268.37
100.79
64.34
190.75
263.12
154.93
264.39
130.33
205.37
197.46
264.46
251.86
186.49
118.6
277.96
250.91
80.68
196.4
231.0
324.78
287.24
77.58
310.61
157.19
319.94
170.87
312.4
131.25
197.94
230.47
203.55
184.93
101.98
317.17
207.93
301.52
208.0
204.26
83.51
72.52
192.43
80.09
207.7
135.16
247.15
171.3
153.02
341.42
225.56
94.9
301.07
308.82
329.71
61.92
279.64
282.39
112.19
201.99
183.75
92.37
345.06
274.42
94.02
222.27
211.63
202.35
204.92
69.71
249.63
305.65
290.93
123.71
166.57
286.78
248.84
285.05
298.48
328.09
95.23
120.27
341.31
320.65
217.04
234.95
110.38
141.54
169.06
156.59
281.6
336.2
273.96
311.12
259.2
85.42
218.26
174.38
233.34
263.63
339.05
94.22
322.21
258.28
210.6
177.99
267.76
158.37
266.71
274.16
112.79
148.0
127.99
294.81
96.59
78.96
143.19
164.42
185.06
258.03
155.69
313.11
294.39
174.26
313.34
282.62
280.77
281.16
129.28
94.03
245.56
228.1
252.38
198.14
91.83
295.22
341.14
273.45
175.42
276.49
113.17
346.35
263.9
256.08
177.66
287.53
292.12
237.44
343.24
214.54
167.91
110.3
213.26
105.66
222.72
207.72
273.17
337.93
205.78
159.01
75.99
97.71
152.96
200.14
77.83
301.02
106.68
159.26
141.93
331.05
221.57
104.29
108.08
349.62
200.72
227.03
272.19
252.28
84.63
128.15
213.43
214.3
174.69
269.04
152.45
173.38
341.49
71.67
162.64
177.65
121.9
242.82
143.75
152.51
62.77
150.81
329.64
308.55
236.3
200.89
161.55
208.89
62.22
292.74
122.56
184.26
319.66
62.37
167.94
124.68
346.06
248.16
302.58
278.2
83.99
314.86
132.69
264.0
276.79
338.77
146.69
298.93
226.84
327.43
182.12
261.42
114.35
321.52
343.7
145.0
321.93
75.16
296.48
196.31
341.19
135.48
75.41
214.53
270.7
198.39
190.38
122.85
204.97
323.18
183.02
274.74
284.89
227.56
156.8
240.38
208.52
301.28
136.96
115.87
126.13
140.63
236.74
223.92
97.2
341.84
69.63
263.58
84.37
88.72
286.19
208.84
155.48
260.33
305.88
186.27
150.5
269.91
245.46
134.41
204.72
75.73
107.59
128.2
131.15
76.13
339.41
196.35
349.19
154.29
192.1
235.32
105.55
333.71
127.11
113.97
101.58
251.65
158.59
213.98
190.77
102.6
279.88
132.69
86.45
169.75
332.88
162.81
251.35
285.87
272.36
228.01
97.78
337.55
287.72
341.76
210.85
126.6
324.84
128.6
84.27
68.23
65.8
129.44
121.9
324.7
163.99
73.43
289.66
268.57
114.88
189.1
162.42
285.07
230.73
113.83
288.55
228.31
301.07
315.18
304.17
106.2
321.04
98.55
111.35
303.06
294.57
176.73
110.68
122.44
342.47
80.15
166.63
243.81
284.47
257.48
164.17
127.94
281.37
183.1
93.54
342.96
285.64
243.09
156.16
298.5
129.19
73.29
171.19
261.48
333.84
135.64
82.22
129.24
275.7
210.06
263.84
344.7
207.0
85.8
313.16
93.46
176.79
345.58
163.92
206.37
343.2
212.71
333.55
154.16
89.3
159.68
317.97
158.15
290.06
151.66
348.18
125.28
66.54
292.15
200.03
288.73
225.33
186.07
213.28
256.59
185.86
270.76
100.66
257.7
243.71
311.04
148.61
138.29
257.7
116.44
331.76
266.9
267.69
325.86
221.65
335.43
140.24
164.21
288.11
234.07
223.15
203.93
239.17
201.31
306.21
201.47
101.44
133.56
322.72
258.9
111.49
200.7
242.81
213.59
346.78
209.03
329.29
304.55
233.4
172.48
349.24
87.15
304.48
241.69
228.48
348.39
151.44
68.63
277.24
87.01
147.35
349.45
165.17
197.77
149.03
338.76
138.72
245.71
80.97
76.23
67.67
315.94
80.76
158.7
201.19
174.67
143.6
286.94
327.68
272.68
76.17
242.99
200.82
344.89
242.45
104.75
94.55
100.99
142.36
286.21
248.64
217.6
250.12
290.95
99.58
272.69
284.88
339.82
327.76
323.01
280.02
102.92
269.87
206.59
154.0
141.64
241.06
171.52
195.21
134.0
173.6
197.52
184.56
121.49
104.77
340.91
102.33
101.99
329.43
172.16
72.88
183.23
266.12
236.31
232.73
349.38
184.08
117.5
177.01
277.1
222.06
202.24
178.1
342.14
252.4
273.66
210.48
217.69
145.09
123.94
273.26
77.01
341.99
314.06
291.47
252.97
248.94
275.84
325.4
210.26
108.9
85.04
212.98
248.86
313.56
322.46
265.43
323.33
324.96
145.51
169.14
301.26
346.41
98.16
305.4
133.24
233.27
202.19
255.15
318.89
178.74
270.03
217.25
215.56
317.9
289.79
169.79
197.26
99.97
67.25
181.29
212.59
216.59
347.33
156.17
223.92
211.17
226.5
301.17
105.01
169.56
219.67
78.27
161.6
170.63
102.67
335.45
155.27
244.74
324.27
198.03
86.58
195.26
133.56
264.67
170.87
306.04
257.42
323.97
172.42
288.2
296.71
76.88
114.59
274.11
232.5
105.08
275.94
294.1
210.47
342.02
154.48
281.04
341.61
83.3
256.08
113.44
112.04
146.85
291.01
260.12
288.67
62.3
134.09
211.52
219.63
235.83
192.57
188.44
328.39
256.32
229.73
79.23
281.48
288.37
349.24
122.19
240.47
187.95
235.05
258.95
270.08
153.11
269.63
123.12
60.77
327.51
313.27
252.49
289.65
178.56
92.56
254.56
267.16
310.75
144.68
297.14
295.41
96.8
115.08
129.99
205.7
108.61
120.77
123.38
104.27
78.89
130.76
173.98
244.15
77.72
134.85
173.8
171.54
314.54
97.79
98.64
89.22
186.05
67.81
73.42
347.24
150.19
220.8
87.51
190.35
189.22
284.34
313.78
161.96
99.62
127.78
168.68
99.0
100.93
98.17
117.06
148.94
253.26
197.31
222.54
218.57
340.5
212.32
228.76
282.42
246.2
93.69
80.39
75.66
166.76
129.09
309.94
319.16
189.39
209.2
115.3
81.56
137.5
132.43
229.49
150.21
104.44
328.51
74.75
248.63
155.08
250.88
190.03
343.23
109.25
105.38
144.8
129.91
271.59
207.95
188.43
180.93
230.47
348.03
244.08
300.67
241.52
299.56
215.13
86.35
180.18
337.97
284.69
258.02
106.08
84.45
137.22
274.51
250.18
78.94
78.25
148.28
341.39
103.07
179.58
241.92
227.6
166.13
121.2
330.01
72.38
93.4
91.2
197.91
261.45
201.22
256.44
301.37
68.87
335.39
290.71
116.44
231.75
199.34
157.56
326.69
247.11
186.44
285.2
181.08
343.69
232.26
88.75
227.9
250.84
104.66
276.68
256.67
79.61
173.65
334.5
98.76
205.1
285.67
90.69
296.53
220.14
172.57
91.36
180.95
241.22
278.28
195.91
204.18
273.94
173.46
92.01
316.29
323.89
171.82
346.05
174.58
275.97
206.2
341.47
327.19
276.91
338.17
98.51
297.84
156.38
290.59
291.6
261.99
178.07
88.11
279.06
143.56
116.18
70.78
304.34
192.28
204.36
229.54
264.18
195.57
303.38
256.17
283.7
115.64
309.48
300.66
280.43
73.91
309.37
182.94
329.11
108.57
83.81
116.25
65.28
241.86
72.34
311.94
242.14
92.01
83.34
145.45
153.83
99.86
109.5
254.97
200.39
230.2
268.73
294.24
127.65
280.61
88.86
75.62
207.48
270.14
340.02
183.57
180.73
233.8
331.28
258.97
293.61
210.38
257.86
94.59
192.94
313.24
107.22
289.3
327.42
326.19
340.46
111.24
329.75
264.54
349.75
331.25
255.83
324.3
137.25
291.03
212.41
292.22
320.75
266.69
220.47
69.66
214.13
114.54
311.87
247.64
131.57
174.3
152.98
327.84
332.81
303.38
156.35
279.78
230.09
152.37
329.53
190.82
132.84
125.17
247.69
248.4
333.48
93.2
114.94
123.0
172.68
209.5
193.39
327.04
257.53
292.96
306.42
210.4
239.91
151.98
281.1
250.96
214.42
129.46
315.78
140.51
204.76
265.26
112.12
327.18
93.94
277.81
306.49
245.93
84.97
77.04
274.69
260.65
340.04
306.61
81.02
170.63
235.24
90.28
129.28
101.71
234.72
265.39
112.96
309.36
143.57
310.56
251.23
261.48
163.87
309.73
241.47
195.81
116.49
78.28
338.95
341.36
218.35
180.77
296.9
178.1
185.85
319.96
154.06
136.23
333.55
84.04
96.74
199.38
341.39
323.2
291.18
256.69
225.5
229.41
239.72
121.32
66.63
130.27
292.13
69.78
281.63
224.45
236.59
99.26
226.38
76.61
290.69
284.97
267.49
67.03
104.97
120.8
208.45
296.25
110.09
208.69
304.42
168.33
192.59
205.88
260.35
154.2
184.88
276.8
182.48
252.56
139.77
324.59
292.97
325.55
95.86
211.28
87.94
67.33
305.85
141.58
249.92
244.55
314.57
185.66
345.02
173.05
331.82
348.26
70.29
199.92
124.14
199.95
262.63
70.79
292.42
104.29
195.43
198.73
214.42
72.1
180.4
104.42
153.28
80.61
207.22
186.01
197.07
230.25
103.48
349.59
290.21
166.77
267.03
165.92
329.59
334.88
349.29
132.17
97.75
142.87
132.9
202.88
70.61
216.21
102.58
118.06
69.78
271.21
99.46
230.39
316.03
141.83
72.42
197.59
172.88
193.85
73.09
168.3
75.93
327.84
201.16
335.27
92.36
167.44
197.46
347.09
97.58
274.26
335.29
213.5
333.79
127.42
143.46
71.16
236.58
226.17
249.9
313.85
227.87
109.24
68.58
76.75
242.18
263.97
146.82
286.35
155.15
249.93
323.04
116.84
302.69
62.63
287.01
132.4
62.54
63.41
190.4
92.15
205.42
296.1
241.57
285.96
213.04
250.98
240.48
109.15
174.17
261.62
263.88
117.3
222.58
87.45
279.94
270.03
283.52
96.46
151.88
150.66
108.84
72.0
257.92
232.39
171.56
165.23
145.51
93.34
147.34
226.65
64.84
104.74
195.53
115.59
113.01
161.82
168.89
133.9
98.51
210.79
224.19
158.16
310.84
308.5
343.62
214.75
253.57
343.38
313.29
289.3
305.06
237.99
316.05
313.71
232.29
160.72
203.69
60.95
340.83
156.39
211.62
302.48
109.63
322.59
109.2
91.94
266.66
176.97
163.83
191.45
183.61
79.26
71.81
181.23
87.1
127.34
307.57
135.07
327.48
188.07
229.64
125.74
65.48
189.96
243.93
115.95
325.93
114.63
277.54
228.42
77.05
191.65
98.43
163.47
208.91
159.19
134.88
191.11
238.87
312.73
227.5
132.92
