53.89
76.9
44.78
31.89
46.27
68.91
87.21
53.74
77.85
42.03
81.11
75.93
56.89
83.69
32.27
77.15
32.11
81.9
40.61
32.3
48.53
40.72
69.11
58.34
37.78
84.97
52.07
46.97
71.88
53.61
38.73
64.94
31.82
67.63
82.05
45.72
81.14
44.7
42.15
72.92
33.93
32.44
57.36
32.05
59.8
68.97
43.69
83.93
42.02
44.25
84.78
71.25
61.72
49.81
76.14
65.3
50.52
79.56
77.68
86.45
89.69
30.69
49.21
41.56
42.82
81.89
88.5
86.4
71.79
63.3
68.28
81.34
30.42
55.7
60.39
85.41
40.32
74.66
85.44
75.84
30.62
69.57
42.57
66.31
64.27
87.42
41.42
33.03
66.68
50.64
75.01
89.59
54.08
39.11
63.25
50.77
77.68
62.06
84.49
80.29
84.85
47.94
84.17
81.99
67.62
84.63
33.25
77.14
38.73
50.45
73.78
42.58
43.87
42.72
57.37
34.86
83.19
73.78
60.81
35.05
37.46
35.91
30.88
70.03
60.61
52.92
50.85
57.68
58.5
38.34
61.89
32.88
86.32
72.85
30.57
47.33
88.96
32.91
38.8
58.63
51.21
89.11
62.38
86.47
52.61
46.33
47.31
68.2
66.24
63.22
41.34
45.81
47.35
81.97
79.04
42.3
38.79
36.13
34.06
89.08
78.68
31.02
30.4
71.4
48.68
35.94
57.84
31.13
55.49
44.25
45.89
47.17
48.46
31.2
64.21
62.87
69.05
39.59
89.69
38.15
78.69
43.22
56.34
49.45
48.46
59.19
44.38
62.81
45.04
88.38
44.36
75.88
58.18
32.28
39.16
85.71
79.22
38.65
33.06
39.16
65.04
68.01
52.73
46.85
42.41
56.33
31.35
30.52
77.87
61.82
76.87
36.84
78.92
85.36
62.0
36.33
37.39
41.65
41.12
86.69
78.02
49.09
78.99
76.33
51.32
31.8
30.52
49.54
32.72
37.27
45.27
40.74
38.69
45.73
74.21
56.67
69.79
85.73
30.08
87.07
46.75
47.25
67.76
51.65
34.83
72.69
40.99
85.76
89.27
40.87
75.22
89.51
87.32
63.89
48.72
30.7
83.89
32.14
64.59
41.17
44.52
31.4
32.21
51.01
82.65
63.95
62.3
67.22
62.12
48.25
82.8
58.54
75.16
84.72
30.22
58.69
66.28
60.14
84.14
86.4
38.06
48.15
45.83
59.81
52.93
51.55
62.03
59.4
57.92
36.79
62.36
33.54
66.98
67.41
45.64
38.12
77.9
76.22
86.76
56.78
48.93
48.16
40.81
50.98
37.67
82.32
50.81
62.84
34.0
46.84
43.41
83.22
40.8
77.73
46.96
42.67
30.58
47.49
34.22
51.73
33.17
33.85
51.27
56.88
49.94
31.42
40.69
86.34
64.3
81.24
33.08
30.45
76.91
53.07
52.15
44.29
39.63
79.71
33.68
59.9
51.63
46.53
75.64
82.74
41.7
34.62
52.5
56.41
33.19
58.2
87.07
53.14
84.0
80.91
56.19
72.39
42.54
38.11
30.13
34.4
67.7
83.12
88.67
58.95
38.43
30.01
89.09
79.07
61.42
44.74
61.06
80.31
63.36
89.73
36.4
88.95
65.08
64.08
51.55
32.45
75.63
46.55
51.0
62.02
33.42
30.65
36.3
74.12
41.43
60.86
41.15
47.08
32.28
51.99
38.18
63.49
80.17
82.7
86.0
37.43
60.99
36.89
48.39
43.88
30.75
85.91
76.9
61.14
50.69
54.7
42.31
88.09
47.13
34.48
63.87
74.93
88.28
67.29
41.06
53.47
49.0
31.17
53.53
77.98
54.32
81.11
74.58
73.16
52.86
33.2
82.95
68.3
35.43
34.89
66.86
55.33
41.44
44.37
53.14
75.01
41.82
72.14
40.74
75.82
84.02
56.57
68.48
45.98
85.66
55.55
59.8
45.69
41.64
43.65
58.55
38.26
53.27
52.92
55.99
55.32
46.47
52.01
84.14
32.25
35.27
85.73
46.26
48.25
50.64
36.2
76.14
39.79
72.11
43.95
70.93
88.31
60.58
49.13
52.68
53.04
37.52
79.13
52.75
73.07
46.22
51.38
83.21
55.5
51.19
48.82
83.58
55.37
82.63
48.02
88.7
60.17
39.88
55.44
70.91
83.27
37.63
63.51
61.96
49.7
54.51
48.28
48.14
62.0
33.6
58.88
49.46
57.86
88.5
74.48
81.69
52.29
72.35
57.79
65.83
56.28
37.9
86.84
72.38
66.04
63.65
73.37
61.95
42.95
30.44
52.99
63.82
52.31
62.0
69.89
78.59
47.92
67.99
83.51
39.15
71.43
84.87
70.28
35.56
46.99
41.37
84.74
89.52
55.97
83.77
38.1
30.21
64.1
89.24
63.74
88.83
57.04
52.92
85.77
32.93
49.61
56.61
35.22
61.03
52.52
56.22
71.18
34.22
87.71
61.35
80.33
49.11
48.81
84.23
37.05
36.23
71.83
57.96
73.04
55.97
42.7
72.91
32.34
56.88
57.52
34.68
44.5
45.6
83.58
60.76
70.25
33.29
36.21
63.8
80.11
33.18
89.01
83.13
82.39
30.52
54.38
77.75
75.52
50.74
82.66
68.16
89.64
50.08
68.61
55.47
68.85
45.59
52.95
85.93
47.34
67.24
85.12
58.86
71.71
74.88
62.65
52.73
78.51
63.25
36.97
82.47
47.85
59.61
42.83
59.56
37.76
63.98
61.37
79.1
63.59
54.52
57.98
66.28
80.37
32.5
85.6
35.03
50.68
50.17
61.9
51.28
43.16
44.61
89.12
80.2
78.33
55.16
86.17
33.76
37.52
44.8
68.5
40.01
50.16
40.63
77.98
84.55
81.02
31.64
49.03
68.25
30.04
74.78
82.13
34.65
55.87
48.17
86.82
49.48
64.86
30.54
80.2
31.76
64.15
74.44
53.8
31.9
84.04
51.96
57.97
78.78
69.64
49.52
62.44
35.64
58.87
55.7
75.6
78.0
82.34
81.43
89.9
72.45
67.24
38.83
58.09
55.83
74.08
46.48
82.25
43.19
59.01
86.66
50.64
73.68
50.14
60.86
76.54
78.87
80.55
35.97
81.29
38.78
46.37
88.27
38.65
45.07
50.15
78.37
49.25
79.56
42.34
66.06
87.58
32.46
84.51
39.89
64.86
32.93
64.28
66.9
78.46
54.97
84.94
52.22
35.5
53.21
48.38
56.79
41.97
52.22
83.17
69.15
41.89
33.17
43.0
54.55
52.03
80.91
65.16
80.55
89.93
47.42
58.65
72.33
60.71
49.61
78.97
83.55
46.69
46.89
64.05
78.98
61.2
33.6
47.7
60.17
74.2
76.5
75.14
35.69
66.96
55.53
48.81
79.66
51.5
40.95
71.74
38.13
47.63
56.67
38.5
47.24
68.5
63.44
80.66
38.45
81.83
34.54
74.61
42.41
84.19
32.49
64.81
30.77
74.16
32.02
73.63
78.51
83.73
51.57
62.55
74.01
79.24
76.97
80.87
83.86
69.02
40.44
80.01
57.8
33.04
67.56
73.65
57.47
60.4
63.0
45.15
52.44
78.41
31.79
63.41
31.91
42.1
52.37
41.19
80.91
82.21
39.18
83.54
43.8
30.73
74.21
61.09
59.9
30.16
88.71
79.95
88.05
44.62
66.22
74.8
78.2
76.9
64.34
31.9
89.64
36.89
40.85
79.47
36.03
42.8
31.22
39.4
69.54
51.63
38.11
45.84
75.22
63.41
58.56
32.8
60.7
58.89
56.57
59.25
34.46
85.98
48.37
69.15
51.54
49.68
73.5
55.13
66.95
46.45
45.93
41.94
48.05
33.89
34.67
81.17
46.79
62.3
59.79
68.05
68.88
52.01
38.01
40.64
51.56
63.61
66.85
85.94
48.31
36.56
62.26
34.0
39.94
63.25
85.47
41.73
51.75
56.57
87.21
74.14
49.93
46.28
61.11
52.88
67.01
62.09
32.03
34.47
38.04
69.04
88.64
57.16
38.96
66.6
67.52
75.35
72.59
71.27
73.49
79.15
83.73
30.2
69.97
86.47
75.47
34.88
74.18
45.16
41.04
42.19
88.33
69.55
88.67
80.83
85.49
63.3
50.92
74.31
31.08
68.62
87.39
80.75
41.37
37.68
79.59
33.2
89.72
58.04
85.66
78.68
71.84
42.35
35.14
69.34
41.38
79.72
34.03
61.43
55.32
85.49
83.91
73.22
75.32
72.39
70.49
89.82
74.16
86.73
56.23
89.89
66.87
84.3
35.46
66.63
89.57
33.99
86.82
38.75
89.77
47.34
77.62
31.66
47.21
66.19
43.64
75.64
70.54
89.45
65.06
76.09
34.47
32.58
64.9
89.12
46.13
30.1
50.45
74.35
78.14
76.86
34.86
76.25
34.9
89.23
52.23
71.61
59.07
44.44
66.65
30.96
60.31
32.34
64.07
57.44
83.68
87.96
69.07
41.11
61.41
30.1
76.08
32.47
78.45
45.88
45.0
35.38
71.15
51.96
35.39
49.26
85.33
32.1
70.14
60.06
65.86
53.5
58.89
75.56
58.99
52.58
46.55
57.03
64.54
52.47
84.06
89.76
42.25
68.66
42.37
62.46
53.6
44.72
50.52
37.4
34.77
57.01
78.92
70.97
65.72
55.23
58.11
31.29
86.41
48.65
84.87
72.98
63.7
56.71
49.38
68.3
88.21
78.26
53.47
58.93
58.11
45.57
80.84
71.57
65.85
56.0
44.34
68.39
44.21
30.53
34.0
71.64
52.65
42.38
44.27
59.67
84.33
46.13
69.33
79.54
59.32
31.62
77.77
82.76
31.86
36.97
35.22
43.27
59.76
32.0
40.14
54.44
67.98
84.58
79.79
33.23
88.02
46.02
51.81
34.47
86.16
62.75
60.98
30.91
30.21
70.93
58.94
60.45
69.01
38.76
89.9
34.85
46.07
71.63
60.96
35.79
76.49
88.23
58.38
45.19
36.41
42.31
48.67
41.28
71.07
31.38
54.55
52.45
82.68
46.37
64.94
30.28
85.02
68.2
77.62
64.16
78.93
35.06
72.63
38.93
64.59
89.14
40.83
45.37
42.68
54.73
59.31
39.6
31.67
50.5
52.92
52.97
69.9
56.92
36.47
85.94
72.04
42.77
86.11
89.49
41.85
52.83
34.14
58.95
77.26
84.24
62.72
49.56
64.49
36.93
80.12
61.24
88.95
54.06
69.21
50.4
38.86
75.28
70.35
76.83
88.81
89.6
85.74
83.69
48.09
58.11
32.81
71.05
62.76
72.42
70.85
46.32
57.66
36.31
35.07
57.6
63.35
49.13
33.69
69.69
70.64
49.24
30.05
68.15
34.23
43.41
44.87
45.81
67.0
34.75
68.72
59.09
50.93
66.25
82.41
62.64
39.37
63.47
57.22
86.43
65.6
32.11
37.24
61.94
77.71
35.74
63.93
57.16
51.77
34.93
82.78
75.79
85.25
40.06
64.35
31.16
40.66
77.34
47.22
41.83
62.53
69.33
66.62
35.95
85.82
40.63
85.52
59.02
36.18
38.92
55.85
89.88
83.15
88.81
57.29
70.79
61.15
31.77
38.51
47.12
48.79
71.69
73.25
57.03
52.74
40.63
32.46
65.12
50.88
58.6
84.05
70.06
76.73
40.79
30.09
38.12
76.08
56.63
42.83
87.71
59.2
52.14
88.63
38.02
65.97
74.94
86.45
80.04
47.36
45.62
35.86
40.05
73.81
47.35
56.51
71.42
69.9
77.59
33.5
64.33
83.53
52.39
41.49
34.13
86.39
30.23
77.52
45.87
44.55
39.45
41.63
60.84
82.53
52.05
74.73
44.8
84.25
84.84
36.5
80.33
72.11
53.63
80.09
84.21
59.78
60.53
72.26
44.65
34.61
61.72
49.22
37.37
38.41
42.78
50.27
56.21
87.39
59.11
84.8
62.78
39.49
80.58
30.99
63.82
50.51
56.29
77.85
30.33
40.94
78.76
62.73
45.5
59.87
54.17
76.12
75.39
57.79
46.55
30.72
58.35
65.55
66.33
82.08
58.05
73.23
37.63
75.84
56.71
71.66
80.11
45.24
70.0
37.39
36.7
47.02
37.86
57.18
82.06
34.46
51.8
42.47
57.53
68.06
81.18
31.41
64.09
71.39
38.09
86.26
34.86
49.21
44.31
34.07
72.0
60.68
55.63
41.97
56.57
84.07
51.31
60.53
85.72
71.47
32.51
49.94
88.58
81.91
82.96
86.04
68.01
76.82
69.21
61.7
61.19
30.78
43.91
31.74
56.99
73.28
86.29
30.81
59.44
71.99
70.03
75.17
80.71
84.85
40.82
87.31
78.35
83.99
50.59
89.91
30.73
82.24
70.74
38.27
79.88
77.6
62.37
68.02
37.64
57.48
32.38
64.63
57.1
35.13
54.71
56.27
74.26
33.21
66.84
60.77
46.49
74.66
63.78
61.22
87.14
78.88
42.39
53.28
69.77
63.01
55.84
88.88
39.96
50.31
53.77
34.1
58.08
61.48
45.88
87.71
62.12
64.91
83.63
46.45
68.05
56.95
52.29
52.64
31.44
79.27
65.14
85.96
80.73
89.09
32.03
68.9
87.28
76.11
49.04
36.75
70.1
69.5
47.54
78.34
67.93
54.88
57.95
44.86
62.32
60.12
86.6
60.56
76.65
66.85
43.51
32.97
72.12
78.14
82.49
71.02
56.06
59.55
75.62
40.69
57.16
33.24
36.32
43.85
67.8
85.21
51.9
60.02
64.23
47.07
71.39
42.74
41.36
42.35
58.76
45.01
55.99
52.61
79.86
43.14
48.37
87.14
44.68
77.81
38.49
65.2
35.52
54.6
87.34
68.56
42.46
78.53
69.27
85.66
43.73
37.28
68.09
84.82
76.67
54.67
55.9
49.96
85.04
78.7
46.04
49.24
74.39
55.45
66.58
39.33
79.6
63.38
79.54
72.89
55.74
70.83
33.59
56.17
56.15
55.24
37.05
59.22
75.7
49.38
79.12
65.13
73.45
83.86
58.93
80.7
38.42
76.7
80.02
84.2
34.86
37.02
31.36
60.35
41.57
64.07
83.54
49.62
30.32
83.39
67.31
42.09
71.54
67.97
52.81
42.73
89.55
68.58
30.1
37.54
44.84
78.79
58.48
33.61
45.91
88.84
76.07
30.28
80.32
41.54
49.85
37.1
30.63
60.24
47.16
51.61
40.14
78.39
40.41
61.04
58.16
85.18
89.26
84.35
74.01
55.84
37.83
82.19
72.97
37.91
35.28
70.46
84.36
42.83
54.72
87.87
86.76
71.92
58.44
52.37
53.46
60.29
71.26
60.65
43.78
75.19
57.17
64.39
76.56
53.04
85.79
60.61
72.22
75.31
51.85
45.49
85.4
48.81
36.57
59.75
79.48
46.92
59.63
51.69
31.48
38.25
77.82
86.07
30.26
81.67
73.43
71.09
55.8
49.89
54.64
66.09
86.8
42.42
88.42
43.97
80.75
69.6
74.7
79.89
30.71
73.45
89.74
59.68
62.51
36.36
50.45
66.75
37.2
50.0
50.87
78.77
62.26
63.27
46.94
48.81
57.07
79.01
49.02
49.29
64.14
80.39
60.23
37.7
84.92
58.27
76.43
32.6
80.17
33.5
88.05
83.43
46.0
43.41
77.0
39.1
82.1
31.91
69.1
45.6
80.55
52.62
55.96
38.73
67.58
58.24
30.52
73.85
37.68
61.57
62.34
47.96
43.72
48.68
53.88
86.06
70.15
87.93
35.1
32.73
33.51
81.55
80.06
56.28
56.13
55.65
86.67
45.71
73.1
36.59
45.69
65.9
65.86
63.22
37.41
75.28
72.67
70.86
37.76
43.25
84.65
58.96
55.08
82.35
47.69
79.57
56.49
67.29
51.89
84.98
36.37
43.03
42.16
45.62
57.26
37.01
32.33
63.96
60.13
50.44
40.24
37.04
83.34
56.07
87.15
49.52
66.76
64.05
39.75
59.63
59.08
60.38
48.12
44.57
54.63
85.37
64.16
58.12
41.73
85.57
69.58
89.31
40.13
53.42
49.96
49.93
31.97
62.28
66.53
32.83
82.79
42.08
38.86
40.81
55.3
34.94
79.43
70.8
58.33
60.04
54.36
72.94
87.19
63.21
63.8
61.34
84.61
68.15
82.47
65.07
71.89
69.34
56.44
38.23
55.31
82.32
69.35
86.61
46.72
58.31
74.6
37.95
35.9
75.17
69.92
58.85
34.0
67.66
70.11
48.03
35.39
60.25
59.18
47.7
63.83
66.51
85.36
76.43
78.55
41.14
57.49
42.47
41.23
60.33
46.81
42.88
73.54
32.03
75.13
83.92
72.29
41.59
74.16
60.12
68.28
53.56
41.42
31.37
74.47
55.6
44.53
67.37
77.55
61.73
75.68
50.31
69.18
66.96
40.4
74.31
75.61
69.4
52.77
62.77
56.29
30.18
30.68
41.82
84.78
67.88
53.39
66.43
33.83
36.26
34.86
79.02
89.99
43.41
58.96
37.96
82.91
39.35
61.49
64.88
58.84
33.66
71.12
83.14
35.4
73.68
79.27
39.79
89.65
47.88
48.59
64.04
79.14
57.52
62.75
67.02
77.55
68.81
40.15
66.01
42.77
56.16
81.95
37.43
51.71
63.69
82.24
76.74
55.44
59.96
80.77
82.62
61.71
41.95
59.89
85.61
66.64
76.39
31.12
68.06
65.91
58.32
70.74
81.8
85.75
45.41
60.29
48.09
55.12
59.93
77.12
84.96
65.24
89.54
64.01
78.38
38.33
30.46
31.62
83.52
34.48
66.77
64.58
76.84
48.81
51.2
51.2
40.11
42.47
41.85
38.75
76.26
66.59
64.16
70.59
50.69
73.81
46.41
79.06
66.93
79.3
33.28
80.59
36.09
70.12
43.68
32.8
45.56
54.2
38.64
35.98
89.63
34.76
41.43
45.17
49.03
37.88
80.38
85.48
62.94
64.02
89.63
83.03
54.45
75.53
45.92
33.11
31.33
62.34
59.98
39.04
81.19
64.97
52.89
60.35
35.84
83.99
47.43
40.48
55.56
46.87
48.46
79.47
62.82
85.91
87.02
89.49
37.89
83.81
47.68
67.76
82.67
35.57
39.11
73.99
50.81
69.3
36.84
88.34
60.08
82.23
70.5
87.1
64.23
48.38
66.81
89.81
78.92
57.3
78.99
72.17
86.32
51.89
32.42
35.19
76.04
71.48
74.0
70.06
57.43
34.09
80.13
40.85
89.39
42.32
35.02
52.53
49.53
88.6
53.67
32.8
89.23
77.19
89.88
49.05
37.06
53.86
38.4
38.81
84.16
89.63
89.67
56.31
44.36
40.32
52.93
65.94
74.62
60.98
80.56
85.18
83.14
52.15
87.03
85.38
54.7
55.28
34.68
86.22
35.31
59.47
73.28
82.78
64.26
70.95
72.61
30.96
86.55
51.6
40.65
58.4
74.01
79.64
73.18
54.01
70.89
55.91
89.21
89.79
44.99
59.0
64.59
68.17
56.04
61.46
63.26
53.28
49.23
68.08
56.52
88.33
52.54
41.75
55.6
69.42
56.51
47.14
59.71
56.82
86.65
31.13
53.7
50.46
43.41
62.77
66.84
30.61
70.57
52.96
85.38
74.61
60.83
87.09
71.24
78.48
87.38
83.42
34.24
42.61
67.77
39.66
57.88
58.81
57.79
79.35
59.37
82.12
76.41
68.55
64.68
43.93
76.08
78.27
59.36
43.22
75.61
78.01
64.03
71.83
76.42
47.49
46.96
72.48
60.74
60.74
87.52
77.96
45.36
54.38
79.8
34.39
49.26
50.38
53.41
45.55
68.51
53.7
62.54
46.36
81.68
42.35
82.64
40.75
52.21
76.75
59.56
44.23
69.81
37.66
42.92
45.4
65.07
63.13
61.17
35.84
76.81
37.91
86.33
33.91
82.8
47.87
71.99
49.99
73.2
58.87
61.61
72.99
38.01
45.98
80.44
77.39
89.42
31.38
38.53
50.24
71.6
48.93
50.76
43.65
84.58
62.85
39.58
64.93
39.57
46.31
71.77
75.49
55.99
40.03
42.69
62.38
65.34
82.12
46.09
66.72
30.16
58.27
53.89
37.21
83.47
36.48
45.93
74.04
40.84
34.61
88.16
47.61
33.64
38.46
43.35
87.5
30.97
77.57
76.85
59.98
85.97
30.81
59.71
45.21
75.72
40.39
82.5
54.33
38.15
32.08
71.37
85.71
88.19
82.46
53.37
84.35
68.62
33.8
40.25
53.11
48.37
50.16
74.1
33.53
66.35
50.2
82.94
33.43
88.3
34.86
56.07
81.42
49.31
81.01
87.79
37.36
58.63
43.85
76.02
36.48
76.48
70.53
67.88
56.06
60.09
36.02
46.19
84.8
56.52
54.17
32.84
83.06
75.2
35.5
39.01
37.42
69.19
39.53
89.71
64.42
82.21
73.8
31.47
55.27
51.7
87.13
50.3
71.25
65.37
74.2
33.68
85.85
89.58
63.26
39.86
82.17
68.84
67.44
83.09
73.89
85.19
87.46
50.69
41.87
53.13
88.05
41.48
65.47
35.05
79.95
70.09
61.33
67.8
37.02
81.69
50.41
40.15
30.89
33.64
70.3
73.11
38.93
66.34
58.98
86.23
69.91
61.22
47.03
57.71
44.83
70.7
65.65
47.78
30.72
88.97
33.18
62.82
81.12
67.26
65.22
72.91
48.49
53.38
35.07
30.28
45.87
78.85
66.7
38.37
55.59
31.17
78.14
57.66
46.61
76.09
88.22
54.19
75.93
49.28
75.48
87.91
69.02
44.34
71.41
80.68
54.22
67.32
45.15
57.27
39.95
80.13
35.8
33.35
62.06
64.95
85.1
42.2
76.68
68.64
74.5
39.45
56.79
51.36
71.97
65.61
88.05
38.32
58.41
71.63
52.13
85.39
81.15
82.38
66.54
58.3
52.07
37.18
86.89
45.82
78.12
30.71
52.89
64.27
48.86
41.63
34.29
89.35
83.18
48.74
30.95
62.43
49.29
36.95
77.42
50.29
88.37
72.37
80.38
67.31
63.7
55.68
34.99
74.24
50.39
41.8
36.86
34.7
58.53
80.22
37.72
60.88
52.75
62.4
33.48
62.11
63.0
82.21
41.97
78.88
75.09
84.87
84.78
75.97
85.52
45.54
39.34
46.82
80.39
48.81
79.12
52.32
77.97
80.83
70.67
88.77
73.82
44.71
89.06
71.03
56.14
59.52
75.97
75.19
80.47
44.44
86.88
45.69
58.83
42.68
56.06
68.99
59.51
44.91
53.22
65.67
83.87
55.42
64.49
84.65
80.46
41.12
51.7
77.32
73.86
76.03
39.57
57.61
71.71
54.35
63.87
75.58
60.22
66.61
50.59
51.9
41.26
89.51
66.42
41.67
39.86
43.71
73.07
59.93
62.13
71.76
73.74
74.8
34.79
79.94
40.46
68.09
43.53
79.57
75.91
40.51
63.02
73.3
40.15
38.78
52.55
85.12
34.07
51.53
78.38
50.65
33.31
67.96
87.47
64.78
78.87
30.85
69.63
39.06
71.91
64.21
43.3
65.1
70.57
84.13
83.33
86.19
80.47
62.45
80.95
73.33
74.28
39.27
40.78
40.82
42.55
55.08
48.92
32.95
73.44
54.19
34.68
77.34
31.17
63.59
75.43
52.36
64.44
33.04
44.22
69.82
77.42
36.86
87.97
53.67
85.48
62.38
68.64
40.56
83.08
35.25
89.25
53.52
39.86
66.34
81.94
53.83
30.52
82.34
64.88
35.57
84.36
76.39
61.96
56.81
72.35
51.73
69.29
39.05
38.55
48.66
83.15
81.02
59.53
65.13
67.66
52.39
72.08
66.49
51.26
47.03
88.85
47.06
40.44
80.08
78.65
44.33
80.92
84.7
49.9
49.71
37.86
66.65
71.64
34.4
42.53
46.23
56.76
79.42
43.45
78.46
83.39
42.03
89.57
61.01
63.11
66.96
78.17
69.2
74.09
56.38
65.4
44.83
51.79
67.89
32.46
64.72
63.04
41.2
86.01
35.02
33.09
81.67
80.42
53.77
88.52
88.53
37.5
58.77
33.2
51.47
34.3
39.65
83.56
80.66
81.48
31.96
64.15
76.44
71.5
60.04
37.3
76.44
83.39
46.1
62.38
59.42
73.99
85.56
57.19
57.75
43.57
40.75
32.32
79.05
54.14
34.39
63.07
50.12
88.29
56.87
36.17
68.29
77.61
64.88
76.49
47.98
61.88
79.62
34.51
45.57
67.61
60.36
76.18
40.69
80.84
67.11
42.2
33.39
88.92
56.64
46.05
40.82
44.65
59.38
81.17
42.51
52.09
77.84
69.86
31.72
45.02
37.64
32.48
86.83
67.26
62.51
81.6
65.49
64.66
42.11
67.22
70.08
82.88
55.52
42.24
64.16
88.35
34.52
30.21
32.15
79.88
30.07
43.29
88.89
74.75
43.13
43.31
57.5
34.56
69.18
59.8
55.16
59.42
46.31
42.81
34.11
67.53
59.64
72.66
83.66
89.58
43.65
40.08
84.73
54.1
78.21
38.12
47.69
30.66
89.39
30.34
40.3
63.45
81.02
77.64
45.19
82.81
34.18
49.91
45.78
69.35
32.3
81.26
87.68
44.18
84.12
84.37
67.58
60.42
76.48
61.08
74.66
35.57
47.11
53.66
42.3
43.82
75.7
40.41
36.73
46.82
39.6
42.19
76.98
56.46
56.05
61.49
35.35
89.23
80.83
47.57
33.4
67.04
65.53
48.6
50.44
61.55
82.75
36.55
60.59
56.22
57.98
84.59
62.66
71.7
84.76
48.14
51.52
43.59
69.11
45.23
44.08
89.2
71.84
78.86
88.13
88.26
49.99
61.13
85.4
31.54
84.97
81.48
58.08
61.02
32.86
63.35
37.39
45.84
78.24
60.28
75.11
85.91
40.27
45.57
65.22
86.98
76.76
68.36
70.75
55.96
54.22
89.21
81.38
75.65
73.18
64.03
49.75
55.97
33.53
35.36
53.07
36.94
53.88
42.8
51.0
52.75
77.66
71.14
78.89
51.89
79.55
86.98
46.65
73.12
33.45
61.26
39.38
79.98
54.86
66.26
64.93
36.26
36.01
64.29
48.9
36.68
48.6
41.44
32.38
52.79
70.84
36.79
65.11
39.1
34.1
35.53
42.59
57.94
56.67
58.59
52.55
82.81
83.08
69.47
49.44
41.1
71.86
89.79
79.16
49.67
41.51
79.06
54.13
65.1
32.55
78.38
42.14
75.81
69.62
54.75
62.01
62.26
43.51
37.75
78.61
71.41
67.28
46.7
54.13
38.84
75.26
30.9
30.17
61.26
50.65
38.63
73.38
85.92
46.84
66.16
74.69
66.95
52.98
63.34
73.48
86.59
76.34
48.9
70.31
84.97
61.14
35.74
68.47
66.3
38.07
44.37
70.32
88.42
40.43
66.85
58.43
50.38
84.85
86.23
39.8
72.38
76.44
85.4
34.39
85.92
44.78
81.49
79.69
77.62
47.63
75.58
45.71
48.59
79.03
65.06
48.08
71.97
81.46
63.46
43.12
64.78
65.13
67.85
76.85
88.85
36.6
41.5
78.9
61.74
74.74
54.96
80.33
55.27
86.8
53.46
46.88
36.12
80.91
86.96
83.66
75.6
55.94
48.48
47.07
75.57
50.69
77.11
88.94
41.33
36.85
37.17
33.54
71.46
65.58
63.87
64.9
34.17
47.48
45.95
58.74
82.74
88.33
66.72
44.81
52.84
49.52
42.24
88.71
37.89
63.99
77.92
86.37
42.06
41.54
59.83
53.06
44.96
35.66
51.88
46.89
40.32
52.09
34.9
85.03
65.94
58.75
37.78
76.65
34.52
89.11
80.56
58.26
70.31
35.34
59.31
79.17
34.69
43.02
76.64
57.5
69.9
79.09
38.73
58.11
63.76
66.9
80.87
58.58
49.03
78.14
83.81
51.52
73.58
42.71
35.4
52.59
54.42
36.84
36.14
72.37
73.13
34.35
60.41
63.58
59.92
88.75
57.46
62.72
48.61
45.14
79.14
85.68
49.31
80.86
55.3
61.47
40.69
65.07
87.16
33.03
45.68
71.66
46.12
52.08
47.41
88.05
59.23
38.03
37.34
48.62
54.06
47.33
63.03
82.31
77.29
64.74
73.45
69.75
33.96
68.08
82.32
79.8
58.2
49.55
52.67
63.95
54.58
50.91
37.12
36.37
31.76
89.63
51.76
34.36
64.06
70.5
70.85
88.16
42.79
83.68
84.37
57.47
87.17
42.11
50.37
75.56
86.71
34.67
70.36
86.59
36.18
40.98
70.64
67.93
47.91
86.19
53.2
50.48
80.47
63.7
56.52
62.69
73.02
35.0
50.02
81.63
73.95
34.42
57.62
48.48
77.58
38.63
38.69
74.5
89.23
53.4
81.81
53.89
69.41
59.2
74.59
33.43
62.97
89.9
75.1
43.81
48.34
71.35
38.93
30.43
76.37
65.97
70.37
31.33
52.72
61.91
71.87
80.67
47.19
84.42
70.33
53.91
69.71
69.67
42.82
30.37
37.36
87.3
81.5
40.34
69.57
84.97
84.96
63.87
73.41
53.64
34.33
61.73
49.09
54.42
40.43
74.11
86.9
72.04
59.54
55.16
63.06
69.08
37.6
77.44
30.32
80.7
60.14
56.08
37.25
65.05
35.34
81.96
48.14
40.35
45.07
61.99
63.6
50.31
77.3
52.68
56.25
37.8
38.14
36.07
38.79
84.01
71.1
70.32
38.75
61.17
59.32
47.25
46.2
75.75
47.89
65.55
85.17
60.83
66.24
82.51
73.26
30.81
38.69
46.14
55.82
46.56
57.68
77.03
88.38
67.76
82.21
50.62
38.21
79.98
76.3
44.17
62.31
89.63
88.31
57.13
47.02
47.62
82.69
70.14
65.96
46.07
54.38
63.46
61.27
33.16
59.21
66.63
77.26
37.72
79.48
35.58
59.96
35.09
79.04
57.83
67.23
59.93
57.67
40.96
86.61
73.72
64.01
42.35
54.03
50.54
75.33
41.57
70.04
84.15
80.31
50.37
39.1
51.76
53.67
62.24
32.71
60.65
66.3
86.51
73.48
31.69
40.51
58.53
88.56
66.07
80.66
36.24
56.23
31.34
44.9
78.68
67.33
46.92
80.52
74.11
60.1
32.65
84.38
70.14
78.81
86.15
38.3
75.17
39.27
60.94
73.62
61.22
58.35
47.0
76.08
35.36
43.9
32.71
40.63
54.46
31.79
43.61
32.44
82.54
83.4
71.91
65.67
77.75
46.89
74.52
49.81
56.58
88.8
80.75
55.12
84.3
35.84
84.17
83.36
68.81
49.48
79.33
46.33
38.53
63.07
37.73
51.44
64.79
42.45
54.83
48.49
39.26
68.03
66.01
63.54
85.87
85.59
64.34
74.32
78.3
36.59
80.7
30.31
30.12
48.62
77.58
85.28
53.95
67.86
58.35
46.78
82.07
65.22
71.36
67.03
35.04
79.77
32.31
71.45
38.48
62.84
37.64
88.17
55.95
77.6
77.79
37.28
63.97
89.95
52.93
35.73
75.86
65.65
72.86
61.92
46.14
58.08
65.14
44.25
81.24
54.69
72.91
86.64
54.93
57.68
41.02
52.57
61.75
43.78
31.57
45.47
70.95
81.5
37.86
70.3
50.4
48.06
55.96
82.24
64.84
68.44
36.87
37.24
60.14
73.1
41.73
62.87
84.99
60.76
58.84
65.12
71.55
48.13
50.08
39.39
86.93
32.85
57.65
71.01
72.65
67.58
50.43
34.63
85.93
41.43
84.52
43.53
34.23
35.02
51.5
39.12
58.95
57.23
80.17
71.74
71.9
65.44
32.84
74.84
51.51
80.17
44.8
70.21
66.23
36.72
38.18
89.99
50.13
54.45
81.33
67.86
70.75
68.19
49.4
79.75
32.02
52.05
87.27
52.71
31.01
41.52
86.65
80.96
41.72
88.65
39.53
89.54
80.67
84.76
38.38
48.1
72.12
60.32
47.5
71.72
76.78
47.13
35.15
64.46
53.79
82.67
32.7
68.27
32.85
36.8
52.12
43.72
39.71
77.59
43.94
51.88
84.47
77.13
61.44
35.63
86.73
72.55
32.11
86.93
34.3
66.18
53.63
88.85
85.38
65.93
72.07
79.3
79.22
65.95
45.1
48.76
69.94
71.27
52.29
83.27
54.0
71.91
42.56
51.18
62.76
32.26
32.51
46.19
79.67
42.99
83.15
72.96
71.34
70.45
88.58
68.02
68.96
57.2
82.34
33.44
50.66
47.2
53.88
58.79
87.37
85.47
66.68
31.19
63.34
34.11
51.58
48.27
68.88
31.07
77.32
79.59
31.94
34.91
85.24
66.96
87.62
57.46
41.44
52.21
85.74
36.92
83.53
61.78
34.2
53.99
44.59
64.52
39.15
86.48
42.68
67.98
79.88
65.75
69.33
54.56
36.11
37.88
72.13
77.83
80.54
51.76
88.13
68.5
39.21
34.04
62.69
74.46
31.08
31.35
64.7
89.39
74.25
39.09
35.23
78.86
78.59
57.41
32.14
75.98
54.72
78.98
38.65
57.8
61.58
52.18
89.4
75.77
79.81
44.46
53.08
36.65
89.9
45.46
36.04
42.31
64.29
50.14
39.84
58.1
70.23
69.89
30.88
75.32
44.47
85.33
38.31
53.97
48.73
59.48
48.81
76.27
52.92
51.01
88.27
54.21
37.8
46.08
73.41
45.71
70.83
84.89
52.45
41.56
73.01
56.27
32.77
64.71
64.83
70.9
74.12
68.74
50.3
80.12
86.12
48.13
46.91
60.78
89.15
39.8
59.7
41.65
54.59
52.73
64.25
32.08
78.44
72.56
89.99
45.34
82.07
66.62
43.86
47.74
31.22
50.61
83.97
34.51
85.69
52.78
74.45
69.51
70.35
62.9
57.86
85.7
70.8
66.88
55.09
43.5
30.11
88.84
75.38
89.64
76.21
32.73
56.65
37.01
78.08
41.16
69.46
69.51
68.33
82.7
73.54
49.65
48.89
31.34
84.5
36.21
58.75
60.51
56.87
64.46
73.76
41.77
34.42
81.45
59.69
37.64
70.32
43.38
34.91
46.95
47.81
82.11
48.44
76.82
64.63
35.68
39.39
34.81
54.09
88.19
40.85
50.53
79.2
82.55
74.12
58.03
68.93
57.0
80.92
54.59
79.07
65.14
61.27
69.39
47.53
53.53
78.3
53.04
69.22
69.81
82.18
56.62
84.15
89.58
40.15
72.93
71.9
57.37
48.23
31.63
68.17
48.94
63.13
37.33
32.66
78.14
37.38
38.24
64.24
73.87
30.48
56.53
67.88
74.29
86.87
30.97
83.92
88.0
81.95
86.93
37.11
89.53
75.91
34.17
70.73
72.19
67.76
82.48
74.93
39.7
45.01
57.81
53.69
69.78
38.19
51.26
44.57
47.62
72.65
34.83
83.24
68.46
54.7
59.15
71.89
73.85
78.28
45.82
81.47
79.84
81.31
34.85
38.62
67.49
87.18
36.6
74.33
38.17
87.03
78.01
47.3
32.86
56.2
61.5
61.62
81.11
88.85
55.92
39.83
52.62
72.73
65.02
35.21
42.6
71.61
71.88
66.54
47.64
39.8
43.73
78.45
59.31
51.07
38.15
53.55
55.07
83.16
86.41
80.37
53.29
63.55
80.47
33.03
61.97
53.92
52.86
51.01
68.43
55.04
49.33
63.98
52.39
32.08
55.06
41.77
35.99
82.36
71.51
52.85
89.12
52.03
44.67
58.41
86.73
69.84
73.84
39.92
32.41
62.23
49.82
32.56
83.77
31.51
30.76
47.95
59.84
57.05
51.6
81.83
47.86
69.17
53.92
53.32
85.97
71.85
62.29
40.48
38.26
41.62
67.62
33.36
57.85
57.58
85.07
52.2
83.8
66.9
53.41
61.59
35.65
83.38
67.89
56.14
76.54
54.27
57.66
55.32
89.79
76.21
85.73
52.78
59.41
42.08
30.61
41.69
85.74
57.38
37.85
57.15
77.56
60.05
86.21
83.9
58.39
34.98
72.27
51.38
77.14
48.53
49.84
62.54
31.49
40.18
81.08
87.39
41.53
76.35
36.71
58.36
60.51
63.82
51.69
81.37
48.21
59.11
41.63
64.37
41.83
44.49
56.24
46.67
32.41
77.79
79.21
84.04
88.79
36.79
46.47
67.84
82.58
39.74
59.01
88.73
49.86
59.47
71.63
55.3
73.05
38.86
43.84
53.21
89.03
50.93
84.93
82.49
75.35
52.22
49.83
68.38
43.95
51.63
78.91
42.64
79.69
63.12
60.69
66.82
67.88
63.5
72.09
51.48
78.64
43.27
72.86
53.13
71.69
31.95
53.42
87.79
64.37
59.96
44.85
59.49
79.4
50.31
63.89
70.41
54.05
46.98
39.33
36.07
44.47
31.17
75.61
36.71
83.94
60.64
57.42
33.89
38.0
81.41
70.37
35.67
70.87
37.86
73.96
86.67
75.5
79.43
67.24
30.22
77.11
54.25
82.38
64.37
41.49
33.29
63.31
64.01
81.6
32.33
79.28
54.34
61.7
62.0
52.94
41.16
34.73
42.42
72.86
70.94
70.53
84.46
57.41
75.55
70.09
86.22
70.19
40.81
74.65
51.48
45.3
46.69
79.5
57.17
58.15
30.64
46.21
83.0
59.88
54.98
34.44
47.6
37.87
39.86
50.33
34.03
76.7
67.31
77.98
50.87
43.33
65.4
31.32
35.34
74.49
83.24
42.33
77.46
53.02
54.96
83.04
67.26
78.72
76.55
64.45
74.87
72.49
58.82
39.11
45.98
52.58
65.2
47.87
42.32
32.13
42.75
62.34
38.38
31.76
34.48
87.13
32.13
58.34
71.3
43.39
87.85
31.36
82.81
53.49
53.03
58.33
88.28
67.69
82.71
31.67
83.82
42.81
48.9
34.42
84.9
61.57
35.4
53.85
52.87
33.05
50.86
47.57
85.17
78.41
39.61
85.89
74.59
59.45
55.96
85.61
48.33
52.24
71.47
75.56
49.63
85.32
45.37
50.85
41.79
62.23
89.96
73.08
58.28
88.98
32.95
47.15
80.29
61.46
30.28
57.41
31.31
64.41
67.96
42.08
89.19
80.03
57.83
48.57
30.74
71.6
45.77
53.68
55.72
81.23
81.08
76.57
76.01
59.68
77.47
81.49
59.91
84.02
89.42
40.52
88.74
44.74
86.04
81.07
84.96
57.66
39.06
43.36
48.28
44.98
88.04
39.36
71.15
60.7
32.05
42.7
86.01
79.01
65.16
34.6
38.31
73.84
75.42
87.49
42.34
68.94
55.85
36.83
50.17
52.05
57.21
47.58
63.16
66.39
54.77
52.4
69.33
33.25
81.98
88.48
33.32
72.55
45.13
55.8
46.24
42.85
56.46
52.3
55.55
78.49
88.72
38.6
74.65
62.95
52.38
69.63
82.89
68.49
72.22
38.89
72.78
89.17
87.58
54.55
82.94
65.48
37.1
88.69
66.79
36.35
64.34
73.29
44.24
70.95
87.96
43.9
59.45
48.84
53.27
80.23
79.41
30.5
37.32
50.94
48.18
35.62
71.26
68.56
44.89
51.7
59.28
32.72
39.29
68.81
59.14
66.03
88.4
75.33
88.09
65.46
30.09
35.63
71.82
48.3
54.83
70.53
50.01
82.42
53.25
32.66
89.05
59.38
51.03
83.95
81.65
32.27
78.51
59.4
70.41
38.76
70.05
43.81
37.04
38.08
48.0
89.5
33.26
49.85
61.5
42.41
87.7
57.63
71.56
51.6
41.65
48.22
46.78
80.85
30.89
83.62
53.57
67.01
78.33
57.66
35.56
62.5
37.29
79.48
68.87
65.53
30.02
87.6
37.82
41.01
89.17
35.37
74.5
35.7
73.97
83.36
50.98
48.74
85.98
34.48
50.85
69.18
71.25
57.18
81.22
80.94
79.02
40.25
68.8
81.06
35.66
44.68
88.68
57.71
61.81
51.02
53.53
83.67
42.55
46.75
60.04
48.63
83.56
67.98
60.22
66.24
31.19
74.51
50.13
66.49
79.93
50.73
32.22
30.06
81.59
62.79
69.03
65.81
40.14
32.29
44.59
89.45
55.07
85.5
45.62
72.92
31.56
30.79
57.95
68.95
87.73
31.78
89.27
58.31
75.98
68.78
44.87
49.95
65.47
35.78
76.48
77.98
79.24
80.92
71.35
74.64
65.32
43.6
34.98
40.71
41.59
75.47
86.86
78.87
89.53
32.62
31.93
71.01
31.54
83.44
58.33
85.46
44.99
68.54
71.94
47.24
52.04
63.09
53.02
59.49
57.36
69.96
34.88
87.4
36.17
50.29
30.52
78.96
36.75
46.71
57.11
80.64
76.03
39.0
56.8
49.96
86.91
81.34
39.03
55.78
56.68
87.65
77.72
78.54
52.09
71.73
49.21
79.47
87.61
66.61
61.72
82.35
84.3
35.41
71.84
67.71
42.61
37.49
47.12
40.14
44.55
85.06
84.97
45.21
42.13
57.27
69.84
38.28
79.04
34.41
36.8
68.18
42.25
43.74
82.58
51.85
85.28
36.52
85.9
84.88
62.39
75.5
56.23
75.94
44.58
84.19
77.31
73.95
78.29
50.69
41.4
51.29
32.32
46.21
66.44
80.79
85.82
73.33
83.51
47.48
70.66
88.61
66.65
55.67
45.76
48.89
42.15
72.17
73.44
76.77
58.05
38.3
55.32
74.91
81.35
34.87
44.63
87.72
55.92
34.24
42.22
79.65
75.57
43.05
36.09
34.76
59.98
71.73
49.42
35.17
59.52
43.14
40.86
76.48
66.26
48.91
57.63
43.44
63.7
75.42
55.7
53.02
45.11
49.41
51.6
48.77
35.42
38.87
89.77
51.78
78.32
73.04
63.85
56.99
69.92
65.05
74.03
89.63
48.89
50.04
71.35
80.67
41.4
81.28
83.79
53.69
45.99
54.03
41.2
33.55
77.84
64.19
59.65
42.84
63.15
54.1
60.37
35.45
85.37
75.85
74.47
64.91
43.66
36.22
51.68
54.77
75.66
38.89
79.01
56.57
78.0
59.68
33.09
66.48
55.63
57.56
76.96
43.35
31.54
47.17
39.31
50.63
42.48
35.82
79.65
42.57
51.83
30.11
76.3
57.8
81.88
33.17
39.83
45.46
83.29
51.24
41.21
78.09
48.14
50.98
69.28
53.03
30.99
89.35
44.32
44.66
38.04
39.48
60.12
86.38
71.83
69.45
51.69
78.79
58.4
57.45
89.67
66.54
82.09
61.47
39.7
89.24
69.34
38.92
74.4
56.35
79.34
46.62
86.54
47.83
89.84
72.01
88.28
73.45
75.25
37.28
30.9
35.18
56.24
54.12
41.03
32.61
71.53
41.87
88.71
36.21
51.81
58.74
43.11
60.2
37.47
30.1
71.89
80.07
64.48
43.71
53.67
67.58
31.95
35.65
87.49
70.71
71.82
36.15
43.98
53.47
42.31
78.57
66.39
41.81
76.25
62.44
42.47
80.57
42.6
71.44
53.99
74.97
55.41
47.2
87.66
75.52
79.66
48.77
50.88
40.37
56.8
89.82
65.37
73.45
74.25
42.17
33.36
37.3
73.18
57.35
84.28
51.99
36.16
88.11
54.04
80.89
32.76
51.56
65.66
61.45
73.66
82.98
75.52
48.61
88.16
85.14
67.8
60.6
60.99
74.11
59.01
89.19
72.63
44.29
69.51
59.07
39.59
61.13
81.54
31.48
81.07
71.11
73.54
83.56
86.62
47.71
85.15
42.99
38.66
63.29
85.66
33.26
61.68
70.71
74.73
60.24
64.49
57.22
73.4
52.75
46.82
45.77
69.2
85.48
46.42
44.99
72.94
30.55
80.05
52.76
84.1
72.51
77.56
40.27
51.85
46.83
72.91
31.36
67.15
82.09
32.62
47.44
42.48
89.89
89.14
37.46
41.69
31.38
63.97
71.15
69.27
45.6
42.2
33.34
67.96
44.73
35.32
51.27
38.91
60.37
38.95
89.32
50.13
58.49
65.8
81.04
86.88
52.02
55.41
39.06
41.38
73.33
56.12
80.54
61.75
46.96
70.76
58.37
83.41
52.31
45.28
56.37
80.94
79.46
83.61
80.98
49.81
65.53
77.68
80.35
54.11
60.82
47.44
71.87
70.31
65.42
67.64
83.92
79.2
37.49
68.56
39.7
38.9
56.95
59.13
36.25
60.71
40.59
63.04
79.93
35.16
53.96
44.02
64.48
83.61
41.84
70.58
35.59
62.75
70.56
70.25
74.29
55.04
75.6
58.37
49.38
49.32
40.54
73.23
39.46
68.17
69.92
47.2
59.32
70.26
30.01
46.48
52.78
85.85
57.85
60.42
69.85
57.09
55.94
88.46
78.74
72.11
58.83
50.78
65.51
56.77
58.0
43.3
77.48
77.46
48.06
47.35
46.68
39.76
81.49
45.93
71.92
35.98
74.12
38.84
39.53
79.89
47.46
40.34
62.21
34.49
72.63
80.48
44.9
71.88
33.23
58.68
87.12
62.28
54.65
30.35
45.36
55.71
52.65
56.34
31.42
61.87
45.08
54.04
83.18
79.69
53.88
33.24
83.33
53.94
58.77
35.14
71.55
72.73
54.52
83.33
32.92
48.45
42.41
71.87
42.28
72.16
77.79
76.99
31.68
85.83
72.88
78.77
68.74
61.75
68.68
51.61
57.47
72.75
70.06
65.61
32.95
47.27
66.21
57.82
50.28
73.02
53.22
84.5
61.9
59.01
50.23
38.05
30.58
70.61
33.92
49.5
82.54
58.69
83.0
33.69
80.6
85.89
84.82
50.19
35.71
84.9
39.44
62.76
54.45
87.47
54.96
52.22
65.21
61.67
57.13
60.16
35.91
86.09
45.02
64.21
32.13
47.74
71.32
57.44
73.81
39.32
89.28
56.74
62.33
45.45
50.35
69.28
50.5
73.11
47.15
75.93
70.5
42.73
33.0
85.81
44.11
64.63
47.87
69.49
72.08
34.46
33.0
89.44
76.08
45.7
59.48
87.48
62.63
55.16
32.25
65.09
82.9
62.57
76.91
83.16
54.44
54.69
85.28
50.44
69.69
67.19
59.11
68.52
72.19
85.49
78.05
51.48
55.93
84.22
46.26
49.49
71.35
36.65
77.23
86.9
68.59
34.33
44.31
35.85
48.55
86.37
51.55
41.06
69.69
83.98
32.07
70.11
47.35
52.44
44.23
84.37
83.16
66.29
30.96
86.79
58.04
59.34
76.38
66.82
37.28
36.32
45.13
34.23
79.98
32.37
86.76
36.67
81.46
44.23
69.64
50.53
34.04
73.83
78.47
47.92
77.07
57.45
73.77
68.72
85.79
49.68
36.6
77.3
78.77
31.57
37.57
79.93
66.04
57.17
79.6
44.76
49.49
76.41
65.46
42.51
83.64
89.66
38.67
47.79
74.97
37.41
57.87
43.11
69.86
51.59
80.89
57.5
62.19
83.34
76.11
78.53
30.75
69.44
57.96
83.02
32.3
80.68
38.13
65.51
73.59
41.85
40.0
70.94
40.03
60.78
45.75
31.9
34.03
37.88
62.72
42.69
80.97
31.63
69.57
35.37
83.42
32.47
38.58
46.66
36.04
84.69
37.94
34.98
33.59
78.36
68.99
75.41
72.3
88.08
76.11
52.95
47.39
47.52
48.76
41.18
53.59
36.6
47.83
40.51
85.18
57.67
79.36
65.31
65.91
30.19
30.77
46.73
33.54
46.63
67.08
72.55
66.74
63.26
34.88
37.7
32.46
78.75
49.41
54.14
67.45
88.13
66.91
37.04
84.16
43.78
77.44
74.86
54.9
61.33
43.72
72.16
88.76
55.63
89.87
45.14
37.24
89.91
52.56
81.56
31.77
67.69
30.2
60.27
74.19
67.28
67.66
49.6
68.02
81.29
59.8
62.5
80.3
37.31
66.07
58.47
55.04
54.46
67.97
83.86
69.0
45.86
38.27
88.69
48.25
57.97
31.04
78.67
77.59
71.68
51.36
52.42
59.76
54.12
40.11
43.86
49.85
31.19
50.48
79.27
58.15
41.14
71.69
31.3
39.27
64.93
70.34
47.68
46.68
31.24
47.1
87.56
53.82
49.67
67.6
89.35
56.26
35.7
73.05
83.85
70.82
59.84
44.79
56.76
55.33
87.76
32.22
51.88
48.66
88.93
30.39
47.55
88.43
39.55
77.36
63.82
84.36
82.39
64.57
63.26
39.07
33.63
73.93
66.75
77.72
31.09
86.02
34.38
84.28
41.47
45.6
82.31
57.09
71.66
84.0
47.5
38.15
62.43
53.3
77.93
30.3
64.82
60.96
80.98
64.59
89.74
31.59
60.21
88.56
86.74
43.12
79.63
78.32
87.75
60.56
61.75
77.19
89.94
48.55
71.0
70.27
81.44
68.97
57.49
48.65
88.15
50.14
45.31
77.56
59.86
40.99
51.54
42.21
42.54
34.55
68.71
52.28
33.57
69.06
47.81
39.72
87.62
34.49
53.2
66.93
89.6
34.95
85.89
82.85
76.75
36.16
47.45
46.27
62.06
37.2
78.98
70.93
81.66
43.36
67.23
81.06
33.03
63.04
73.63
52.29
51.21
31.94
59.38
65.78
74.42
35.18
55.0
45.45
42.41
44.74
51.63
73.97
56.14
33.79
50.84
36.58
42.71
37.76
88.32
82.81
67.5
45.03
40.46
80.52
34.36
71.59
47.69
59.38
73.72
32.18
40.53
68.83
85.18
45.49
38.98
85.49
81.92
84.59
37.48
85.41
64.88
70.02
57.25
51.32
36.77
43.42
65.26
49.01
37.18
72.58
61.71
32.47
70.35
81.69
76.54
85.48
50.27
35.28
72.85
84.12
49.14
45.92
72.89
73.69
79.77
74.75
54.03
55.38
78.28
46.03
36.53
43.08
60.32
64.23
34.24
48.2
74.96
81.75
37.8
61.12
38.98
73.32
39.42
35.8
56.44
35.68
78.96
79.61
60.7
64.35
37.96
46.6
37.26
42.86
53.67
70.91
73.68
56.67
47.58
78.58
56.25
63.63
46.0
33.99
39.87
72.79
46.59
37.58
68.52
58.68
31.39
89.45
52.93
69.31
89.01
68.08
48.7
59.3
36.17
40.15
48.7
35.09
36.81
80.37
44.98
49.35
40.42
54.25
71.87
86.72
62.33
48.01
60.59
37.66
70.63
49.71
86.69
69.51
58.57
43.83
35.52
41.29
64.2
61.18
30.57
74.64
32.41
34.68
72.71
68.77
42.93
69.77
31.14
46.69
75.57
58.48
81.33
38.62
81.76
59.17
36.09
32.8
30.08
68.22
43.32
38.76
66.09
54.55
56.97
38.04
45.19
35.94
50.1
48.52
76.66
89.2
89.95
53.16
77.59
46.75
38.58
68.4
58.61
65.62
51.98
48.12
85.67
83.01
37.43
69.14
51.47
64.05
42.43
73.42
48.59
71.31
38.59
38.02
50.86
89.83
81.66
67.25
48.53
39.84
74.63
42.25
54.69
61.75
35.55
76.76
86.48
38.8
82.05
59.08
38.15
66.47
85.82
87.44
73.19
59.61
41.2
66.0
66.8
36.67
45.23
48.44
81.58
65.01
44.64
48.6
38.75
32.66
60.58
31.91
89.52
76.34
76.67
75.27
68.47
34.2
57.36
46.74
47.89
52.24
49.24
69.73
30.45
51.98
86.67
45.47
67.28
63.63
59.36
37.33
80.15
64.04
62.32
86.95
34.97
59.49
72.36
77.83
30.05
70.93
87.34
73.81
55.14
82.56
82.72
71.29
69.97
50.66
44.55
67.79
30.47
80.58
84.16
39.84
64.35
40.7
59.67
68.31
53.43
83.69
83.47
61.84
64.83
30.16
50.28
75.65
89.64
86.72
35.68
55.03
33.28
80.25
73.8
85.3
60.1
36.2
65.04
82.03
33.0
78.89
67.42
37.93
69.55
33.73
40.47
33.5
65.06
47.26
47.31
68.79
36.6
67.99
71.87
81.45
70.29
69.21
69.39
32.47
56.5
63.07
69.91
47.47
70.67
53.75
72.92
41.1
48.28
86.98
75.48
83.92
42.01
86.57
74.65
65.43
30.77
33.11
76.35
70.14
42.82
56.48
69.36
30.92
70.63
54.09
35.69
39.81
55.6
67.58
50.66
36.61
79.58
60.02
46.97
71.0
50.18
51.7
46.66
51.66
45.74
88.94
45.45
68.82
41.53
63.41
60.54
63.22
51.38
82.25
47.87
82.28
54.38
69.14
30.6
56.46
68.98
47.86
49.29
53.82
46.15
66.18
32.95
79.87
87.6
39.94
43.51
86.93
39.85
36.38
77.6
70.66
70.79
43.6
52.56
39.56
39.7
59.74
70.36
49.24
58.52
50.9
84.89
72.2
67.51
73.82
46.08
85.79
41.97
38.29
84.36
45.59
80.9
47.86
47.67
87.47
87.92
87.71
38.23
64.3
32.19
71.19
70.27
89.54
82.67
43.09
56.63
45.44
32.86
52.95
36.46
75.89
53.37
31.87
46.24
49.96
57.19
70.87
77.27
89.15
81.25
57.46
36.33
69.84
55.34
54.34
50.26
40.13
35.33
79.13
41.1
71.99
73.61
48.44
63.37
72.68
38.07
40.16
73.05
46.79
36.43
61.21
78.38
48.37
45.63
42.47
58.6
64.37
38.07
78.09
61.8
63.77
37.05
67.39
70.7
54.23
65.95
44.01
68.36
61.98
64.97
45.1
77.35
79.56
36.29
82.06
76.55
63.19
33.31
61.4
58.12
43.41
80.01
49.23
64.82
57.03
82.71
60.06
46.68
73.33
76.04
86.08
74.77
32.98
79.74
58.94
38.77
88.71
69.0
83.54
40.66
76.59
65.79
53.18
42.82
50.44
62.05
73.98
56.16
53.55
30.51
86.96
76.24
89.75
85.22
81.78
33.48
66.94
43.52
82.89
79.19
40.22
77.19
89.21
51.45
51.91
31.51
73.62
79.61
32.8
86.72
34.41
64.13
85.64
85.7
38.0
88.28
46.23
50.5
70.51
36.73
62.06
78.96
59.77
33.66
78.3
44.42
78.34
86.29
75.29
31.99
69.57
46.33
41.94
75.65
47.37
38.62
40.25
70.64
57.45
42.52
34.78
86.24
89.85
53.65
44.92
32.51
48.44
64.96
61.46
54.68
51.73
88.69
60.02
30.53
71.95
64.99
39.49
72.5
31.19
73.53
38.97
89.07
60.68
30.64
80.28
79.49
75.8
62.28
43.11
68.4
80.88
59.58
34.03
88.52
70.6
88.91
41.22
42.2
36.03
42.63
36.5
46.38
64.82
79.18
35.78
39.45
47.39
50.6
83.35
43.61
37.68
82.42
82.96
77.11
52.88
84.77
56.36
77.49
56.09
58.91
81.62
30.06
46.44
68.63
85.32
30.75
57.86
60.99
89.96
71.83
37.58
63.32
39.24
73.57
51.8
69.66
83.67
77.5
77.81
46.83
65.46
41.26
43.26
72.47
54.41
83.31
59.23
34.14
54.88
38.04
89.67
31.43
63.7
51.86
66.41
62.35
85.09
40.95
37.18
82.22
85.91
51.31
87.38
50.57
65.06
70.0
89.64
40.22
47.68
62.77
42.88
64.8
76.69
82.75
50.17
40.35
71.14
71.19
56.27
65.62
77.91
73.99
70.37
69.71
73.45
66.45
35.07
64.97
83.38
32.26
53.94
53.58
45.24
64.47
40.24
84.98
39.34
87.9
30.7
59.28
32.17
82.63
77.92
43.5
38.28
42.72
34.7
44.22
34.09
81.15
81.18
62.94
85.19
51.02
40.73
48.26
37.42
79.34
75.63
41.39
62.73
46.84
37.87
44.72
65.99
69.04
41.21
76.43
64.49
55.76
68.78
50.0
45.83
85.58
83.95
58.51
66.23
69.42
69.34
61.69
48.76
83.37
63.72
84.44
79.7
68.98
72.63
84.67
67.88
58.1
56.54
88.79
75.1
70.28
35.76
65.28
41.33
53.39
63.44
30.48
81.74
56.32
67.36
42.12
72.07
48.6
60.97
49.39
68.67
81.02
68.46
40.69
44.98
61.36
46.28
41.73
32.8
36.25
63.89
41.68
59.9
68.51
45.01
86.97
45.4
39.73
57.41
56.53
81.5
32.84
46.35
82.74
75.52
30.23
61.67
44.68
89.3
89.01
85.64
30.6
84.3
49.6
68.51
56.95
51.28
47.22
55.67
47.82
85.56
56.22
86.68
52.29
45.6
78.55
61.23
39.77
85.68
87.73
71.29
88.31
70.45
67.39
79.56
34.06
56.57
55.83
67.25
50.83
57.21
80.97
86.87
59.05
72.31
62.84
82.06
45.7
81.81
60.91
57.37
87.12
48.3
34.95
70.31
45.78
68.51
33.36
63.74
44.23
34.52
33.33
87.45
45.92
64.91
59.08
51.77
62.56
63.58
80.24
53.17
51.17
70.75
52.31
60.66
40.39
47.03
42.07
80.44
77.88
53.53
56.42
54.64
41.57
77.0
79.74
66.59
74.53
69.16
36.16
63.06
50.82
43.21
69.89
83.33
89.99
64.64
70.34
69.09
71.7
44.77
39.56
54.45
57.95
75.8
67.36
63.14
59.91
43.38
52.37
36.56
33.95
30.79
35.26
65.69
88.29
31.72
76.99
69.92
81.52
86.72
78.78
77.87
35.18
51.54
66.99
31.02
58.48
30.5
74.5
45.94
75.3
58.8
36.48
85.16
71.88
73.46
43.85
37.54
87.27
50.78
44.07
82.7
57.8
69.25
45.98
88.15
58.44
55.46
33.88
72.48
62.46
87.97
37.66
53.46
45.24
70.06
34.3
89.56
72.86
52.88
52.1
58.83
71.87
65.49
59.04
41.72
40.43
84.95
63.1
64.79
55.97
72.49
78.1
54.67
33.16
45.14
79.3
63.61
82.88
52.91
48.9
30.09
40.81
50.11
34.77
66.28
89.38
33.49
53.51
54.0
34.19
41.13
57.17
87.33
64.21
35.99
74.53
81.44
78.49
79.1
78.71
43.37
65.65
39.76
49.7
55.04
55.92
56.27
77.01
67.21
68.51
76.12
42.41
57.87
81.31
72.34
82.81
57.19
75.95
45.96
82.07
47.8
50.44
73.06
74.87
33.16
39.01
44.98
89.99
79.35
72.9
87.81
71.23
71.5
83.89
48.12
30.11
72.9
39.37
47.23
79.35
76.67
58.49
36.26
47.9
58.53
76.09
89.08
67.53
33.2
43.27
45.57
68.07
31.11
60.39
89.74
76.12
76.16
74.72
71.0
47.9
76.97
68.75
43.73
88.74
89.07
52.43
75.19
70.88
65.03
40.85
58.07
73.8
89.3
66.82
75.13
84.83
66.83
75.87
57.48
47.51
59.58
35.34
85.8
48.63
57.66
69.2
60.27
46.97
89.06
80.9
36.17
52.04
41.66
58.72
42.53
48.74
61.25
38.65
81.66
51.76
84.86
31.81
76.3
81.9
89.07
37.91
56.02
75.62
60.81
79.25
89.03
75.4
74.53
64.07
57.79
80.1
43.97
81.69
80.24
74.23
71.75
30.48
89.43
53.51
52.79
89.3
44.51
87.19
53.11
35.89
61.38
72.37
66.54
87.13
53.02
56.52
44.76
64.67
86.38
50.74
36.9
51.97
82.99
84.01
37.32
75.87
38.5
83.07
58.51
83.93
34.47
34.58
86.12
76.34
38.73
83.43
81.23
62.27
39.9
55.35
63.02
42.57
81.51
80.01
31.4
31.18
56.21
85.45
76.09
87.51
47.04
88.09
61.89
66.66
43.73
57.68
75.37
51.07
34.18
80.27
32.0
35.78
68.23
70.11
62.99
34.67
76.61
65.89
70.23
30.17
35.27
73.26
70.67
41.9
60.29
48.74
67.49
77.85
41.28
68.96
56.06
41.57
53.79
36.25
69.46
89.89
74.0
81.12
43.55
36.37
30.13
73.78
79.39
41.35
58.7
65.1
87.49
84.84
30.94
32.95
87.53
33.49
64.92
34.76
70.01
41.05
32.05
46.73
61.88
62.1
75.81
33.63
30.49
72.85
87.25
41.56
38.99
50.58
72.13
75.71
86.2
78.12
31.67
42.38
51.33
86.81
66.34
89.78
49.06
85.28
71.92
83.22
85.36
57.18
82.32
88.99
70.03
45.54
46.16
75.14
49.72
54.66
61.59
84.7
72.68
47.46
38.02
47.39
50.01
73.96
55.51
89.88
32.07
51.26
35.16
51.4
56.02
83.47
55.52
31.53
87.31
38.72
76.42
42.02
85.4
43.59
81.31
54.87
56.83
67.75
59.25
50.2
44.56
45.97
72.21
36.52
63.69
52.77
51.19
72.93
60.19
34.63
84.57
83.88
55.52
30.83
33.62
59.5
34.89
56.59
41.38
78.15
52.05
52.71
31.5
69.23
76.41
45.81
67.01
68.81
67.78
71.9
77.1
75.48
64.44
86.33
76.83
83.45
60.47
72.03
81.78
62.39
82.44
73.51
75.23
85.64
49.82
65.68
46.36
61.75
56.62
57.45
42.51
67.53
77.73
46.12
37.44
45.32
75.31
33.8
67.07
79.19
78.1
89.25
77.4
38.09
50.83
43.02
52.58
68.21
47.39
37.73
72.85
37.03
86.87
67.11
75.86
79.46
68.58
72.12
77.42
57.25
30.17
88.02
44.56
38.98
85.15
62.47
46.54
85.91
81.32
57.35
87.37
35.59
86.26
57.62
57.69
57.2
55.83
62.24
89.71
30.87
60.0
47.02
40.29
85.51
53.07
62.78
85.82
58.76
47.29
35.81
65.9
84.7
34.85
56.76
69.88
36.04
34.72
42.27
37.88
52.67
54.61
57.16
59.47
33.5
69.78
74.02
38.23
43.62
46.83
54.97
54.09
42.34
34.41
47.43
76.75
33.5
51.97
41.57
72.75
49.89
53.84
85.03
66.67
79.43
71.09
87.6
64.29
45.0
71.66
79.22
88.05
67.07
79.32
72.64
76.5
65.87
47.46
35.26
73.19
79.77
76.27
32.38
33.3
36.19
79.47
66.64
65.38
42.8
34.59
77.77
79.7
45.08
79.56
48.78
78.72
34.12
50.68
76.22
47.33
32.42
39.02
87.7
66.01
40.62
68.86
67.4
54.47
70.01
36.71
49.28
32.25
84.87
83.58
42.24
72.46
78.78
54.43
79.02
59.54
77.83
75.44
63.71
60.44
47.57
54.69
53.5
36.2
61.44
64.82
88.14
46.97
53.97
63.11
81.18
45.48
44.06
61.91
37.71
71.79
81.59
31.77
41.7
64.75
79.67
59.4
77.06
55.34
53.25
40.9
39.1
74.72
40.16
54.46
62.7
45.86
79.94
54.29
52.6
40.69
43.19
47.48
50.96
72.08
89.78
60.39
72.32
44.62
86.83
78.62
71.1
48.8
34.9
88.09
73.51
38.19
63.11
66.66
56.61
58.31
62.76
78.09
78.7
87.64
40.31
36.61
66.63
72.23
50.4
89.09
80.47
59.59
73.45
57.18
41.98
39.56
47.4
83.74
52.54
84.4
77.89
66.41
83.85
41.37
34.57
75.02
84.32
52.99
30.28
75.98
51.9
65.14
42.56
70.88
61.91
31.69
30.37
56.26
39.84
84.34
36.26
72.97
51.0
86.1
37.98
76.66
87.55
87.42
45.37
47.79
38.97
52.36
70.93
30.65
69.02
31.07
70.04
80.43
51.61
54.4
73.66
78.56
89.98
62.44
81.28
33.37
36.43
82.22
52.71
43.56
54.31
61.54
49.45
41.86
32.22
76.06
84.24
31.03
50.97
83.56
31.24
73.89
44.6
76.38
70.76
86.47
48.4
39.09
59.7
89.09
32.43
40.7
81.44
71.18
55.49
59.62
45.35
87.75
50.58
52.79
58.14
42.82
41.79
66.04
76.48
75.13
63.94
68.34
63.82
82.5
53.25
37.4
56.13
82.25
84.05
65.37
33.73
73.34
69.18
57.1
39.78
66.39
58.94
33.63
53.87
86.32
54.69
55.76
63.45
47.83
34.41
66.08
59.7
70.99
58.58
44.84
53.06
30.81
39.31
77.16
85.9
51.91
85.65
68.13
46.83
65.99
78.49
77.15
83.11
77.23
71.73
53.02
40.78
36.76
78.76
76.0
83.67
34.24
68.12
73.23
54.75
61.89
59.79
56.1
47.44
89.34
83.0
77.19
80.51
80.24
34.49
64.49
58.24
41.92
45.67
38.48
58.4
45.38
42.75
62.92
42.76
65.38
39.33
72.34
48.19
75.8
77.79
89.15
30.99
78.59
58.91
37.36
75.46
33.95
82.06
67.94
41.32
70.85
40.04
63.92
30.3
86.23
33.84
74.99
72.3
69.09
32.35
69.33
66.77
67.96
62.3
49.83
44.05
57.38
53.09
71.26
46.24
77.5
88.79
71.91
60.74
40.28
88.93
46.36
64.1
56.55
41.96
76.85
37.07
55.79
42.68
62.97
81.65
83.45
61.83
44.5
53.01
71.33
47.27
39.21
46.7
37.29
46.6
32.61
33.74
81.51
40.7
80.63
89.75
53.43
56.87
47.16
37.15
68.21
80.88
70.16
36.56
66.4
68.36
71.38
34.17
71.89
66.28
82.09
39.91
33.73
78.77
36.18
52.81
82.14
46.7
56.5
66.85
68.35
65.65
33.64
76.7
77.7
36.26
74.38
60.23
30.76
71.65
57.65
37.6
40.55
75.47
86.72
39.84
54.14
49.18
65.21
41.72
64.74
79.87
68.47
41.66
74.94
57.61
36.78
49.63
44.49
80.61
43.62
60.71
69.14
33.38
38.46
77.23
50.63
72.12
75.56
68.56
64.9
59.7
53.58
38.97
88.37
68.52
41.66
80.19
79.35
75.18
36.94
31.07
72.49
42.27
80.44
70.36
52.46
59.25
60.16
52.74
40.76
89.66
74.95
39.38
32.07
50.66
63.27
86.28
37.94
56.41
40.72
34.18
66.08
36.23
73.21
63.21
43.95
77.67
71.98
67.58
42.83
72.39
62.44
62.06
37.17
38.11
31.94
44.73
59.6
51.54
72.77
54.45
35.59
73.48
41.05
48.9
60.04
63.25
47.7
57.64
34.0
39.6
65.94
30.27
41.04
67.7
43.94
79.08
53.55
72.85
83.1
56.89
70.5
80.6
44.78
83.11
81.62
33.63
58.26
36.67
83.17
44.38
52.26
86.28
63.72
85.62
57.7
88.97
87.32
31.21
54.37
87.0
78.86
42.72
83.09
42.09
86.17
34.98
86.78
34.94
43.67
63.97
41.28
53.35
40.14
63.47
66.66
43.23
47.49
74.29
35.2
57.17
47.4
54.74
80.13
88.75
40.82
33.67
41.82
82.35
82.77
47.2
49.79
69.84
50.51
84.24
78.06
51.47
88.34
74.7
75.44
87.62
55.84
32.48
89.46
86.12
87.97
58.43
39.87
41.75
58.4
70.52
57.91
53.68
87.81
68.86
54.44
71.39
77.51
52.04
58.51
68.51
68.26
40.53
59.82
45.55
84.82
59.79
76.0
32.65
52.9
39.53
53.58
77.7
85.61
84.97
37.13
48.09
69.62
42.21
33.09
87.22
49.77
55.19
46.35
49.51
87.84
41.51
59.7
68.29
43.46
72.94
70.95
87.28
57.62
53.08
51.67
51.86
32.26
44.17
37.2
82.84
33.37
51.91
43.17
68.74
49.58
31.0
83.63
68.19
30.08
70.78
42.98
87.82
56.69
43.39
31.81
33.52
33.39
31.89
62.91
80.8
50.76
50.92
36.24
30.07
87.11
57.46
74.24
82.09
36.72
45.76
60.12
47.84
33.2
83.57
44.99
34.37
55.34
78.26
40.11
56.21
41.13
79.09
61.37
64.7
74.85
86.38
36.35
80.73
58.45
68.43
81.17
49.6
82.17
67.89
46.74
85.19
33.47
65.43
31.01
34.9
36.01
83.66
63.52
45.6
53.44
80.28
64.21
31.9
82.27
62.31
41.77
72.91
62.03
41.36
69.01
68.48
87.28
45.86
62.9
49.26
47.89
60.34
72.89
66.29
37.04
85.34
72.52
64.76
38.65
38.09
47.61
85.39
38.82
69.28
68.69
35.52
72.44
58.57
60.05
30.33
83.81
66.62
66.27
53.35
72.11
79.98
59.7
62.7
42.5
51.19
58.09
69.68
85.9
38.22
61.74
66.66
79.53
80.61
69.64
41.68
76.79
64.71
87.68
87.19
63.1
86.6
31.54
84.93
87.87
88.74
76.68
40.84
88.48
55.68
58.27
30.91
50.6
45.43
56.99
46.15
56.84
38.85
87.12
69.85
89.31
30.29
80.15
35.06
76.43
85.35
38.44
87.37
56.18
50.65
77.75
81.18
80.19
67.44
47.77
46.59
43.72
38.79
53.55
81.36
89.77
71.62
39.37
70.41
46.52
73.06
44.18
39.84
68.07
71.11
41.09
60.72
82.84
71.09
70.55
73.41
51.0
42.36
74.01
78.72
83.75
77.71
50.77
58.02
76.79
62.26
63.43
86.55
87.46
75.67
78.57
45.87
65.63
58.68
32.46
83.01
47.74
85.91
68.19
78.78
57.53
41.24
82.48
76.96
75.27
42.77
61.3
49.36
66.77
61.95
40.64
67.42
32.29
34.24
40.97
64.73
75.57
76.95
46.6
53.05
44.03
32.18
59.7
62.7
86.11
72.71
86.06
46.77
73.48
65.9
47.81
42.67
47.46
88.78
31.39
84.29
76.3
62.62
81.49
33.12
62.65
47.13
30.59
67.14
69.47
65.45
53.43
78.26
50.59
66.24
89.76
80.75
68.66
70.45
80.46
40.55
36.61
43.25
74.67
76.18
31.69
33.6
88.89
59.53
62.15
66.73
87.87
39.57
67.98
34.55
60.81
56.42
46.09
56.43
71.9
80.46
77.09
65.09
83.82
71.63
80.3
53.89
71.9
34.47
87.43
67.76
81.4
59.12
31.85
59.52
73.55
33.92
36.02
33.26
37.19
66.86
82.46
58.26
78.53
53.91
81.32
39.45
64.44
61.21
36.17
44.29
59.08
76.31
84.29
74.14
47.58
36.17
61.51
50.66
63.8
53.88
52.75
84.72
70.05
70.18
38.02
53.38
75.77
64.02
57.62
88.37
38.18
39.65
63.79
54.31
58.84
62.87
37.65
46.21
62.23
41.61
80.38
77.01
64.09
59.7
85.77
75.14
32.29
43.4
34.38
89.68
55.33
38.05
51.49
88.8
38.58
51.42
46.55
77.41
31.53
86.8
82.12
51.86
84.08
55.54
47.52
54.42
79.5
63.67
43.03
34.18
66.39
79.1
81.33
79.38
60.81
52.66
88.52
85.34
75.12
55.8
88.41
52.43
71.07
47.66
80.14
81.61
60.55
63.73
86.91
38.53
58.28
61.71
78.99
76.67
66.12
39.34
54.37
35.47
39.02
43.59
50.02
56.41
73.24
31.39
82.32
89.52
87.85
55.5
53.96
61.34
69.88
46.66
69.3
48.55
69.64
69.16
30.05
82.27
41.55
89.57
63.0
53.19
35.5
70.86
51.59
87.78
81.44
37.46
57.46
56.65
72.53
46.38
80.17
86.49
63.14
85.64
49.52
49.04
73.4
56.66
46.57
48.58
79.94
68.82
77.49
54.77
86.33
83.44
32.15
51.9
34.44
44.27
85.54
83.76
33.37
32.15
68.75
44.15
30.13
79.98
53.06
55.03
36.55
58.51
76.57
47.98
79.67
69.01
54.91
60.28
36.71
83.63
83.63
52.95
69.54
75.88
79.54
73.48
60.07
71.87
86.85
58.29
34.91
78.52
73.28
47.82
65.29
34.37
58.74
53.94
45.05
39.23
50.62
86.17
60.82
42.07
80.13
46.17
78.16
31.0
85.4
62.07
75.79
48.85
80.76
71.5
32.83
32.44
51.66
33.11
32.6
52.66
43.85
51.05
54.21
35.14
66.36
50.87
75.64
89.47
52.89
74.52
47.71
78.68
70.98
44.95
57.64
78.37
72.57
31.9
30.09
75.23
57.22
60.69
87.88
37.93
31.93
41.34
72.75
40.93
61.72
81.34
80.42
42.62
83.83
89.63
88.44
83.47
33.79
67.63
56.4
46.76
48.93
86.58
87.12
36.08
42.22
85.08
66.84
72.38
50.85
44.48
56.73
50.45
86.67
39.89
89.5
84.39
64.27
50.55
73.42
58.84
52.5
49.95
34.81
56.08
44.87
31.17
44.0
44.09
48.13
86.72
83.98
31.92
44.29
56.54
46.67
53.71
79.84
64.16
55.16
59.15
46.48
42.6
42.74
77.92
41.61
84.67
56.96
62.01
66.66
48.37
83.73
66.5
83.97
60.45
32.34
31.87
48.46
80.84
45.99
59.07
42.09
75.0
70.18
84.15
51.3
89.09
82.66
56.91
81.62
55.49
77.25
51.6
45.32
74.26
87.88
73.59
88.59
85.23
55.58
60.3
41.43
56.35
76.03
61.35
88.41
36.9
60.46
61.93
38.93
77.82
79.09
83.84
86.22
74.85
80.5
34.38
53.03
47.1
77.63
48.51
60.06
55.43
75.51
64.61
53.68
37.86
39.8
73.29
32.01
56.31
73.8
51.89
69.04
76.14
82.8
43.46
72.26
63.53
57.54
55.11
82.37
40.76
76.71
34.59
62.87
39.6
57.57
58.94
73.92
42.54
47.7
60.06
75.39
62.67
77.64
69.28
85.15
70.13
50.79
36.05
72.26
88.95
59.26
38.11
49.22
54.62
38.24
49.93
77.93
49.03
89.92
47.45
35.95
77.29
37.26
32.86
53.77
84.1
64.23
85.07
82.41
34.56
33.34
47.87
82.99
60.3
87.48
47.92
56.78
31.55
82.42
39.6
89.19
48.27
86.72
70.22
64.49
37.21
36.25
45.95
51.45
67.02
40.07
71.55
33.37
81.91
82.63
83.77
55.48
37.81
60.58
75.51
46.14
70.02
31.13
78.76
43.06
84.74
62.55
52.53
74.24
48.78
72.91
48.75
80.84
88.87
69.47
62.28
57.59
85.75
56.26
78.61
30.23
83.55
53.2
46.71
39.05
34.29
82.93
49.9
88.35
55.26
86.87
69.5
39.24
48.36
86.46
55.75
33.37
50.42
82.57
89.85
31.78
58.26
44.76
88.89
53.04
86.02
66.64
83.51
86.95
36.29
42.1
45.92
62.11
44.47
86.03
40.85
40.26
39.1
56.16
32.71
70.8
44.92
86.01
40.79
34.73
54.15
44.72
82.15
61.22
58.6
76.7
69.16
30.58
71.13
72.74
40.46
72.56
89.63
47.64
32.31
81.03
42.3
76.7
54.42
84.23
86.52
53.76
88.85
31.67
64.14
74.33
55.67
69.52
48.44
34.64
80.09
47.78
41.74
41.99
79.35
33.94
59.87
41.66
69.11
77.94
63.7
66.89
67.41
64.38
43.14
69.21
76.45
79.45
34.76
53.86
52.15
85.41
69.57
58.37
87.58
39.65
51.69
67.74
60.61
65.44
75.7
71.77
69.43
72.92
76.89
42.63
71.29
69.87
72.3
44.67
46.87
76.25
52.68
85.38
36.82
40.35
41.12
47.13
84.04
52.6
57.69
55.37
78.41
52.58
79.95
58.92
44.6
55.85
53.8
44.5
37.35
80.48
60.94
44.57
55.57
66.35
73.18
67.21
44.04
36.62
34.43
36.48
50.75
51.3
88.69
31.36
67.94
60.67
38.74
86.92
78.66
43.25
47.52
42.0
48.51
43.68
45.47
61.0
50.25
59.39
31.84
74.49
85.7
89.79
42.04
53.04
88.42
42.73
62.37
77.96
31.71
36.31
41.79
57.33
30.91
55.88
39.69
80.98
59.18
34.27
57.77
58.81
47.98
52.07
88.23
44.83
70.6
69.66
55.34
85.93
76.17
31.26
59.14
36.84
47.21
44.32
75.33
44.95
89.57
37.7
54.7
59.36
55.97
35.6
43.55
61.25
77.99
71.3
62.67
88.66
75.66
81.99
30.76
42.97
73.19
46.7
51.24
65.44
62.56
43.25
82.72
67.67
71.12
79.71
36.15
58.44
35.18
34.4
73.27
77.38
33.15
80.55
46.88
69.3
71.14
71.78
64.77
36.79
36.7
38.46
85.26
42.63
39.18
89.31
30.26
76.6
80.71
69.73
88.49
50.0
35.28
44.44
35.95
59.22
87.89
61.05
49.52
84.38
66.8
85.8
87.91
86.2
71.53
60.11
47.41
86.48
62.7
89.72
85.1
52.72
82.52
62.08
74.56
58.86
89.36
53.93
35.75
81.49
75.37
37.57
60.29
70.72
54.59
84.52
86.59
82.11
61.85
57.21
65.1
61.02
35.92
77.28
86.46
59.44
33.69
49.37
37.36
88.82
38.21
34.84
61.32
33.9
68.04
82.14
45.02
85.63
68.77
39.75
68.67
34.37
50.97
30.96
56.49
79.92
71.84
41.93
40.96
72.25
69.97
38.53
70.33
76.84
75.98
54.34
78.85
53.39
68.74
75.62
75.33
50.82
64.25
66.84
44.09
30.49
35.96
32.07
47.92
49.56
81.96
37.5
41.11
67.2
58.15
89.6
75.72
46.22
73.29
43.7
70.89
32.19
41.98
36.16
55.74
63.2
45.57
88.71
54.63
63.71
57.81
81.79
52.24
86.59
78.3
34.54
83.0
40.89
33.57
43.3
35.11
67.33
56.85
58.49
67.0
59.9
89.5
67.42
65.17
54.86
56.78
89.37
30.33
39.33
50.58
84.26
86.28
33.46
38.5
82.93
46.34
54.07
30.28
59.49
81.92
51.88
82.86
50.82
69.49
47.62
60.88
79.7
80.9
34.59
85.76
61.31
43.15
79.88
68.11
60.48
78.7
42.23
64.87
87.71
68.23
65.93
31.77
40.96
66.73
72.16
83.99
82.28
51.59
71.39
57.84
58.62
86.72
73.97
88.09
76.49
73.54
55.66
36.39
67.82
58.1
65.43
46.94
41.76
45.91
69.45
87.18
89.52
78.52
87.45
47.03
30.21
41.64
68.07
83.96
84.9
79.84
75.74
48.25
35.26
61.51
50.12
37.69
57.5
61.53
76.46
78.49
58.11
85.24
77.32
55.95
51.02
49.07
57.82
49.82
58.13
64.64
39.96
77.87
36.76
54.26
39.91
48.24
57.5
74.93
67.63
51.64
65.46
47.78
80.31
58.99
73.01
48.72
70.64
85.61
36.47
65.44
60.06
62.46
41.68
31.63
34.28
47.05
81.26
78.41
89.73
74.43
51.07
85.1
77.44
71.94
62.17
73.02
87.53
81.74
41.67
35.86
30.99
72.77
46.73
73.09
41.05
56.2
30.82
36.52
34.89
77.44
84.26
40.47
61.47
39.01
76.76
79.25
77.11
45.09
50.25
42.51
30.2
33.88
89.18
84.79
34.77
57.68
88.47
33.27
70.13
36.39
50.88
32.82
65.9
72.15
32.49
60.25
47.94
72.55
60.62
31.01
45.93
59.25
35.78
83.14
83.79
36.76
83.0
64.35
81.94
67.67
85.01
57.59
89.89
81.45
67.76
53.52
66.94
73.74
50.56
62.46
83.41
87.14
67.09
39.0
76.04
44.86
33.9
52.26
46.13
60.89
30.14
70.78
56.5
45.57
46.27
32.54
43.36
37.11
56.19
59.66
79.41
63.94
65.24
35.84
51.04
77.79
65.06
52.52
55.86
36.95
31.57
38.65
47.8
46.99
72.19
39.63
75.55
72.54
39.09
69.64
49.67
36.38
67.38
77.58
87.75
63.01
63.99
57.79
48.52
38.59
48.01
50.04
74.18
37.72
41.21
88.33
34.25
85.76
38.78
62.2
53.77
54.01
72.1
69.36
86.58
73.1
66.42
40.55
58.6
59.83
68.33
51.96
38.72
82.71
31.94
38.1
57.37
83.33
36.15
74.26
47.19
34.56
83.7
88.34
37.91
83.76
68.89
42.09
70.29
78.68
59.63
84.56
61.71
41.13
72.56
70.61
68.43
82.79
61.68
72.25
87.28
38.27
53.19
43.13
49.43
60.63
80.72
53.97
63.47
78.73
85.69
50.98
40.68
64.93
83.75
44.91
59.97
59.16
85.63
57.4
62.18
38.3
57.49
50.51
43.3
60.52
76.25
40.6
38.49
37.46
75.79
77.28
83.32
87.85
52.64
50.43
89.49
38.53
32.5
53.11
35.28
52.99
54.7
68.32
74.65
68.87
72.43
52.14
57.39
72.86
38.84
72.72
87.09
40.54
53.67
64.88
73.09
45.12
65.07
86.1
51.45
64.14
67.45
83.24
48.66
82.38
70.41
73.02
33.98
51.39
37.08
63.69
80.26
54.6
43.54
48.28
64.39
76.05
71.39
86.53
83.03
36.29
72.22
53.62
50.17
58.55
75.98
55.01
79.26
58.32
33.62
67.82
76.85
48.96
43.33
68.41
51.16
84.35
76.01
57.67
88.53
50.67
56.68
68.94
60.72
50.66
55.07
81.82
41.89
49.06
41.91
60.73
39.65
40.27
80.06
72.18
41.31
53.2
85.01
82.21
69.27
47.04
52.4
69.2
63.63
63.64
55.4
35.41
37.29
80.12
83.05
83.62
58.48
86.13
80.26
53.05
43.38
73.71
73.52
83.41
33.03
51.15
32.09
42.62
53.98
37.38
79.34
42.17
54.68
78.1
37.0
67.18
86.43
57.26
44.41
86.59
33.25
48.7
79.04
39.24
35.05
57.48
49.91
77.83
50.23
70.19
63.61
65.82
60.67
38.13
33.72
62.63
68.97
73.52
73.33
74.42
31.22
43.41
73.78
37.41
41.19
69.58
78.49
39.75
63.05
40.88
42.52
58.92
70.43
64.45
35.55
47.13
86.29
67.66
69.49
42.67
87.49
42.39
45.07
60.61
59.76
31.96
74.63
35.79
33.24
60.43
32.89
42.04
53.46
66.19
76.96
47.37
58.27
87.24
53.41
72.58
46.28
67.39
78.28
84.85
86.25
48.12
42.05
78.84
67.78
54.87
32.18
48.46
36.68
59.52
79.64
48.76
51.46
76.99
57.36
70.09
41.32
45.06
68.1
36.72
40.52
49.06
40.83
88.53
45.37
87.28
80.78
49.96
62.93
50.28
72.19
51.72
57.98
73.13
54.99
71.36
52.21
53.96
49.28
89.37
60.29
43.32
64.03
58.14
76.73
86.15
36.64
88.87
39.89
46.4
76.52
39.33
79.05
70.41
78.32
63.81
89.05
65.58
53.73
87.99
34.42
60.88
67.93
50.73
35.52
54.6
78.63
64.27
75.47
73.06
47.19
45.21
77.46
40.21
63.92
87.39
61.53
78.4
45.37
33.48
50.9
64.5
68.4
62.17
55.98
89.12
71.31
87.23
40.59
89.97
72.18
88.32
66.36
39.24
50.88
33.18
39.09
89.9
84.95
84.11
30.12
57.03
76.92
43.6
55.2
42.29
71.56
72.24
46.96
58.64
57.1
76.68
70.51
34.09
39.06
80.4
87.93
68.18
51.89
43.26
74.61
68.3
84.53
84.19
48.43
78.18
45.22
76.92
40.09
50.86
35.16
47.75
49.09
70.12
72.92
65.28
76.2
57.09
67.67
51.56
61.28
38.46
66.66
42.3
57.65
69.93
55.67
43.39
69.97
81.15
60.02
63.46
53.45
64.99
59.72
74.79
44.42
59.17
48.97
35.67
53.19
87.19
57.63
62.74
74.53
89.09
54.71
61.06
88.11
55.73
77.42
56.63
43.66
86.18
72.72
81.81
36.97
72.29
68.42
59.04
38.53
54.89
67.06
70.65
37.02
56.63
55.53
77.17
32.47
77.13
77.01
71.83
83.99
57.91
35.77
49.89
66.67
49.37
67.98
32.62
34.22
30.63
88.56
45.7
77.73
83.21
39.46
41.95
52.94
60.24
62.08
53.14
65.17
74.17
72.01
31.81
65.6
72.76
42.04
66.22
36.65
69.9
67.22
44.46
82.52
78.39
74.34
57.57
43.61
76.93
42.87
59.22
52.72
42.12
66.88
88.92
58.58
59.97
52.36
43.7
46.95
82.55
86.89
79.57
31.59
66.47
62.96
76.49
76.83
56.29
47.25
35.84
66.68
46.42
87.88
32.8
87.86
59.75
66.4
65.01
75.16
35.45
83.27
77.46
81.01
59.12
71.87
57.44
37.82
48.12
46.7
39.96
44.48
59.91
55.33
49.75
84.4
76.72
30.15
64.22
71.99
33.2
36.84
46.71
66.83
85.39
59.15
88.94
86.2
68.24
57.48
70.89
77.47
86.58
75.21
53.49
59.6
32.82
31.72
46.89
78.37
49.15
37.01
51.37
48.33
89.36
88.28
74.22
79.74
45.23
62.26
89.91
49.39
89.17
41.3
67.21
76.92
65.59
48.53
78.84
42.1
55.82
46.78
59.72
53.24
40.75
74.51
40.6
62.74
78.27
59.0
83.21
55.73
88.24
31.49
77.46
72.47
66.66
47.77
66.64
65.67
38.96
82.79
62.08
35.34
53.49
42.99
40.12
86.78
70.49
48.1
70.7
78.18
49.02
89.09
82.89
77.83
72.91
32.32
31.34
39.89
85.02
43.04
72.07
88.79
86.24
54.02
70.87
75.56
62.97
61.38
43.41
70.55
47.63
48.52
45.94
33.95
80.62
81.78
73.43
85.66
67.88
68.38
83.26
42.51
56.13
72.25
46.12
43.72
83.9
89.76
53.18
44.2
54.27
48.23
79.31
84.06
53.46
65.97
34.73
57.73
30.41
70.27
40.56
82.68
67.8
85.69
86.29
40.15
60.79
41.73
57.19
57.01
74.14
88.57
67.74
78.96
54.22
34.37
60.88
84.24
44.42
45.77
36.29
89.81
54.88
47.93
85.61
78.67
82.62
87.02
81.41
89.14
68.36
44.45
40.03
66.14
51.53
37.87
77.84
50.99
56.71
66.71
54.12
81.98
88.95
53.12
40.7
46.69
70.44
34.94
70.48
61.66
32.72
54.64
43.83
37.81
86.45
47.46
59.64
66.72
67.74
52.88
46.17
63.89
77.68
83.7
65.49
61.73
87.95
42.18
31.01
59.55
33.48
33.55
31.98
67.1
67.55
45.34
56.99
55.13
59.58
41.97
78.76
47.29
49.6
69.04
88.89
42.26
51.47
52.46
61.75
80.1
73.53
42.32
72.76
37.56
41.51
53.63
50.69
82.19
89.82
42.19
69.45
64.95
76.16
71.98
46.53
80.45
58.73
85.98
63.62
47.45
83.77
79.58
86.82
83.61
44.71
78.92
65.65
54.2
30.46
71.86
81.23
66.25
48.64
33.46
69.54
54.22
59.81
63.86
76.11
62.21
61.56
58.88
55.66
67.38
31.46
73.39
48.88
52.36
66.85
44.84
69.53
37.66
68.97
73.03
71.97
76.45
61.01
81.89
44.01
53.0
87.39
77.34
74.56
72.67
36.63
87.04
47.55
38.66
31.12
53.21
70.36
53.51
78.52
40.89
40.18
45.98
33.26
80.34
38.1
52.8
57.78
44.09
83.07
74.15
31.69
56.32
38.27
68.34
59.6
78.51
71.05
79.11
82.58
40.84
65.01
39.55
44.6
43.65
51.19
77.27
49.04
74.71
30.05
64.72
46.87
74.51
89.47
61.94
61.98
88.46
51.55
53.78
71.8
59.59
76.13
54.68
71.33
76.21
68.57
42.13
60.97
87.99
36.25
72.31
77.29
70.5
36.76
34.49
60.4
49.26
53.43
46.37
79.18
81.0
30.98
78.8
70.4
57.26
34.97
70.12
45.8
62.98
43.31
82.67
50.95
71.2
59.61
84.86
43.67
87.32
75.14
72.06
80.44
69.1
36.61
71.91
56.26
63.21
54.5
40.27
59.09
33.77
33.22
61.99
40.82
67.42
41.46
78.31
38.78
56.64
57.94
67.21
