23.36
4.42
6.29
2.72
15.37
3.8
2.84
19.71
17.82
21.83
14.14
6.43
18.41
11.88
11.95
4.82
18.8
21.63
10.42
5.22
3.49
3.1
8.19
19.81
22.92
20.04
9.48
15.87
3.39
18.9
16.69
11.65
18.89
17.69
22.49
12.33
20.34
15.47
17.76
3.69
8.5
5.7
2.99
12.98
3.72
5.17
12.02
14.38
6.23
3.29
19.01
18.37
5.95
18.26
5.59
15.64
17.55
8.66
6.63
14.62
0.94
24.48
1.37
23.25
24.81
3.08
13.98
17.22
20.1
1.2
9.14
5.45
22.18
24.3
16.17
15.6
11.3
5.2
5.03
10.7
3.58
9.39
17.19
22.09
13.84
13.46
4.82
20.22
14.66
23.91
16.22
14.89
7.28
15.13
16.66
7.26
1.48
17.14
12.49
9.76
17.94
18.41
8.1
1.45
5.15
23.06
7.35
3.79
21.82
0.97
20.19
19.36
14.16
15.91
4.13
14.16
13.58
4.47
18.55
0.91
8.88
16.27
20.0
14.18
22.99
9.18
24.14
5.76
12.02
22.94
13.75
16.01
22.99
23.59
5.55
19.81
23.93
0.95
12.56
21.07
10.49
12.23
23.89
17.09
15.48
19.47
19.82
19.43
5.93
0.11
13.96
1.13
0.04
24.89
14.51
17.26
24.72
10.26
22.1
18.14
7.92
2.11
15.85
24.48
13.86
23.87
1.98
23.38
23.46
9.89
2.49
24.12
21.94
23.98
7.1
7.85
12.44
14.57
14.66
5.29
0.72
23.09
18.64
2.96
15.42
4.78
1.01
4.29
18.1
12.33
7.27
18.71
11.91
9.09
1.93
2.96
6.76
6.76
5.29
2.55
15.43
12.28
15.87
11.86
15.1
21.52
1.3
13.97
7.36
4.89
6.92
21.7
21.51
2.95
22.32
18.62
0.82
18.94
0.38
11.37
6.51
13.59
20.56
1.2
7.92
11.45
19.75
10.0
2.91
1.21
15.32
1.48
20.51
20.37
24.84
12.01
8.92
23.97
20.04
5.91
20.65
21.46
21.53
20.8
7.52
8.33
22.22
6.22
10.56
2.06
18.4
14.11
17.13
7.92
18.11
13.94
24.45
0.11
16.39
5.82
3.49
14.13
9.79
12.85
6.41
19.3
15.97
14.57
17.77
18.97
13.91
3.4
6.56
2.58
4.09
1.95
13.22
17.71
3.65
1.15
11.38
24.25
15.02
20.3
5.05
23.18
10.88
7.47
13.08
19.94
19.7
9.58
4.4
3.68
6.76
23.22
5.33
15.65
6.5
20.84
17.3
21.28
11.41
14.36
5.83
2.97
22.29
7.11
18.29
5.26
10.19
24.71
2.67
5.8
18.35
2.72
21.18
0.62
12.57
9.42
3.22
16.1
24.12
14.73
4.99
2.45
20.01
21.19
15.27
0.2
2.44
17.29
7.43
6.93
9.4
20.0
19.72
6.55
18.92
6.8
4.39
22.76
10.73
15.66
3.81
2.62
18.65
18.85
16.56
11.18
21.54
1.5
19.99
6.95
22.63
5.06
3.04
7.6
8.04
16.43
3.87
7.57
15.14
7.14
9.92
3.29
2.78
18.53
1.66
24.14
17.75
19.62
12.13
5.5
23.37
24.43
24.3
8.59
9.17
8.18
3.39
15.22
19.14
21.69
11.29
1.28
8.93
3.98
13.59
17.19
9.81
21.07
18.5
7.74
1.58
9.21
17.7
21.55
14.57
7.22
6.04
1.84
3.24
22.51
3.12
11.94
1.53
1.63
10.08
2.23
22.19
2.15
18.44
21.1
10.18
2.28
2.65
23.66
15.53
1.74
15.33
1.57
12.06
22.13
12.79
8.97
5.58
8.74
22.24
7.62
9.14
19.82
1.08
14.86
0.76
0.06
8.88
4.68
2.2
19.12
17.31
21.78
5.55
12.02
24.71
11.96
12.75
1.94
20.38
11.69
7.76
17.48
13.61
24.44
11.63
22.8
12.27
11.42
1.57
21.85
22.7
0.01
1.48
9.05
5.43
8.36
5.0
18.45
0.11
21.56
4.45
14.18
15.71
7.96
13.63
13.21
2.67
10.96
20.88
23.71
1.86
5.25
15.18
9.62
2.81
1.77
21.3
13.66
8.6
17.81
19.48
12.02
6.12
6.86
5.01
12.95
10.75
10.79
13.32
15.04
4.2
9.56
0.41
20.27
5.27
24.23
21.87
16.11
6.14
0.07
11.59
12.75
18.46
0.75
12.88
18.91
10.84
11.46
20.28
11.6
16.13
19.22
21.53
17.93
3.26
18.08
0.9
18.71
8.79
6.28
23.01
23.04
7.07
13.65
9.18
3.24
9.69
17.38
2.73
7.32
3.13
2.51
1.84
10.31
16.92
10.99
6.55
18.43
8.07
1.32
1.08
21.69
1.05
6.45
8.42
8.31
20.78
10.05
19.01
2.06
19.98
10.48
9.38
12.22
12.24
23.68
12.24
3.95
2.15
13.91
21.22
7.9
20.64
7.97
13.68
20.33
9.47
8.3
1.89
23.13
24.64
14.77
20.45
15.54
8.08
8.29
17.69
17.01
24.66
0.97
18.49
13.84
20.43
0.37
18.14
5.63
12.85
17.73
20.14
18.42
20.24
0.18
10.39
1.61
16.01
6.11
0.34
1.12
4.08
9.51
14.21
13.65
20.37
8.42
6.11
19.12
10.53
23.11
9.02
14.67
18.95
15.34
24.79
8.9
1.64
9.7
3.5
2.49
20.38
8.26
7.52
5.1
24.44
3.87
17.65
3.92
12.5
13.33
21.04
11.45
20.56
7.11
4.91
22.03
5.16
18.71
2.35
7.17
3.11
10.15
19.06
17.24
5.87
13.03
11.61
18.65
1.74
18.55
5.1
16.5
2.44
18.57
17.6
6.73
22.43
11.82
15.1
6.64
12.93
1.03
5.48
3.59
4.94
2.22
7.58
20.67
13.54
13.98
11.06
18.08
22.75
18.39
4.99
2.02
1.44
21.63
9.84
2.12
22.82
9.98
20.83
6.42
6.14
24.37
6.01
22.58
10.05
6.35
12.1
7.46
0.93
3.95
3.37
12.36
5.77
2.74
0.52
4.9
19.46
19.28
23.43
15.96
7.34
13.86
9.86
2.63
4.1
17.81
24.17
16.67
16.85
20.09
19.67
17.64
20.37
12.83
3.58
18.82
5.62
22.79
1.81
3.67
11.22
14.75
13.79
6.14
6.97
9.31
10.25
20.71
1.14
19.93
22.83
19.23
22.01
16.26
3.18
16.69
5.79
15.61
19.93
4.88
21.84
23.16
1.33
16.28
13.8
1.66
15.48
11.28
0.99
18.24
24.87
18.36
16.31
22.68
18.92
20.33
3.45
2.47
22.53
22.77
5.49
20.87
23.99
6.57
4.18
7.11
15.93
22.8
16.52
5.19
8.37
12.54
4.23
17.77
18.63
13.26
14.96
6.52
7.24
4.27
13.29
8.98
6.15
1.27
13.6
1.93
18.11
14.87
9.18
16.44
14.97
12.73
23.36
24.08
19.87
21.46
10.24
24.03
10.9
20.9
23.46
18.56
3.42
21.64
2.92
22.78
24.16
18.16
21.27
1.82
6.74
16.6
21.56
22.49
11.95
7.69
9.16
10.34
14.66
17.9
1.02
17.05
18.0
16.98
20.76
24.82
8.97
3.98
20.97
1.1
4.51
24.11
22.46
9.42
21.13
4.23
22.56
10.61
6.58
21.0
6.16
7.09
13.53
13.15
8.81
14.91
5.39
6.47
8.72
11.96
16.4
9.89
13.55
23.85
4.64
4.12
14.71
23.95
18.7
6.43
19.66
8.1
8.23
6.82
14.73
0.01
0.52
18.48
1.48
18.73
7.35
19.91
15.67
19.31
11.5
21.26
7.55
7.08
0.46
5.18
8.3
20.42
3.27
13.36
6.87
14.79
24.99
20.23
5.35
23.15
8.6
16.33
23.57
21.41
11.3
2.96
11.85
15.83
5.67
3.08
24.13
20.28
14.53
14.36
18.86
18.71
4.45
7.84
16.13
18.86
1.28
17.72
0.36
7.13
23.83
10.85
12.29
18.49
14.6
7.57
14.75
13.6
3.21
18.61
15.19
1.59
3.61
3.27
1.75
5.24
14.35
3.04
5.49
23.02
15.61
14.2
5.93
12.99
5.3
13.14
19.19
15.49
7.41
17.52
8.79
6.04
8.76
12.42
18.37
24.63
24.62
17.82
1.68
13.83
4.7
8.41
13.4
8.17
19.64
0.96
9.84
18.01
24.55
13.82
21.09
12.29
24.99
22.22
16.04
13.46
23.24
17.0
22.32
11.38
11.1
24.35
20.99
13.49
22.33
2.14
9.68
8.19
22.05
11.75
11.7
2.73
15.14
11.76
3.86
20.45
15.04
23.48
12.65
15.72
8.76
13.21
8.61
2.5
2.0
8.51
2.31
4.82
4.2
18.51
11.44
1.47
5.59
1.66
5.42
16.59
19.87
20.82
3.97
17.38
2.88
24.0
10.17
0.88
3.39
20.92
8.53
0.53
15.66
24.27
0.82
17.62
14.92
0.16
13.65
4.0
20.03
8.21
5.43
9.69
19.75
6.4
13.4
17.28
7.48
16.05
23.81
13.58
4.42
15.93
24.47
18.93
5.61
9.28
2.45
12.38
8.14
13.85
3.78
24.58
9.1
12.86
24.99
8.46
9.28
20.09
1.85
6.57
12.27
14.35
20.65
18.75
17.99
9.65
24.31
20.76
11.79
8.56
0.07
9.67
1.35
7.63
4.93
8.17
1.53
19.41
2.2
17.95
23.38
12.25
19.62
23.59
13.46
6.6
0.54
10.84
3.84
21.37
19.8
18.36
2.35
16.19
7.8
12.17
24.27
2.34
16.39
23.2
1.28
15.53
14.78
14.82
6.89
18.04
21.22
7.64
4.48
23.8
20.72
23.35
3.22
21.89
21.02
11.32
10.13
10.59
15.01
15.16
20.14
9.08
0.86
7.88
16.88
21.53
6.98
18.04
10.84
2.16
2.21
4.27
17.68
21.07
1.71
7.04
22.41
16.15
8.54
15.41
8.23
3.9
0.01
18.7
11.31
21.14
20.1
0.9
13.1
8.51
22.74
24.44
6.05
5.22
3.68
22.5
11.16
5.63
7.64
10.12
24.51
22.39
12.32
21.63
5.98
13.18
19.57
4.2
13.01
8.74
19.4
21.5
3.36
19.99
16.19
24.97
9.06
10.91
13.58
19.87
11.95
4.71
20.78
5.44
3.39
10.18
14.36
20.74
4.13
2.92
24.04
19.38
10.43
18.49
3.91
2.11
9.72
20.56
5.71
2.97
14.44
24.05
6.48
13.55
18.47
8.79
8.41
16.6
11.23
23.03
3.63
9.57
0.74
4.82
10.62
9.23
8.2
0.85
14.62
22.23
7.13
7.55
16.88
19.36
23.07
7.94
8.21
14.53
6.42
5.35
8.8
5.04
3.81
19.2
20.59
24.63
8.42
21.07
1.76
12.5
2.74
6.37
4.45
11.21
10.6
10.65
5.51
20.61
4.03
19.13
22.56
8.68
17.1
19.12
9.0
11.57
0.43
5.29
13.14
5.92
6.45
8.97
16.18
13.32
3.12
11.81
3.68
10.77
22.42
12.71
25.0
9.57
4.28
21.62
4.69
13.98
10.45
23.63
23.0
16.34
21.62
5.65
11.81
24.09
9.44
15.99
6.51
14.31
10.73
1.34
18.01
5.04
15.24
15.74
18.47
12.11
20.64
9.88
9.44
11.07
21.88
18.24
15.59
17.58
19.04
15.85
11.65
5.65
23.1
18.02
6.08
22.13
18.3
15.22
10.6
12.0
12.04
14.61
8.86
10.69
8.69
24.31
11.92
18.66
10.74
21.16
7.96
7.26
1.05
11.7
18.84
6.4
8.64
4.76
2.64
22.02
14.22
21.9
0.55
0.21
14.16
12.79
8.36
9.69
0.67
19.36
10.33
18.27
23.43
0.22
18.45
22.0
21.48
22.94
4.37
2.27
0.14
14.14
20.65
17.94
18.91
6.96
22.49
21.23
1.95
21.31
20.59
12.27
17.29
4.7
21.15
20.51
22.38
0.58
21.04
2.66
5.73
1.16
3.37
15.36
4.2
20.62
7.99
11.37
21.4
10.03
13.21
0.81
9.11
9.32
20.53
2.49
3.04
18.11
18.81
13.07
8.67
14.59
17.58
3.5
11.84
18.3
6.54
12.92
10.38
2.61
19.89
2.34
13.66
0.94
7.53
0.08
23.96
8.32
24.4
12.0
22.68
4.69
1.15
4.45
15.12
24.11
1.01
16.34
2.59
13.47
16.26
13.98
13.66
20.59
11.23
1.52
12.8
12.48
20.73
23.56
22.9
21.54
10.71
5.06
4.35
19.34
23.82
18.96
19.81
24.11
23.39
2.94
21.64
22.56
2.64
22.1
17.59
17.99
24.09
9.48
18.68
18.29
19.13
12.79
13.15
21.63
5.44
15.43
12.87
10.37
22.26
1.16
8.93
18.21
11.32
19.72
12.33
3.72
15.93
8.38
4.0
15.34
21.14
10.87
7.54
23.91
17.26
9.53
7.49
3.52
11.6
8.39
24.89
10.4
4.21
7.04
0.12
13.99
22.27
14.81
2.11
19.38
4.24
6.85
5.05
23.63
12.58
18.4
20.03
13.12
16.53
7.16
24.43
4.12
1.63
8.49
23.87
12.0
1.75
17.22
24.74
0.12
11.91
19.87
11.27
8.53
5.14
3.34
2.47
19.37
7.82
11.37
21.17
9.95
1.86
10.45
14.3
0.37
14.53
3.74
2.75
17.72
3.69
2.5
11.32
10.22
16.33
23.74
2.34
23.46
18.46
6.87
22.35
1.21
24.59
19.44
8.24
17.12
24.34
8.64
11.08
21.08
11.23
3.05
16.26
8.67
23.57
2.67
12.33
18.5
22.4
18.73
23.39
18.71
7.54
20.96
13.51
17.71
7.37
24.54
15.35
21.49
22.87
13.24
18.99
23.23
6.42
7.68
21.41
8.07
5.87
1.28
9.77
21.93
6.67
24.77
0.7
5.86
14.38
19.9
13.5
1.5
9.98
21.53
2.22
12.88
16.14
24.9
5.42
23.59
11.5
1.42
21.32
2.24
2.42
0.09
9.91
5.14
4.06
21.48
12.02
11.25
20.08
10.66
3.34
2.56
8.32
18.39
15.05
21.84
3.84
11.98
20.76
18.14
7.15
6.84
10.25
0.46
4.0
9.11
18.17
15.78
24.84
8.57
21.4
8.64
6.31
12.38
12.15
7.79
22.23
23.21
13.4
16.32
17.07
7.34
16.89
10.09
10.52
21.91
13.94
23.36
18.26
13.82
17.64
8.29
11.57
11.2
20.69
7.97
13.83
10.72
23.57
21.36
23.28
10.96
9.93
6.83
5.95
11.08
4.16
24.9
4.36
18.79
20.85
23.98
7.54
21.92
7.26
12.62
14.45
12.79
4.02
24.73
4.29
1.64
0.11
18.69
1.27
5.61
13.08
5.49
20.73
11.91
22.24
22.19
11.78
5.42
9.12
22.13
20.61
5.98
12.32
18.37
7.7
17.57
2.4
13.26
9.89
1.55
20.92
7.13
4.77
14.41
22.21
20.65
3.16
10.36
23.75
4.61
13.5
0.15
2.37
6.71
6.02
13.97
4.97
15.55
21.89
20.39
18.09
2.75
6.01
8.31
16.51
7.54
0.59
19.35
22.41
17.39
8.35
16.15
17.94
3.99
21.01
18.52
13.05
3.27
20.61
8.79
4.51
24.8
15.26
19.82
3.41
15.46
18.35
6.9
3.74
18.94
6.78
14.73
19.48
3.02
13.25
19.11
3.7
1.49
8.39
20.8
5.58
6.51
1.37
6.44
13.5
20.31
4.49
7.19
6.91
14.29
13.56
9.26
22.26
19.01
13.05
15.0
7.43
24.37
7.41
15.77
20.7
24.53
18.65
1.33
4.88
15.79
4.12
13.87
18.04
18.63
11.62
2.15
9.91
6.18
21.05
23.18
22.43
11.68
7.97
20.44
11.7
18.64
8.08
22.65
23.35
5.44
13.41
17.2
6.62
4.33
5.5
20.94
7.91
12.5
0.47
6.19
13.1
8.67
21.99
13.47
18.51
15.4
24.32
11.79
6.4
2.79
23.82
1.59
9.22
1.46
12.39
2.52
4.4
18.42
1.7
16.07
23.24
20.84
13.71
0.53
23.78
5.12
19.71
7.64
11.57
10.36
20.28
7.6
4.19
0.07
1.48
14.88
23.26
9.03
9.33
9.21
18.31
21.47
5.75
8.61
6.05
18.29
7.61
8.81
24.39
14.66
11.8
6.41
9.12
4.71
5.05
22.44
23.01
22.48
10.12
14.59
15.0
12.63
8.1
8.54
24.16
20.66
14.54
2.28
11.07
10.66
12.53
8.82
20.56
12.76
22.72
23.59
10.82
6.26
19.81
21.99
3.88
13.42
0.35
6.44
21.33
15.01
11.62
9.83
1.62
12.95
23.02
16.12
9.13
17.92
15.02
9.71
5.65
9.15
14.85
15.65
10.99
12.19
24.92
18.38
9.05
14.04
22.82
9.8
15.43
2.68
16.93
12.76
15.73
1.34
2.42
11.28
5.87
16.64
5.17
4.58
17.83
2.13
4.25
2.92
9.38
2.35
15.58
23.4
7.32
0.93
16.0
8.34
13.23
2.09
9.38
21.48
7.47
16.43
18.49
7.17
19.0
13.16
8.33
5.61
6.52
6.99
9.13
20.34
18.23
22.06
3.79
15.43
8.18
22.09
7.97
20.09
24.0
22.41
23.06
16.24
10.06
8.54
3.49
4.44
3.68
8.2
13.6
20.37
6.55
6.94
10.76
0.36
3.95
18.2
8.36
3.75
21.4
16.75
6.84
23.02
23.8
5.4
21.59
6.46
17.14
6.93
20.98
5.52
0.71
4.05
11.49
4.42
10.48
5.33
7.96
23.81
2.06
12.24
21.6
9.68
24.54
4.53
1.09
1.05
15.68
9.51
15.97
23.29
17.53
20.24
6.15
7.21
11.49
0.64
11.48
18.6
9.43
16.11
6.06
13.28
13.09
11.73
16.49
21.95
21.52
0.97
1.37
2.78
22.56
1.76
14.67
15.91
14.89
18.34
8.76
17.95
16.78
4.02
12.19
20.41
12.17
12.67
24.19
6.05
17.79
15.95
24.15
14.22
2.67
24.51
6.05
7.22
9.88
19.54
0.18
21.09
24.08
18.61
0.33
23.9
0.2
16.89
0.03
7.6
18.74
23.52
0.65
20.65
11.81
14.59
10.2
8.4
4.57
9.03
22.2
2.17
24.11
3.65
1.19
13.63
24.99
19.85
10.48
19.88
20.85
5.92
1.17
22.69
5.34
12.28
5.58
8.91
15.98
13.73
23.36
9.45
11.1
0.14
7.16
18.17
17.93
4.41
24.63
11.28
6.49
18.19
15.09
11.34
20.17
15.5
24.19
20.76
13.71
16.1
13.04
11.3
16.7
5.72
7.12
5.19
14.71
22.65
24.04
4.67
5.61
11.97
14.9
12.35
7.44
17.75
4.49
2.25
5.25
22.34
5.08
11.49
6.23
22.98
20.09
9.44
20.26
24.39
14.76
5.47
8.72
13.05
14.65
20.42
11.77
1.09
1.62
22.71
15.73
20.09
17.14
22.55
0.45
11.37
3.35
12.49
22.57
10.01
2.81
5.58
12.65
16.23
0.03
9.7
16.17
16.26
15.3
0.43
20.86
18.78
6.0
11.41
23.49
15.25
18.61
18.23
13.94
12.98
23.26
12.49
3.31
15.6
8.86
1.15
8.64
24.16
17.92
11.29
22.32
10.36
17.93
23.49
0.9
21.81
7.27
12.76
15.29
10.11
11.33
7.1
19.7
5.04
13.94
10.8
14.57
13.73
9.19
14.63
7.92
8.52
12.73
10.65
20.3
17.33
2.07
0.7
11.88
9.71
4.14
4.96
2.14
0.16
15.6
4.38
24.66
8.7
4.69
5.57
16.3
10.89
0.45
2.19
8.16
3.33
0.78
22.29
15.84
9.43
24.74
24.9
17.73
13.39
15.26
15.11
6.56
13.98
2.73
1.81
7.38
6.88
19.69
1.66
1.07
10.64
17.68
24.24
7.38
1.08
20.57
15.84
21.0
1.45
5.14
22.58
21.27
11.26
21.69
18.29
20.27
5.94
6.72
19.29
21.37
19.64
4.85
23.04
24.4
1.4
22.24
19.0
4.82
5.21
6.12
1.09
7.8
20.26
5.34
5.84
18.16
18.3
10.04
21.01
9.14
5.59
6.02
6.34
4.29
2.8
3.65
5.72
19.21
3.47
11.17
3.64
10.34
3.78
7.97
2.57
19.41
1.2
22.63
18.97
13.44
6.21
2.28
20.35
14.56
10.78
12.41
10.33
11.34
4.62
16.9
6.61
8.04
12.24
24.64
11.23
4.26
16.53
5.17
22.17
18.16
1.56
6.92
7.51
21.67
20.6
21.59
24.95
14.07
1.61
13.18
12.89
12.0
0.27
3.53
5.09
21.87
3.07
10.96
14.96
6.13
6.93
18.44
20.16
17.64
23.8
7.14
24.99
1.51
6.83
12.85
8.68
3.46
19.46
6.55
15.91
17.6
3.21
1.3
24.36
19.64
9.51
18.1
18.6
19.6
20.34
11.62
8.7
9.46
11.46
7.78
4.92
18.89
22.06
21.9
7.48
3.23
11.61
5.53
11.48
14.45
20.58
19.82
0.44
1.94
24.31
7.89
22.01
5.1
21.37
1.61
3.84
20.27
21.95
12.47
4.82
17.91
2.93
16.67
15.76
11.76
15.47
16.76
14.22
2.23
1.71
24.66
20.47
9.53
19.07
0.0
12.44
0.02
11.47
18.42
13.49
7.87
19.53
18.91
20.27
14.86
18.38
20.6
10.15
12.11
15.67
12.16
2.77
24.87
22.19
20.53
22.65
6.23
19.73
6.77
22.15
4.08
23.39
11.33
8.0
22.89
20.39
17.86
12.35
8.03
3.84
24.25
11.62
21.52
12.1
13.92
11.68
23.78
5.06
0.99
14.53
7.17
8.18
23.61
22.76
1.82
24.64
6.95
2.09
5.27
21.19
22.01
8.53
15.74
5.36
4.29
24.04
21.31
22.73
22.05
21.85
11.82
19.34
13.65
1.39
3.38
9.11
8.08
14.59
8.74
11.31
10.49
9.88
12.35
21.09
13.58
20.49
4.8
13.66
17.79
9.41
20.24
15.64
0.15
20.49
4.25
21.37
18.46
17.73
17.41
6.15
24.72
14.64
14.39
20.1
2.94
21.51
15.15
1.98
13.25
22.18
22.85
15.87
13.12
12.62
4.14
4.54
17.61
17.47
0.04
8.74
18.1
3.48
18.67
9.18
23.5
23.27
4.87
20.34
8.47
9.26
21.39
12.88
17.96
7.99
19.5
18.27
23.91
4.72
6.04
24.86
15.9
3.37
18.4
4.2
12.66
23.79
12.86
15.01
10.71
20.25
4.8
12.9
8.79
21.33
11.41
5.7
22.32
13.58
20.97
9.57
23.96
17.16
23.88
6.82
15.01
4.42
1.28
3.68
18.43
21.62
1.56
9.04
13.1
11.41
1.56
6.95
11.44
0.69
14.05
18.42
5.1
12.01
10.79
8.25
17.75
19.09
6.48
24.75
11.94
24.06
2.19
20.92
14.53
23.89
16.21
17.15
16.06
4.16
15.25
10.11
18.07
8.54
18.78
23.99
2.96
13.38
16.25
10.25
20.21
22.04
13.42
11.24
18.34
2.99
15.07
6.2
23.87
14.67
22.16
7.24
12.89
5.51
19.51
11.89
3.56
4.37
19.44
2.22
11.97
6.53
23.11
5.84
4.2
11.27
16.81
17.25
16.15
8.0
0.65
16.44
22.52
7.94
3.79
7.53
13.88
19.2
17.02
14.12
21.94
19.21
5.0
18.36
6.51
24.66
7.07
1.75
15.88
15.64
18.99
20.21
24.33
19.08
21.34
23.42
6.44
4.65
13.74
9.06
1.02
20.41
5.61
11.27
19.32
14.54
24.49
20.93
20.9
19.93
18.72
14.56
19.35
15.16
10.77
13.18
13.6
24.63
12.14
19.22
14.87
11.8
22.1
16.5
21.09
22.85
17.48
5.0
21.39
2.37
3.05
10.81
1.28
1.21
24.8
17.59
19.47
21.67
0.97
10.65
21.32
18.86
3.06
23.46
20.87
9.99
23.38
20.2
3.55
9.45
9.66
23.4
11.65
12.73
4.07
6.63
7.01
21.02
10.0
9.22
13.96
6.41
1.1
13.67
9.42
11.64
16.55
21.78
8.13
21.99
15.86
23.48
13.92
18.87
0.96
1.45
2.16
21.68
4.23
4.87
1.56
21.61
2.16
16.97
8.94
7.25
20.52
8.98
0.69
5.09
10.61
2.7
2.64
5.23
13.51
17.71
16.54
0.1
11.2
10.93
5.6
14.89
6.44
24.73
17.37
22.92
1.47
9.52
2.07
15.81
3.71
7.14
12.66
23.7
23.52
12.14
9.73
8.45
23.99
18.62
13.92
2.31
3.72
21.41
24.06
20.24
10.75
6.04
3.38
3.75
9.17
18.61
17.98
11.1
9.39
9.82
20.05
3.5
3.39
2.62
22.86
1.6
17.07
12.01
3.13
10.99
7.21
11.35
22.4
4.88
7.33
20.56
15.32
4.35
23.22
12.2
23.64
0.46
10.44
10.79
7.85
6.55
5.24
15.0
23.53
18.46
6.82
14.2
17.27
12.55
14.8
14.64
17.47
10.88
18.13
22.02
7.09
7.63
9.38
5.05
24.14
12.27
7.68
14.97
19.35
8.17
4.41
23.8
24.87
6.94
12.05
0.69
20.34
0.95
19.21
6.93
23.38
6.24
24.98
3.45
22.45
4.06
20.64
7.34
11.12
13.06
22.52
4.22
23.65
5.35
16.35
17.75
20.58
24.44
1.49
19.51
9.51
17.57
6.91
23.6
18.75
10.29
24.13
19.64
17.89
20.68
16.25
11.87
7.14
2.63
10.19
11.77
23.59
15.5
1.25
0.59
21.05
14.81
14.08
8.92
17.95
20.83
22.42
11.1
2.08
21.7
17.07
17.91
23.59
5.74
20.25
10.81
23.46
8.19
14.42
16.62
1.01
16.1
17.34
20.71
8.18
17.99
20.53
20.51
6.0
23.87
18.2
17.32
20.29
19.62
5.29
15.13
20.41
16.77
14.49
6.86
19.46
1.35
17.2
19.26
23.17
18.47
13.11
4.92
9.96
2.37
11.03
3.7
3.82
4.9
17.5
7.39
17.0
19.8
23.87
2.1
0.46
10.64
3.8
5.87
24.14
24.95
24.63
22.74
24.53
4.58
0.76
8.47
14.24
11.49
24.76
5.03
5.17
20.41
10.48
11.33
16.93
21.48
25.0
24.65
21.29
3.92
3.65
18.18
14.09
20.41
4.31
23.41
0.5
4.83
12.24
24.04
21.31
17.24
19.74
7.99
17.18
21.4
16.73
21.2
18.85
8.95
16.92
12.25
22.48
3.77
23.41
10.86
11.4
19.92
8.34
3.38
20.94
15.41
23.56
21.79
2.24
19.39
7.5
14.81
9.47
20.46
22.23
11.16
6.35
9.03
6.15
17.46
6.31
22.41
5.44
1.1
21.77
9.25
5.5
15.66
21.77
9.68
4.09
17.45
13.03
14.96
13.79
6.69
22.35
16.38
14.02
8.47
10.23
13.82
10.9
15.66
21.99
20.36
5.93
9.49
24.14
7.36
4.55
10.89
22.68
15.75
17.28
6.35
3.72
24.78
7.24
17.8
17.01
3.13
14.68
2.75
9.93
13.19
19.54
2.56
23.34
2.05
8.61
11.75
8.7
2.24
12.65
6.24
16.7
23.46
15.92
3.32
10.52
3.2
11.35
23.68
7.57
1.82
11.48
21.89
3.43
18.46
10.3
11.27
19.12
24.34
7.21
10.09
1.48
8.8
5.97
18.71
17.28
8.24
15.84
20.68
21.11
19.79
8.86
12.02
16.2
9.42
16.61
19.49
2.37
10.01
15.5
10.27
14.95
13.94
22.29
13.31
21.37
2.71
15.07
11.07
19.85
12.3
19.09
7.02
15.67
0.84
3.66
18.84
0.43
0.08
23.56
3.06
6.0
5.51
12.46
24.38
1.82
21.95
14.42
16.82
19.55
21.73
21.7
18.42
8.99
20.23
8.06
16.21
12.12
22.49
1.02
9.46
0.04
7.64
1.06
3.32
5.61
6.59
1.94
22.97
4.37
3.84
14.42
13.05
14.17
4.56
12.62
0.07
11.0
16.56
8.08
0.1
17.07
6.25
14.01
4.68
9.14
17.26
17.51
6.99
23.68
16.86
15.8
22.49
7.12
1.9
14.96
4.19
7.34
8.46
24.2
20.93
14.51
20.31
11.95
9.47
0.71
21.7
15.45
5.16
22.43
6.74
18.22
19.18
20.11
19.6
18.04
14.57
12.78
2.32
0.49
2.94
17.22
0.83
12.07
4.9
4.24
7.25
14.98
9.38
8.79
5.54
11.84
19.61
9.54
3.49
14.31
20.35
14.48
1.08
12.98
5.32
12.26
8.15
5.34
7.56
2.77
17.4
5.68
2.93
19.77
0.54
12.73
10.11
6.11
9.93
5.65
3.09
10.73
22.25
14.77
13.98
16.78
11.25
21.27
8.12
8.2
5.91
2.17
8.12
20.78
19.57
22.79
14.67
5.27
6.95
5.54
1.4
12.42
17.92
18.24
19.26
2.73
10.11
16.62
3.81
12.68
8.49
12.98
23.26
15.03
16.18
0.93
13.83
3.46
18.17
16.72
3.97
8.51
15.72
8.62
5.29
4.66
12.01
9.07
8.23
24.36
12.91
13.11
20.37
12.78
0.95
19.46
18.22
10.02
1.56
3.7
22.97
15.8
20.03
4.67
12.79
13.37
9.02
11.62
14.01
1.57
15.02
1.31
21.89
10.84
12.17
7.07
24.32
8.08
10.16
12.88
17.61
8.1
24.19
10.78
6.41
8.12
20.04
12.4
10.91
0.69
21.49
16.22
23.53
2.02
19.46
17.79
13.26
4.51
1.32
9.72
19.6
9.06
20.28
23.14
9.45
10.92
6.1
9.04
10.53
22.88
5.78
19.42
9.16
0.02
18.0
8.7
8.35
24.16
3.45
9.55
22.78
21.6
19.03
2.87
14.08
18.72
13.25
5.9
19.27
14.39
7.3
21.97
1.16
14.55
14.26
12.58
24.56
8.53
9.41
13.31
21.02
12.24
18.39
21.68
9.17
23.44
16.15
24.66
0.19
11.8
0.55
9.73
19.45
14.08
13.5
5.53
20.22
20.0
4.36
1.03
23.57
18.41
7.38
4.09
14.44
22.08
4.71
2.58
1.03
8.81
10.12
24.0
7.18
18.48
20.38
10.66
4.85
12.79
13.46
18.49
5.22
18.76
7.32
2.33
8.08
3.4
24.24
18.95
8.95
10.58
9.03
7.05
24.73
3.57
4.36
4.74
19.52
13.96
3.0
7.27
12.57
21.11
4.5
1.96
22.83
11.71
24.87
2.79
7.33
4.39
21.07
2.66
19.1
12.11
21.52
2.5
3.64
21.36
12.81
7.75
7.56
9.99
12.44
1.34
1.19
13.05
7.38
14.14
20.88
7.17
15.96
13.47
6.48
15.82
23.76
20.01
1.49
5.42
8.63
20.89
15.51
16.12
13.85
5.37
3.16
4.98
12.9
18.18
24.19
24.8
1.62
24.68
9.04
24.89
17.61
19.93
21.36
4.11
10.8
6.59
2.73
4.85
1.73
9.64
5.44
11.44
10.72
15.14
23.97
23.85
21.99
6.86
22.15
1.56
16.29
16.22
2.75
14.44
3.33
23.99
11.76
20.23
12.32
4.71
2.92
8.61
23.48
0.99
8.43
12.86
12.82
5.48
10.01
1.5
19.54
23.3
12.85
18.85
15.26
7.39
19.81
11.45
23.25
15.15
8.34
22.06
15.47
9.73
17.83
21.46
0.57
7.43
5.56
8.02
20.92
10.47
8.48
14.45
6.39
16.39
0.85
8.74
12.1
13.2
1.58
20.76
9.67
11.21
23.86
17.77
17.59
13.97
23.86
24.71
8.8
14.77
0.43
19.31
21.89
14.04
4.27
10.3
15.86
21.78
15.75
18.17
12.69
13.13
5.22
11.2
11.56
1.4
20.92
15.56
1.65
22.8
14.71
10.01
4.19
7.65
10.55
15.02
23.07
0.43
8.47
6.79
20.37
11.07
16.88
16.66
1.03
7.65
22.65
18.37
22.86
14.83
16.61
23.42
20.36
7.77
15.05
1.2
22.49
22.05
6.64
6.03
17.02
0.03
10.23
7.47
1.54
7.54
8.36
20.56
20.36
21.72
3.06
4.86
4.04
15.28
6.89
20.23
23.55
0.53
11.68
24.38
13.91
19.84
13.4
18.62
4.02
16.68
20.27
18.33
7.78
8.35
24.4
23.07
12.93
17.34
20.27
14.71
1.86
11.89
21.11
8.12
12.56
5.13
20.59
5.05
18.55
15.98
23.39
14.76
17.35
24.84
8.19
6.02
8.63
17.32
11.87
15.6
24.25
13.46
16.59
3.99
8.1
20.28
0.04
15.27
19.08
8.2
7.41
5.34
19.01
24.57
17.6
19.34
7.91
17.68
15.63
3.56
16.42
23.36
12.52
21.82
22.48
1.99
20.82
13.32
16.08
2.88
3.03
17.99
20.71
24.55
23.17
20.32
24.27
17.74
24.85
9.35
1.32
18.08
5.8
9.3
6.96
0.18
12.6
2.03
5.55
10.17
12.75
18.69
5.24
12.18
16.97
15.36
4.01
20.71
0.47
10.96
7.42
2.5
19.01
21.71
13.38
14.21
13.96
8.88
13.02
13.82
24.94
8.36
19.59
6.92
7.51
1.0
3.66
10.12
20.24
13.31
10.99
20.93
18.68
10.39
24.73
19.93
10.24
20.32
14.13
1.48
17.99
9.94
18.12
11.77
7.15
7.38
4.41
22.31
23.84
17.52
1.89
12.21
1.88
7.81
0.95
24.89
10.69
6.89
2.02
3.59
5.72
11.11
3.44
2.34
16.95
14.83
4.58
12.73
5.91
2.13
17.92
13.15
15.09
3.77
18.78
19.22
12.48
21.67
24.8
10.95
17.37
0.53
1.72
12.55
4.31
0.58
1.57
2.62
23.23
16.89
19.72
4.25
8.14
2.82
21.7
11.15
22.13
16.14
22.88
17.58
13.65
0.25
7.93
15.59
24.89
12.89
16.53
23.35
2.9
13.34
19.67
9.54
14.71
17.65
19.12
6.61
5.1
23.02
0.58
20.11
5.54
19.09
13.41
12.5
8.62
23.1
4.52
1.34
13.82
2.6
14.43
13.04
16.75
21.68
8.93
14.78
12.59
4.45
9.71
12.83
2.05
5.25
11.29
15.72
15.56
5.88
23.9
6.72
11.64
13.46
8.93
13.66
9.45
12.78
14.78
2.88
17.75
18.6
2.06
1.17
18.75
23.8
9.68
22.37
21.36
5.06
14.88
0.42
22.04
13.02
23.97
8.68
0.58
7.17
8.37
12.31
3.87
16.92
1.89
5.81
0.13
13.49
5.37
15.0
14.1
19.63
17.44
1.21
12.95
21.53
1.66
23.79
24.8
10.58
7.88
21.13
21.69
20.59
20.26
17.02
0.85
14.43
6.97
14.89
7.54
7.23
6.47
9.4
9.25
21.59
10.13
9.11
6.35
13.68
8.99
24.46
11.77
0.09
8.77
4.74
8.79
6.36
5.53
4.99
22.9
0.83
19.61
3.02
1.18
8.62
16.23
24.74
6.55
6.48
3.73
20.46
19.89
11.66
8.58
5.53
11.48
20.23
17.37
12.36
13.41
14.27
19.05
2.9
12.98
5.47
22.67
22.93
4.87
21.8
18.37
12.63
18.42
1.88
23.35
15.1
0.47
9.57
10.28
21.89
18.18
2.13
0.59
0.91
0.82
8.16
6.38
20.02
17.17
3.94
14.44
23.53
14.81
11.37
20.15
20.86
9.52
4.45
20.6
19.4
17.1
11.33
4.26
19.42
5.28
6.37
4.08
22.06
12.19
3.02
19.09
13.8
18.99
16.6
19.16
3.31
3.53
12.55
19.69
16.62
19.82
9.07
0.85
2.85
7.27
23.0
18.35
15.06
22.53
0.1
13.0
17.56
0.68
18.12
16.47
15.25
24.01
4.55
24.3
22.96
20.02
22.98
24.11
13.82
10.51
7.74
5.63
12.62
19.52
9.41
20.58
12.44
6.1
15.36
23.35
4.14
12.7
1.76
19.19
21.91
4.6
3.52
0.83
18.28
1.05
24.28
6.09
14.89
16.51
3.93
3.89
0.39
18.81
3.23
7.56
12.85
19.08
6.8
18.76
9.32
16.59
10.28
22.1
8.18
17.95
14.95
20.38
22.3
22.97
15.9
7.77
1.72
5.49
4.14
5.01
23.38
12.4
10.8
5.68
12.48
24.69
5.24
7.14
19.1
23.22
13.14
19.33
0.4
16.02
1.07
24.75
13.79
4.03
21.56
17.91
8.41
1.1
16.19
15.9
7.81
16.11
4.24
23.1
9.14
3.85
21.62
9.67
16.97
15.44
4.23
10.38
20.71
4.82
12.41
13.11
22.09
15.2
21.67
21.96
10.96
2.25
22.27
4.5
13.56
3.18
24.03
0.31
8.23
24.56
4.44
17.93
15.86
0.3
22.1
0.57
17.73
11.27
1.63
11.78
16.87
1.42
22.72
8.22
4.92
21.07
10.34
21.48
7.55
14.62
24.41
9.0
12.53
20.2
15.83
19.7
8.91
10.33
0.73
20.06
13.89
14.01
8.31
22.37
17.73
1.46
19.1
1.02
8.48
11.39
16.21
16.85
12.55
8.2
14.98
17.09
7.22
14.9
12.58
1.71
21.18
22.83
15.19
20.06
14.84
13.06
16.22
15.01
17.68
15.48
24.32
15.6
10.39
1.2
18.93
2.76
13.87
0.22
17.83
4.61
8.72
18.48
14.89
5.21
8.38
11.17
9.87
15.68
10.52
14.67
6.22
24.99
19.34
9.87
24.21
17.68
11.34
5.3
14.49
8.42
1.08
8.56
0.48
13.38
1.38
2.23
23.47
14.6
22.7
1.8
24.69
19.1
20.38
22.79
23.51
17.87
15.27
3.07
2.71
7.67
10.3
24.74
16.03
16.18
13.73
3.24
13.66
6.57
14.18
7.42
12.86
15.61
11.66
0.48
4.03
15.24
5.1
5.11
17.25
10.6
18.13
2.21
19.56
14.6
13.13
20.14
23.7
16.3
3.32
15.44
0.08
8.21
17.54
21.79
8.96
6.09
4.09
12.13
11.17
12.42
6.59
11.74
8.78
24.62
4.71
3.0
20.32
19.3
20.46
12.41
5.47
22.65
19.84
18.65
0.89
12.15
8.5
8.6
3.15
22.08
6.06
1.23
11.48
13.59
8.91
9.19
9.83
17.12
6.42
23.5
9.54
10.49
3.69
11.62
17.41
8.46
4.81
19.19
14.87
12.23
9.65
7.13
2.89
6.65
6.86
8.39
6.81
0.58
7.35
0.23
18.41
4.75
3.0
15.81
23.73
23.05
13.75
8.67
5.5
9.59
1.11
14.65
22.68
16.63
15.48
7.12
11.09
23.84
18.53
1.57
4.7
10.91
20.99
22.75
8.23
4.39
3.1
2.05
4.01
2.5
12.44
18.96
7.48
12.85
21.98
22.99
8.78
18.32
1.79
14.33
14.79
13.64
4.13
16.66
5.78
22.93
2.22
16.9
9.74
8.26
7.6
9.29
5.82
21.07
15.69
18.47
5.81
5.25
10.7
17.71
24.3
9.2
21.55
23.29
0.17
17.86
10.7
14.76
13.21
21.65
4.66
17.22
6.28
20.87
21.83
5.36
8.88
13.31
1.66
12.64
14.98
22.76
9.15
6.01
13.29
20.42
14.22
21.62
4.49
21.77
14.01
7.07
2.27
1.92
16.87
23.74
18.12
18.46
4.99
7.84
19.99
12.52
0.61
6.57
22.01
20.45
4.65
6.16
23.59
10.07
3.51
12.51
11.79
24.32
16.14
11.36
9.25
15.35
13.32
16.73
13.73
22.72
0.1
14.0
19.82
2.24
2.34
2.37
23.54
21.14
2.73
16.28
14.55
3.35
13.19
0.99
0.15
7.23
22.98
14.01
0.79
0.87
2.99
6.79
3.82
5.62
3.95
19.42
10.11
16.83
7.67
11.26
15.24
1.7
6.31
24.08
21.4
23.21
1.0
14.1
6.94
21.12
14.93
4.74
1.72
17.55
23.24
8.01
10.83
18.32
14.78
15.47
6.6
2.65
11.8
13.84
19.25
1.98
4.72
5.67
13.63
10.32
17.65
21.52
15.55
21.78
16.45
14.71
13.48
12.54
4.25
12.32
19.43
13.67
10.69
23.5
0.51
3.17
22.39
2.98
13.91
22.99
17.13
11.02
2.03
5.1
17.63
17.3
14.63
13.06
7.25
16.05
23.68
16.38
22.05
17.9
18.8
3.25
2.43
7.93
9.4
15.94
9.94
7.96
24.85
14.82
1.59
0.5
18.37
11.57
22.37
18.61
19.83
5.38
8.67
17.01
21.08
20.25
8.43
14.79
0.09
23.32
6.96
3.09
19.4
17.78
9.22
9.96
17.55
0.6
23.81
23.21
9.96
18.65
14.16
17.58
22.69
10.74
10.77
20.96
0.58
6.39
3.49
22.43
14.11
1.01
10.43
20.63
2.34
7.38
22.36
1.62
24.9
7.74
0.93
3.95
16.02
3.33
19.04
9.87
22.45
1.98
9.91
14.73
21.13
13.38
18.77
15.69
7.24
10.09
21.09
2.71
24.21
15.76
10.53
21.68
14.3
17.43
2.52
20.72
22.86
2.2
5.64
10.2
12.75
22.64
24.97
18.65
18.54
19.55
4.13
10.38
19.16
22.57
23.2
0.04
23.08
23.69
0.05
0.3
6.76
1.45
15.51
11.14
5.86
19.77
4.3
19.16
24.33
14.54
20.63
2.49
7.61
17.26
17.51
2.91
22.92
23.74
0.79
20.27
3.44
3.05
17.51
2.02
11.21
9.61
16.98
19.91
5.27
4.61
22.66
0.15
14.04
14.82
20.47
5.43
23.73
1.73
7.6
6.14
5.42
4.18
4.65
19.37
24.13
19.31
6.26
6.25
18.31
8.25
19.96
0.36
9.38
9.6
8.21
17.94
16.87
24.88
15.34
20.86
5.97
16.32
12.09
21.35
22.04
6.35
1.49
13.48
8.4
17.77
0.15
17.21
13.47
8.09
14.34
23.36
22.15
21.83
5.92
10.09
1.82
3.26
5.92
22.09
3.0
8.77
0.74
6.57
19.95
23.14
10.32
6.99
14.36
0.69
8.33
19.65
0.49
6.89
4.85
8.81
1.81
10.68
11.76
2.4
20.52
18.19
6.55
3.6
24.96
0.66
12.96
18.39
23.45
13.05
14.42
22.28
10.2
9.33
22.27
18.17
16.66
4.1
10.68
9.93
22.86
1.19
24.61
22.84
15.91
10.63
19.26
20.86
4.33
21.89
3.67
10.13
5.09
13.5
23.28
8.61
20.45
12.82
20.36
22.51
10.86
9.88
5.31
22.27
18.62
11.54
9.77
2.56
5.0
7.08
22.12
16.69
4.62
8.79
4.69
7.29
3.9
20.5
1.45
11.17
7.15
10.12
22.35
11.45
10.89
10.5
3.62
13.97
7.03
15.31
16.57
20.36
17.62
15.4
19.24
16.54
8.59
2.83
18.84
5.43
21.55
17.47
11.21
24.08
18.78
12.04
7.5
6.62
6.52
11.52
4.78
17.86
20.85
2.01
18.61
12.67
2.04
7.59
22.12
17.92
9.97
17.81
6.53
4.62
22.97
8.22
5.3
15.08
22.03
18.98
11.03
15.9
5.04
12.76
20.97
23.34
18.29
9.79
6.68
8.03
18.75
4.84
10.06
24.1
22.93
22.99
1.35
23.36
4.66
18.84
4.79
9.72
10.34
12.53
22.32
15.89
4.9
10.75
3.62
8.46
10.62
7.82
19.3
0.37
23.34
13.07
20.05
4.71
8.77
24.2
13.48
8.98
24.96
17.23
20.21
4.85
0.34
22.87
7.59
19.11
10.75
22.07
6.48
13.24
9.14
17.14
13.42
18.4
10.93
19.49
12.7
2.88
18.3
10.75
19.6
22.65
22.64
19.57
2.94
24.07
13.1
22.85
17.15
5.27
15.74
9.23
0.43
21.15
24.52
13.14
7.95
5.34
6.35
20.94
3.89
23.26
10.65
16.41
10.58
24.93
9.31
9.42
21.79
2.9
4.44
24.4
2.35
1.09
18.93
11.65
13.24
12.89
21.99
9.48
20.08
14.33
3.76
18.02
2.37
6.24
13.9
11.2
12.91
12.61
13.81
7.32
10.25
18.57
21.69
0.73
9.85
9.51
13.39
0.03
7.47
15.48
5.75
1.39
5.83
21.1
6.79
11.55
2.91
18.28
10.68
4.69
24.19
20.97
9.32
3.06
15.44
19.53
21.91
10.54
5.28
5.35
0.45
19.73
12.66
23.13
4.29
7.79
21.44
15.42
8.88
6.7
14.6
9.64
6.62
9.43
17.66
10.49
11.87
16.67
12.11
23.81
1.75
16.87
21.56
6.77
10.32
9.56
22.78
7.92
13.65
4.09
1.06
16.6
13.7
2.15
23.92
10.75
12.0
11.82
12.76
12.06
20.9
11.74
13.9
7.68
13.49
15.16
18.47
21.1
16.1
3.5
2.39
14.74
6.44
19.78
23.22
10.66
15.37
17.26
19.35
12.15
1.36
4.64
1.25
12.88
14.53
0.58
7.46
23.04
1.29
12.09
16.77
7.3
22.47
3.67
17.33
10.39
6.34
11.21
13.68
5.87
22.92
2.66
14.0
12.03
21.58
11.27
14.9
23.12
1.23
13.01
23.1
2.46
22.1
0.51
20.57
21.8
0.25
5.61
10.56
11.38
15.7
1.92
0.47
4.83
19.7
7.98
17.92
10.0
16.73
0.26
1.22
18.26
23.4
3.27
9.13
19.84
2.96
7.6
6.08
12.65
3.73
12.76
16.54
12.21
2.93
0.79
24.62
17.61
21.8
0.09
20.13
23.36
5.36
7.15
14.89
4.2
0.76
19.41
20.4
15.13
11.43
14.57
10.0
6.48
2.35
7.0
13.77
0.64
21.27
12.65
14.31
6.29
24.8
10.9
5.12
23.85
0.27
24.04
7.93
18.59
8.15
15.18
14.17
20.65
14.91
22.1
20.84
10.67
14.27
20.59
22.43
2.23
20.21
13.46
15.32
9.65
1.82
23.64
23.41
4.9
9.66
14.81
14.05
3.08
0.28
24.5
24.59
13.79
11.03
23.97
11.77
11.81
3.07
9.13
16.2
18.26
24.89
19.76
17.02
4.55
8.99
18.15
11.9
19.06
16.55
11.66
8.38
4.01
11.02
16.85
1.81
7.93
3.36
7.3
20.17
9.89
21.8
18.3
9.16
4.05
0.05
10.62
12.59
11.2
9.17
18.18
2.36
2.7
13.68
0.77
9.93
4.91
5.3
12.11
13.41
10.34
3.35
11.76
19.99
16.94
12.96
3.55
15.19
12.62
20.63
3.81
9.71
2.52
13.1
22.59
23.6
0.76
9.23
8.14
15.83
17.71
4.7
4.6
7.11
0.64
14.34
17.44
0.12
10.82
11.42
15.25
18.81
21.67
3.91
9.9
14.97
12.23
16.62
14.19
8.19
22.95
20.56
18.21
9.68
1.29
24.37
16.94
7.18
11.37
6.2
18.53
16.11
12.99
9.39
7.66
20.33
9.81
11.92
4.34
21.63
6.15
4.25
15.61
3.35
24.45
13.99
1.15
3.49
23.33
13.7
8.87
17.38
9.31
3.57
18.62
9.11
24.52
6.69
1.95
14.53
2.51
19.89
9.27
24.34
22.51
12.88
8.87
24.74
8.94
2.89
18.43
20.72
8.1
6.93
10.72
4.96
22.33
21.34
17.64
20.65
6.29
11.95
9.15
20.6
3.71
4.73
15.4
9.63
3.72
2.72
11.84
18.46
1.33
18.54
15.35
8.25
0.76
24.24
9.41
23.35
13.12
14.21
8.24
10.14
16.5
11.68
9.88
0.72
9.22
4.77
23.27
6.42
1.53
4.17
3.18
4.47
6.05
23.83
19.14
5.63
16.95
16.13
8.18
9.26
22.55
12.02
23.57
4.57
0.93
12.3
14.74
13.0
16.27
8.85
3.36
7.0
1.81
1.76
9.39
22.43
12.35
4.24
9.03
24.44
0.78
15.04
15.26
22.04
10.4
10.54
24.23
0.6
15.19
17.54
2.28
17.84
16.49
0.41
21.25
15.92
23.17
15.66
10.62
15.41
21.58
10.53
10.57
2.59
14.09
11.1
9.45
0.98
15.1
1.38
2.21
1.31
7.1
12.92
14.88
8.63
17.38
19.53
15.07
8.54
1.15
23.41
24.46
2.44
10.46
5.5
13.64
12.18
5.36
22.72
22.33
17.4
17.99
8.72
9.68
12.2
15.99
10.86
6.79
21.72
6.98
15.6
17.77
15.59
18.81
5.04
9.81
13.95
21.77
24.2
21.49
3.12
0.72
7.07
10.18
3.12
16.99
22.51
9.98
24.73
7.3
10.1
1.38
17.78
0.33
10.75
5.66
15.75
5.37
13.98
2.07
1.95
22.15
19.61
24.19
5.69
7.31
24.96
17.0
7.54
6.44
21.04
10.0
1.02
9.06
4.43
2.34
22.16
17.37
16.77
15.02
17.98
23.69
1.69
0.88
14.03
10.16
2.06
23.9
19.15
12.16
23.88
19.24
1.92
16.61
11.8
14.79
6.02
11.67
8.22
11.08
2.6
3.22
11.46
6.06
6.8
16.15
0.33
11.48
14.32
8.67
13.27
20.71
11.06
12.15
21.47
11.45
23.59
22.51
0.93
4.54
12.38
3.35
21.87
11.12
4.03
16.96
17.51
12.78
3.65
20.32
22.27
23.04
5.37
14.97
17.54
1.95
14.0
1.2
20.08
22.08
15.82
23.18
6.81
17.69
4.43
1.65
10.61
23.75
20.68
17.52
16.66
6.46
0.77
11.41
7.7
8.99
1.8
6.56
14.48
22.64
20.46
7.44
19.3
17.18
3.59
14.69
19.8
3.42
1.59
1.65
13.04
0.84
11.91
13.21
5.09
24.25
18.65
9.88
21.68
11.12
18.0
14.95
11.56
6.56
0.48
0.79
16.08
21.76
20.8
13.69
0.98
1.62
4.53
5.43
9.51
5.02
7.57
1.58
10.26
13.21
18.09
1.69
23.07
11.1
10.36
23.98
13.11
6.52
0.67
21.9
19.07
16.17
11.12
19.76
6.79
5.49
23.26
1.74
22.68
5.72
23.58
9.6
9.6
1.16
20.63
21.66
17.82
18.42
7.71
16.81
0.34
18.18
22.94
5.94
1.82
17.64
23.35
22.27
23.24
16.67
9.88
10.9
22.95
16.71
15.38
16.56
20.98
1.37
4.18
5.66
5.31
13.13
7.56
9.22
12.42
13.34
11.29
14.02
7.15
15.45
9.24
23.99
22.85
19.31
20.68
24.31
4.68
16.06
3.76
6.19
10.66
3.17
8.54
14.73
3.02
15.43
9.49
9.27
22.33
9.77
17.66
22.9
18.49
16.51
6.81
18.18
5.2
1.87
13.79
23.04
7.3
7.76
14.16
3.9
16.97
11.92
4.29
11.71
2.78
15.65
2.56
18.9
17.09
1.59
1.96
7.98
3.23
8.2
5.13
16.94
3.18
0.89
5.55
9.35
0.5
18.55
18.62
11.86
12.4
18.08
18.64
16.36
2.48
14.71
14.67
9.78
4.18
23.36
19.65
11.04
7.17
10.38
11.98
19.42
1.16
17.12
15.89
16.64
17.82
23.91
20.0
14.33
10.83
21.31
24.79
24.32
13.77
16.31
20.52
10.25
17.55
9.42
15.51
3.69
19.32
2.3
3.38
20.67
13.95
12.59
22.02
8.3
8.3
13.32
21.08
5.17
7.33
18.19
24.71
17.43
14.08
21.89
10.21
16.97
6.0
9.88
17.97
15.18
22.6
5.17
12.25
1.31
24.23
15.11
4.55
21.3
2.77
22.1
1.0
23.51
7.43
9.19
15.71
23.55
4.82
8.95
16.94
1.74
8.52
15.82
10.93
24.47
24.4
23.18
23.88
23.81
21.03
23.73
0.22
19.57
13.4
11.73
3.17
8.9
9.62
5.45
23.63
15.26
24.16
14.67
13.22
9.7
4.91
4.52
18.18
20.3
0.9
2.61
18.41
4.29
9.5
19.8
21.81
22.86
8.49
15.0
12.02
17.77
18.5
5.61
23.56
12.17
5.65
6.99
3.49
4.29
21.36
20.97
10.96
12.41
1.65
6.01
5.93
21.01
10.88
0.98
6.7
11.28
4.24
1.7
4.01
5.93
12.3
19.16
5.86
20.47
20.88
16.7
13.05
3.41
13.83
10.83
3.7
2.87
6.55
18.25
15.51
3.83
11.21
6.83
22.55
1.66
7.54
5.94
10.05
2.35
5.84
22.8
4.77
7.28
9.92
6.37
15.88
24.31
13.31
20.61
2.05
10.46
6.67
7.81
21.18
13.37
9.17
8.01
1.63
22.33
8.67
15.19
14.59
11.42
20.09
7.79
12.95
6.54
21.06
15.49
9.14
0.31
15.75
18.0
15.1
24.67
2.91
7.38
10.54
9.76
18.55
3.22
1.78
0.77
17.23
19.79
11.94
9.5
4.44
11.93
2.66
2.83
11.08
0.49
17.9
23.13
8.19
16.12
22.84
5.7
13.59
14.56
20.7
15.25
19.61
6.92
17.44
12.62
13.95
17.44
20.39
5.76
6.28
24.97
1.43
2.74
12.81
13.67
17.88
22.85
22.93
15.96
18.89
16.36
4.1
23.61
21.11
2.44
24.63
21.08
22.35
13.04
22.64
8.37
3.92
1.06
6.55
21.78
16.12
8.72
5.67
6.4
16.89
4.06
3.36
15.86
21.99
19.43
2.15
19.55
22.57
17.38
19.19
21.96
13.22
13.55
15.13
5.18
10.78
13.26
1.09
11.96
15.86
18.76
1.17
13.69
19.02
4.63
8.52
2.0
9.94
6.58
8.89
4.51
6.88
9.87
0.36
8.03
3.85
23.36
9.22
9.85
22.19
20.35
1.78
1.48
21.17
2.88
11.46
3.68
10.94
5.16
15.91
2.12
16.82
13.18
15.17
8.77
23.34
2.54
22.38
13.72
21.17
20.1
6.14
5.38
12.38
17.77
8.5
22.32
8.49
1.04
18.45
4.08
22.93
16.41
7.54
10.78
10.42
13.71
5.59
2.73
15.16
14.58
9.26
21.92
19.11
5.33
13.61
2.78
7.17
22.87
22.32
6.93
7.12
23.86
13.06
23.57
9.67
16.1
20.03
6.71
17.34
0.78
1.79
6.47
10.32
9.36
11.99
19.86
19.23
13.71
3.5
16.17
22.12
11.77
4.3
6.86
15.68
16.26
3.03
17.71
24.22
6.28
0.32
12.18
24.39
1.12
13.33
8.3
11.79
22.02
11.37
18.28
19.72
16.63
3.62
23.95
4.59
15.06
3.4
0.54
0.99
9.67
10.87
14.48
8.63
10.3
22.54
8.63
7.87
17.99
24.46
0.61
1.71
19.18
1.47
18.7
9.42
12.75
0.69
7.55
20.93
23.84
13.76
24.62
2.45
21.74
18.86
2.87
17.45
16.21
23.67
5.7
8.24
4.77
23.28
21.5
6.95
21.51
24.02
3.19
23.81
22.16
22.55
1.46
23.48
24.87
17.81
20.92
12.17
2.43
11.83
22.49
11.13
8.47
15.87
24.22
14.2
13.32
11.73
10.36
10.47
24.27
7.0
11.94
3.01
11.8
8.41
12.11
10.83
22.26
15.2
10.21
9.81
1.33
5.8
22.2
9.27
23.95
4.1
3.59
21.91
12.95
21.32
7.7
5.97
15.75
7.89
0.85
22.51
20.51
13.15
6.43
8.18
0.86
3.15
8.39
20.68
19.48
10.28
21.63
14.04
23.11
0.56
21.6
17.7
8.46
17.45
17.55
15.07
22.77
22.45
5.74
5.9
11.48
16.95
18.92
24.73
6.55
13.44
5.2
21.34
9.34
23.91
18.03
18.6
1.64
14.57
1.1
1.89
23.74
1.65
23.4
6.35
0.49
24.28
11.59
7.95
10.0
23.16
6.31
23.22
2.04
2.34
12.36
8.37
0.51
13.57
6.87
13.33
14.75
5.11
20.46
12.21
18.21
14.89
13.95
20.12
8.17
17.39
5.09
16.87
9.19
0.39
22.04
2.29
12.44
18.64
2.33
11.65
3.61
22.79
12.49
11.58
14.89
11.16
23.98
18.05
21.18
2.82
22.01
12.29
16.1
15.4
15.75
17.27
5.17
12.87
5.76
2.64
17.69
13.33
1.53
17.97
5.31
13.28
4.64
16.97
2.46
14.29
23.21
18.46
18.81
20.05
24.64
0.06
13.67
22.55
20.9
2.27
7.61
3.92
21.56
14.72
20.53
16.69
11.84
24.16
20.86
21.16
24.38
3.73
21.6
18.49
1.2
2.46
23.58
7.76
3.8
22.8
19.81
12.8
17.39
24.97
5.79
6.96
4.84
6.91
2.69
21.04
4.07
9.56
14.32
21.44
3.22
16.16
20.55
21.81
22.99
1.85
11.64
10.91
0.08
18.18
19.08
5.46
21.46
7.91
7.78
13.98
5.44
18.82
6.51
14.49
6.11
8.59
23.33
11.65
16.99
5.5
17.49
24.45
17.67
12.23
2.97
13.42
6.02
18.59
8.19
3.87
3.54
3.69
17.37
1.24
24.08
4.94
8.25
4.26
22.08
0.91
17.91
2.81
24.99
9.7
8.06
9.77
9.14
4.37
21.79
15.82
8.71
9.37
1.85
9.72
19.16
10.19
11.27
4.64
3.84
17.65
17.02
15.59
19.32
11.7
3.12
13.65
6.34
17.54
16.4
6.31
21.64
22.35
17.18
10.49
14.96
8.33
8.58
12.25
7.81
18.02
3.52
2.21
13.25
11.48
8.84
22.21
13.03
20.85
19.05
13.17
21.06
15.06
5.39
9.72
22.35
8.05
1.28
22.94
13.01
19.33
11.46
15.8
14.67
2.43
3.85
20.85
3.14
7.45
15.06
22.92
9.73
12.99
24.17
18.8
8.16
18.64
8.59
16.7
4.52
2.35
9.83
4.96
20.64
15.3
1.73
9.56
10.77
20.71
22.23
10.28
20.08
19.13
1.9
2.99
7.05
17.42
2.52
15.74
0.01
16.69
23.92
21.85
19.36
7.11
1.26
22.14
3.07
1.03
14.38
13.35
4.51
13.02
6.36
19.19
20.92
8.07
23.85
9.8
23.25
14.27
4.02
10.73
8.49
19.89
19.94
20.93
2.23
1.24
22.81
5.55
9.37
12.59
23.75
16.77
7.98
16.08
24.2
0.54
5.09
15.55
0.54
21.68
10.04
19.6
18.34
15.46
14.97
24.84
1.47
10.45
20.75
10.86
18.62
19.08
3.19
23.05
12.24
18.66
23.8
14.56
16.07
8.12
16.51
2.45
6.35
20.59
12.14
2.27
19.89
19.34
3.2
14.28
17.1
6.22
22.64
13.53
24.46
23.28
23.28
4.71
9.79
0.45
20.7
13.96
6.1
18.93
23.21
14.39
13.78
13.05
24.71
18.11
18.13
5.39
17.31
20.41
2.83
20.04
24.33
15.19
20.94
15.02
0.05
14.07
23.67
15.8
15.69
19.38
12.27
21.53
8.89
12.47
23.11
21.41
4.06
15.59
21.6
24.79
24.93
9.96
19.6
24.6
19.01
9.41
14.54
21.0
21.09
17.09
8.13
20.93
4.43
18.29
24.85
24.53
6.07
21.57
1.39
13.36
3.08
18.93
7.39
0.88
11.93
14.3
22.65
21.37
19.08
1.02
12.99
19.35
22.54
14.94
18.49
8.56
8.32
12.85
15.19
24.31
2.34
21.94
13.14
0.2
14.61
16.84
8.7
9.32
19.08
10.98
1.34
0.93
1.41
4.66
20.22
22.75
8.15
18.85
24.8
21.17
15.53
2.36
21.33
2.46
5.57
12.3
2.54
10.86
8.51
5.98
11.9
4.22
1.83
19.25
10.55
3.51
22.01
22.55
4.01
1.04
22.66
16.15
22.25
1.93
2.26
21.96
18.85
11.45
19.39
16.46
18.95
0.34
9.98
22.96
16.93
1.13
24.91
24.83
11.53
22.3
10.44
6.98
24.41
19.58
12.27
11.08
2.09
20.82
6.21
2.82
17.71
14.04
16.95
3.43
3.06
4.1
14.11
6.49
15.13
12.65
9.89
0.71
20.4
1.67
16.3
9.04
18.2
6.88
8.87
24.52
9.7
15.31
23.75
17.73
9.62
9.73
10.68
10.45
8.81
14.05
19.99
14.69
6.23
17.57
12.88
15.49
17.68
11.57
9.99
21.67
21.53
17.74
8.31
18.05
10.82
17.4
5.24
0.15
3.11
15.02
10.7
8.82
22.12
4.34
21.72
12.43
24.39
7.78
20.49
12.92
6.03
21.46
13.94
20.03
15.63
1.79
15.14
0.4
18.55
7.11
11.27
3.28
3.23
17.33
2.11
12.26
15.8
9.99
12.75
22.81
18.49
19.02
21.35
9.58
5.24
1.96
18.72
6.61
11.14
5.97
14.75
5.31
16.01
18.09
2.6
22.68
21.59
23.99
4.42
23.56
24.81
9.74
2.39
22.37
4.47
9.55
12.63
12.64
15.96
5.71
8.27
8.77
7.04
24.84
21.49
21.16
9.6
13.77
1.63
4.6
24.55
10.59
12.04
13.94
22.25
22.27
18.96
14.23
13.63
13.92
20.23
24.83
4.59
21.97
18.03
9.47
6.84
2.59
3.97
14.2
2.73
16.87
13.86
12.88
8.21
15.45
2.54
17.54
22.39
17.0
20.48
5.17
9.1
21.75
6.73
15.18
14.59
13.22
17.78
17.0
12.16
17.81
14.6
22.73
17.4
13.19
8.19
14.66
23.53
24.46
6.26
4.76
18.49
22.09
22.79
13.01
11.15
15.07
10.9
15.86
12.95
10.99
3.41
18.69
11.42
13.08
0.65
20.2
6.92
16.55
8.06
17.08
24.45
23.11
8.89
0.51
5.67
7.66
4.91
22.16
7.71
9.38
6.57
12.96
14.7
22.2
17.37
11.85
8.37
0.0
14.92
3.09
16.76
22.35
10.24
7.69
13.14
7.1
2.79
19.62
6.56
2.16
5.21
8.35
18.69
24.06
7.19
19.38
3.66
24.45
4.89
16.46
0.12
20.17
18.72
7.1
2.01
10.92
1.16
1.25
20.8
13.52
2.44
23.63
15.38
20.62
16.31
21.2
6.57
7.72
10.95
14.35
4.16
16.09
23.86
21.79
6.79
11.97
13.75
15.8
17.32
18.68
20.36
2.38
21.37
6.74
8.14
6.11
12.02
6.54
16.42
8.58
17.69
20.27
12.36
16.92
22.89
21.73
9.4
20.22
12.92
6.97
9.61
14.42
15.47
22.35
1.8
8.68
5.88
2.56
4.22
8.34
15.32
18.3
12.42
2.24
19.31
12.9
19.32
6.32
6.81
5.22
5.01
12.25
13.47
3.98
24.88
12.06
8.84
21.25
20.36
5.85
21.07
7.09
1.69
0.84
13.02
8.49
19.1
13.4
19.47
17.17
24.64
12.04
8.46
4.56
16.45
13.48
17.69
19.57
16.29
20.46
5.3
22.52
5.98
8.31
3.14
4.42
17.62
3.67
24.69
23.58
1.71
19.73
9.45
20.18
1.66
15.61
17.93
21.17
22.22
0.28
18.68
3.66
13.37
9.28
5.6
7.58
6.52
5.67
16.28
8.65
22.35
13.51
12.96
23.11
21.95
0.71
15.22
15.18
23.11
17.83
11.19
1.35
2.14
11.65
24.59
24.78
11.94
22.1
5.31
7.84
9.55
17.48
20.61
9.8
11.65
1.86
6.96
20.12
1.04
18.88
12.68
6.77
11.69
11.27
24.39
17.58
10.32
23.35
22.98
12.78
23.46
15.36
18.21
11.66
15.61
9.83
3.9
8.89
9.82
19.37
10.04
11.83
19.01
13.39
8.61
0.18
18.66
23.03
0.14
16.67
12.82
20.75
4.18
8.82
2.35
6.78
12.0
22.96
5.21
17.25
17.68
3.0
24.38
4.28
1.41
24.19
9.41
7.18
7.29
0.36
16.79
19.03
11.11
5.36
11.28
23.55
4.04
1.68
8.93
22.66
9.27
18.08
0.94
8.47
14.64
12.94
13.82
10.58
15.36
20.66
2.03
9.71
18.04
19.77
15.58
9.82
6.61
12.33
8.62
16.87
17.85
13.25
20.18
3.08
22.16
3.16
17.1
10.02
11.16
23.12
13.31
3.92
17.71
21.98
23.13
10.06
20.33
18.25
22.45
18.56
21.18
10.41
12.12
5.17
16.18
2.89
6.94
17.93
22.62
20.02
14.33
23.3
15.91
5.37
10.81
21.68
23.12
22.79
1.05
16.11
12.46
11.11
1.89
9.55
11.63
7.56
19.47
5.14
9.35
12.87
13.4
3.81
1.72
21.95
3.1
16.14
17.93
19.74
2.33
7.46
4.92
1.19
15.61
3.76
4.71
10.79
2.95
15.75
19.5
15.17
10.57
20.77
20.31
22.74
22.63
20.23
14.13
0.39
18.15
12.07
2.14
18.24
10.25
9.01
20.2
7.31
6.74
5.92
6.32
14.08
20.3
24.0
0.21
5.6
11.65
24.72
21.6
7.92
8.52
0.68
18.19
19.22
5.86
20.62
12.83
11.65
10.45
14.86
13.96
18.1
11.91
5.9
3.56
4.92
8.61
23.48
17.42
10.54
3.93
18.34
10.63
19.24
20.51
14.66
20.35
14.48
12.65
19.17
10.41
15.52
9.61
23.43
17.66
21.78
13.17
22.17
13.81
18.87
18.64
2.2
9.2
24.74
5.35
8.95
24.44
8.28
20.61
10.86
23.36
14.98
24.3
2.77
6.77
14.96
2.83
18.54
23.31
15.94
17.52
3.92
15.97
10.87
18.85
7.65
16.61
1.93
7.76
14.98
14.28
14.56
11.64
15.12
7.01
11.17
3.95
8.86
16.48
14.14
0.9
17.67
14.92
9.76
14.97
1.49
18.82
15.19
6.04
0.58
15.94
21.74
2.86
22.41
20.93
11.88
9.67
5.88
1.52
6.86
20.49
12.04
1.1
13.0
18.31
18.85
21.28
18.0
0.2
10.43
8.39
11.38
19.82
0.96
16.79
10.16
24.96
7.29
12.24
23.68
4.14
14.39
15.61
15.48
19.07
3.39
17.84
4.05
10.83
22.81
3.99
17.58
16.06
18.19
22.68
20.18
13.61
5.16
3.74
1.59
12.17
21.72
5.43
22.58
3.86
22.24
17.43
6.64
24.49
11.09
4.54
17.13
4.11
22.27
23.08
1.78
12.02
1.6
9.27
17.7
9.18
23.3
5.85
4.51
16.33
22.88
0.25
20.24
13.24
1.73
16.54
10.5
10.52
2.2
17.07
2.72
12.12
20.77
18.62
5.24
20.51
22.03
18.5
24.88
1.93
1.85
15.68
8.23
10.98
18.39
22.61
5.95
4.4
18.78
21.23
19.35
3.2
18.98
10.97
15.23
10.06
0.34
24.91
4.4
16.83
5.54
0.93
24.72
0.16
15.44
18.5
14.14
19.21
4.27
0.6
13.37
10.85
19.17
1.52
1.34
8.4
19.77
11.72
19.67
15.98
10.72
20.87
16.65
10.5
2.79
9.16
1.47
12.08
1.37
19.26
8.9
15.24
7.62
22.06
12.29
18.69
16.51
17.53
12.92
24.97
2.53
12.7
9.15
8.99
18.86
0.18
9.63
10.26
12.66
9.87
7.34
13.76
22.69
8.18
2.64
12.5
21.08
3.44
21.22
17.82
13.97
11.19
10.49
18.15
11.86
16.35
0.92
23.51
11.29
22.85
15.76
16.53
4.9
1.77
5.43
13.38
0.89
21.95
10.6
12.12
3.6
21.47
16.49
2.22
4.63
1.24
15.38
3.1
12.11
17.69
13.17
11.75
2.44
12.89
1.8
0.35
21.25
23.25
0.06
16.09
5.79
11.61
12.75
12.59
16.02
5.09
18.78
5.54
22.37
1.89
1.86
2.2
16.64
2.62
4.77
8.17
16.52
15.53
21.98
3.54
4.15
5.89
7.6
17.76
12.93
13.37
7.22
18.54
11.56
11.73
6.0
7.22
13.32
1.54
23.5
13.6
15.91
0.69
1.05
24.05
3.94
4.03
22.08
19.91
16.37
17.51
0.55
17.08
5.71
5.67
10.87
10.54
13.25
18.21
22.48
11.29
14.88
12.36
0.06
20.66
18.4
23.99
9.31
20.5
18.19
2.92
24.26
3.83
20.76
11.84
15.02
12.9
1.68
23.68
21.83
14.66
12.26
8.32
4.37
19.56
12.92
16.96
7.38
22.28
24.45
16.52
21.36
5.86
24.31
5.68
5.71
23.01
7.13
9.1
21.33
21.44
2.09
8.0
6.03
22.45
7.41
5.94
7.35
21.9
4.76
4.61
20.95
4.3
12.57
12.09
0.27
15.21
16.79
5.05
14.44
3.6
18.52
13.39
10.27
24.04
23.83
0.95
7.46
6.01
23.83
4.6
1.37
5.05
18.81
12.85
24.18
20.29
4.93
9.44
20.38
18.4
8.26
14.75
14.61
21.97
0.53
6.47
17.78
16.19
8.54
21.48
18.38
14.98
6.14
7.45
16.15
24.12
21.34
5.22
18.7
23.42
2.46
17.0
2.12
0.12
24.39
5.23
19.99
13.95
15.75
3.79
18.93
8.46
15.08
9.97
4.48
3.39
9.82
0.18
24.1
7.17
16.89
14.31
18.27
20.72
21.91
16.76
9.7
12.35
9.17
23.76
8.01
6.62
13.72
2.38
22.11
24.65
8.71
2.9
6.94
10.47
20.97
24.19
17.99
23.31
4.52
23.23
14.47
11.22
11.35
23.82
9.14
3.89
14.8
2.77
17.81
0.02
10.21
19.99
10.23
19.14
17.59
16.74
10.35
22.96
9.0
9.54
17.44
18.66
7.87
19.91
20.67
1.14
11.74
16.49
6.26
16.55
4.43
0.26
14.52
1.67
11.3
10.85
23.8
3.02
12.51
19.64
2.64
16.03
23.98
0.37
11.7
21.37
4.57
15.36
14.13
17.22
18.22
14.94
19.24
5.73
21.84
22.8
5.7
24.75
19.64
2.5
9.67
0.19
11.31
17.2
9.08
3.99
23.94
3.82
24.32
16.74
3.44
21.03
21.94
3.73
14.56
22.11
19.31
5.16
2.42
14.54
12.04
24.22
10.77
3.6
9.49
1.21
11.8
24.73
17.42
9.57
22.64
7.45
12.72
20.53
17.43
1.27
22.26
15.67
24.69
22.67
11.6
19.14
18.84
0.95
13.14
10.85
6.13
1.35
15.45
10.58
0.56
24.57
24.88
22.93
7.73
17.14
20.03
3.92
12.11
18.44
7.45
2.45
13.76
10.27
11.29
20.69
10.15
14.59
21.97
16.12
18.3
16.09
9.6
2.78
9.63
15.16
0.72
20.19
22.2
0.79
13.9
23.58
11.78
21.86
4.9
2.11
21.23
11.82
8.41
13.75
18.3
12.12
8.71
22.52
15.55
15.42
14.85
8.83
23.87
23.74
17.7
9.92
7.09
24.15
9.53
8.49
23.64
6.75
7.19
10.07
23.66
4.04
15.41
15.77
18.23
6.84
7.49
6.12
12.16
10.96
15.8
17.81
20.28
11.29
15.53
5.55
17.36
24.61
20.8
9.31
12.14
3.13
12.28
11.99
10.82
10.21
0.29
2.63
5.49
9.7
16.05
2.65
19.66
11.37
2.75
18.22
0.04
21.17
22.19
16.27
21.12
9.2
22.69
3.4
10.69
9.43
21.41
1.11
11.88
14.01
15.58
7.55
23.86
22.95
11.71
21.78
9.74
2.43
4.26
19.38
6.61
21.49
22.5
5.42
0.2
10.11
0.2
6.24
12.53
11.37
15.9
0.72
11.83
10.42
6.04
17.18
8.15
12.39
4.83
4.48
14.24
2.25
23.15
24.35
3.4
4.36
12.88
6.82
6.52
17.01
19.36
12.26
6.43
22.51
17.56
16.67
15.75
22.22
4.49
15.07
12.67
12.45
3.09
4.41
13.59
6.59
23.65
4.91
13.81
10.51
14.03
12.04
6.39
23.72
3.11
2.59
23.75
10.65
11.08
5.83
13.04
5.69
23.74
2.5
8.92
12.76
21.68
0.88
13.95
3.26
2.36
23.55
0.73
6.61
23.47
9.37
9.2
7.73
6.28
4.73
6.0
0.8
8.85
1.23
15.45
19.9
3.9
20.09
1.33
10.65
21.1
17.61
9.93
17.8
2.21
4.75
18.98
12.04
8.17
2.16
9.73
7.7
3.33
12.89
3.75
22.24
24.87
3.87
3.31
12.07
24.47
11.16
10.16
23.88
11.34
19.95
10.91
17.52
22.99
16.23
24.26
18.34
1.58
0.99
3.6
3.59
0.7
9.36
24.82
14.59
18.49
11.32
4.41
8.78
5.58
13.8
11.68
21.33
5.29
14.33
0.52
19.97
14.0
1.6
20.39
1.56
10.77
21.64
1.46
6.34
7.7
13.79
12.27
21.12
22.41
8.72
22.5
9.82
19.5
14.61
20.34
15.21
19.92
14.52
2.93
19.72
17.32
19.42
2.41
17.24
19.38
9.24
23.81
16.94
1.48
16.7
0.36
4.15
9.67
8.25
18.03
7.51
19.47
6.87
13.78
15.85
23.45
0.71
7.75
5.07
17.3
11.75
13.43
2.0
14.07
7.53
19.35
9.08
0.92
1.61
7.66
8.18
17.09
7.33
19.2
13.85
7.61
6.4
8.09
7.76
14.75
19.6
5.57
19.61
0.91
7.88
8.67
1.09
13.51
1.34
16.29
16.37
4.5
2.01
2.18
6.67
19.62
14.51
14.79
12.25
15.12
23.82
21.43
0.9
9.47
19.2
24.22
4.61
15.54
22.45
9.38
9.31
2.56
8.54
23.39
20.32
5.84
24.04
2.63
24.83
11.54
5.83
4.82
18.3
15.34
24.17
23.41
20.91
6.58
20.53
18.26
22.39
11.61
5.65
21.2
15.35
12.04
15.65
22.45
3.28
4.98
3.02
14.83
4.4
1.72
15.05
6.71
15.2
15.15
6.85
21.69
15.49
15.21
22.06
23.24
20.54
14.38
13.39
8.1
3.57
19.25
21.29
9.66
21.95
17.9
22.72
20.92
0.71
6.42
16.27
20.42
21.62
19.01
2.71
1.4
15.88
7.59
21.32
18.28
23.97
4.04
24.75
11.14
8.39
15.29
21.79
24.01
13.46
10.38
7.86
12.36
19.22
0.89
18.7
3.46
19.32
2.03
3.58
17.57
15.87
6.85
12.97
20.24
12.21
9.19
9.67
4.47
19.3
11.93
10.05
13.2
16.12
8.02
17.42
3.1
20.07
7.03
4.78
24.55
21.81
16.51
13.82
7.65
15.86
7.04
11.19
14.21
5.95
15.27
6.07
3.74
20.04
17.24
7.08
18.33
4.68
18.36
0.21
0.42
1.95
11.1
4.5
18.87
24.07
11.68
14.87
8.46
10.42
15.67
13.42
7.74
6.23
15.35
22.84
1.07
2.07
5.21
17.03
1.96
22.36
9.63
3.85
16.91
24.46
18.34
10.77
22.75
8.58
4.35
24.44
18.08
5.93
15.35
16.08
10.08
17.7
8.53
10.49
24.9
24.46
2.61
13.97
5.27
7.11
17.22
18.67
8.09
13.98
16.45
13.06
0.05
2.71
2.4
9.64
10.93
8.11
14.26
2.4
24.75
10.04
1.12
18.54
5.46
1.11
5.88
0.64
12.08
3.49
21.75
18.26
22.16
7.96
21.45
20.71
2.11
16.03
22.15
19.56
17.76
12.51
23.33
21.74
15.57
1.33
21.61
22.9
1.78
14.74
3.08
12.12
8.26
11.7
9.92
23.66
21.15
14.66
8.85
5.07
7.9
0.51
3.99
2.21
15.63
10.78
4.55
14.58
10.86
23.45
14.68
16.39
16.23
7.57
22.02
15.64
24.38
23.99
14.68
1.79
17.64
0.21
17.25
11.87
13.75
22.32
17.4
11.61
20.84
7.95
22.34
2.68
22.71
15.3
21.54
16.47
22.0
18.85
0.87
4.68
10.86
22.43
24.78
3.81
23.71
8.56
5.37
2.63
2.42
23.36
9.53
23.85
12.65
9.73
19.51
11.58
12.99
21.94
19.17
19.76
15.95
4.05
2.82
18.71
18.51
11.4
9.01
22.47
8.68
6.55
18.54
3.95
16.19
20.05
17.65
8.35
16.64
10.82
12.0
18.13
16.07
7.27
6.14
21.72
21.23
10.05
21.62
12.23
21.25
4.55
19.14
10.29
12.52
13.82
16.97
2.65
6.28
18.04
0.01
9.42
8.19
12.38
24.56
18.73
23.95
5.78
17.18
17.9
24.18
24.91
14.44
9.21
18.82
8.53
4.49
15.25
17.78
9.98
24.96
7.39
5.84
18.22
0.37
13.1
9.57
2.39
9.26
14.13
13.52
24.74
5.39
19.93
21.65
1.98
0.37
3.44
1.86
22.86
1.91
12.35
24.84
9.61
6.79
22.67
12.08
18.84
11.14
12.21
21.76
22.65
5.86
14.14
23.85
23.32
22.26
22.12
23.73
21.97
14.59
22.53
12.22
2.81
8.51
6.45
2.84
16.02
4.91
4.64
7.61
6.07
13.77
0.39
11.05
16.47
4.7
3.75
22.65
20.5
6.39
20.87
22.15
2.87
18.81
13.09
18.18
17.8
11.56
0.41
16.66
14.8
12.19
17.29
14.12
8.79
19.86
18.51
14.59
12.9
16.13
15.29
5.18
4.06
6.36
9.0
21.48
2.76
16.75
2.86
9.34
9.94
17.92
22.28
15.98
22.6
9.45
18.9
14.35
19.05
17.0
8.76
13.68
24.45
16.29
17.24
5.63
13.93
6.52
18.85
18.38
19.68
0.05
17.05
4.45
0.31
20.32
21.92
21.4
0.1
0.73
18.65
22.16
1.64
18.06
14.63
10.47
18.04
21.26
19.31
15.03
4.09
2.42
8.44
8.66
11.5
7.76
11.26
24.89
9.88
8.73
11.73
17.85
21.73
9.19
18.97
1.1
14.79
21.15
4.52
15.04
24.03
3.53
21.67
18.33
8.02
20.46
17.66
18.06
21.36
7.98
22.7
5.27
7.1
9.41
17.38
1.87
6.3
10.66
8.84
23.77
3.98
1.43
10.82
3.37
12.77
1.29
23.06
7.45
8.13
11.99
6.34
6.54
21.58
22.05
1.42
5.21
13.02
24.87
23.75
18.57
11.35
22.07
14.03
3.17
8.01
22.69
24.44
21.52
7.83
21.8
1.03
19.23
23.54
6.64
0.36
20.22
7.71
3.87
3.06
1.0
23.63
17.25
10.28
17.97
17.72
20.5
6.67
20.04
3.05
6.66
22.93
7.79
22.82
13.17
8.66
10.97
0.85
8.25
2.83
21.17
21.9
19.94
0.92
2.21
10.18
10.77
24.16
18.15
13.47
14.13
17.16
16.78
24.65
24.61
22.34
17.88
13.92
2.59
24.87
20.11
19.23
14.16
3.0
2.89
13.37
11.54
17.44
21.6
0.42
14.7
11.3
4.77
7.46
23.34
18.38
22.73
8.43
7.0
6.49
13.08
16.26
18.53
3.47
6.27
8.94
0.77
17.94
3.76
9.89
24.03
16.99
15.16
1.7
1.77
16.04
7.89
7.44
8.41
16.11
3.83
23.68
23.93
17.49
23.97
9.08
4.63
4.56
13.4
4.68
4.61
21.69
8.88
17.74
23.1
7.03
11.71
16.7
4.84
14.99
24.58
24.32
16.37
10.06
5.53
21.22
16.66
20.14
22.22
24.18
2.84
10.56
15.14
2.83
2.66
0.05
16.32
15.53
11.0
5.06
7.69
16.11
11.01
24.31
16.49
12.61
0.98
17.07
14.23
15.82
9.77
13.13
23.07
5.41
5.26
0.67
8.12
20.98
6.41
21.06
14.09
4.57
3.24
17.12
5.74
23.23
20.32
20.49
1.22
6.04
10.53
6.12
8.16
3.61
3.06
9.17
22.85
22.01
13.43
17.39
8.14
3.62
1.51
11.24
11.89
10.74
13.56
13.02
17.49
21.35
21.78
7.54
15.72
24.12
13.93
15.96
20.57
3.23
4.32
22.55
23.62
6.07
1.97
20.08
5.74
16.67
3.58
9.51
12.19
8.97
15.53
21.43
14.1
13.77
12.41
24.0
0.49
2.68
10.49
21.01
23.28
23.66
5.92
10.5
16.7
21.18
16.79
22.53
5.33
13.77
12.42
21.43
3.07
14.9
16.89
3.91
19.05
15.3
4.49
22.62
21.21
1.15
5.19
9.53
13.37
13.91
3.6
2.78
23.31
18.45
3.08
22.21
6.46
9.6
16.05
16.19
12.74
3.33
7.68
12.03
22.86
8.8
19.95
0.23
7.89
6.29
21.5
5.07
22.41
13.15
20.57
8.71
7.8
2.9
15.78
3.92
16.28
1.66
3.65
23.98
18.42
2.82
9.72
3.42
12.07
23.42
8.24
19.16
2.97
8.58
7.25
4.67
7.14
19.73
13.88
18.78
11.26
8.49
20.21
17.28
12.23
20.44
2.41
3.95
17.68
11.42
22.75
17.9
0.07
20.19
13.72
16.28
23.95
23.65
9.61
8.43
6.95
13.69
12.96
19.1
14.48
18.66
3.41
12.41
10.06
6.91
19.72
21.43
10.15
16.79
4.64
14.16
9.69
14.98
0.47
9.85
13.1
24.34
24.52
12.62
4.48
7.59
8.89
5.63
18.66
1.38
11.31
23.33
19.3
5.81
1.48
19.36
3.07
0.09
1.04
15.45
3.22
5.13
1.01
13.54
2.13
5.82
11.98
0.48
12.86
4.11
15.14
6.44
20.4
17.09
14.03
15.94
24.97
10.02
8.66
14.02
1.84
1.79
15.26
18.2
18.69
16.86
18.72
9.0
19.28
5.55
7.92
0.9
22.14
17.24
23.12
8.09
21.95
13.96
20.0
13.02
0.51
12.39
19.03
24.24
15.36
17.67
22.68
19.28
20.88
18.04
13.52
17.68
3.46
2.78
9.76
3.25
10.24
22.62
19.61
6.92
23.23
1.74
12.86
4.06
8.36
9.5
10.67
17.18
16.54
13.34
6.72
8.93
4.78
1.61
8.84
14.21
13.12
16.2
6.84
11.6
24.14
8.78
10.95
2.1
3.52
16.06
23.78
23.31
13.96
12.12
24.27
13.89
23.32
20.58
12.94
5.78
12.78
18.33
18.45
21.18
11.73
12.53
0.8
10.6
20.29
15.32
0.87
6.55
16.76
17.29
17.47
9.54
14.86
13.5
21.37
3.34
4.83
22.77
7.57
19.5
22.74
11.8
9.75
9.49
12.75
8.2
22.09
12.02
0.61
8.1
8.26
19.06
19.8
21.58
23.02
20.64
7.03
9.25
14.12
1.72
19.06
11.95
23.14
17.67
17.82
4.53
23.96
24.29
14.75
5.08
2.06
19.43
15.79
3.95
20.14
4.39
4.74
14.21
12.48
15.64
13.11
20.79
0.11
9.8
20.5
13.71
24.71
24.49
23.98
24.5
13.43
12.59
12.88
0.16
5.38
4.63
3.31
6.18
24.71
0.07
11.94
20.87
9.21
7.67
11.39
20.16
6.82
22.07
6.62
9.54
9.84
16.49
3.04
6.77
3.08
3.48
11.04
15.44
14.87
18.6
16.26
19.83
22.33
14.76
24.12
6.32
18.91
17.0
14.9
3.0
9.7
15.75
19.87
0.47
5.44
22.63
0.83
3.16
19.34
14.59
24.16
23.02
17.52
3.31
7.13
9.55
4.77
22.61
8.76
11.0
12.99
24.48
12.75
11.27
0.22
2.18
19.06
5.55
13.56
2.68
22.09
9.29
2.3
4.2
7.16
4.86
18.5
10.46
17.51
3.05
9.24
15.75
3.95
13.53
2.86
6.18
17.39
2.24
4.38
21.11
23.58
24.95
19.37
15.16
9.54
14.86
5.58
14.24
4.78
5.85
20.44
9.57
6.89
21.82
21.96
7.22
0.95
5.42
5.65
12.26
11.91
10.88
1.78
16.83
3.2
18.71
4.11
14.63
21.02
4.98
18.92
6.35
16.52
23.35
7.68
20.59
3.26
17.48
5.8
7.71
7.84
17.86
16.54
4.11
21.08
7.7
7.57
4.46
4.49
13.03
9.33
10.33
9.76
17.13
2.07
7.64
23.97
12.03
3.26
12.54
20.94
9.02
13.56
22.86
13.9
16.44
0.54
20.1
20.76
14.91
2.28
24.37
17.11
11.09
21.9
10.19
16.05
5.6
22.32
13.23
5.91
2.15
22.47
4.93
24.75
3.57
11.52
13.25
6.16
24.83
14.44
14.28
21.85
14.54
11.93
11.91
17.86
8.73
12.77
8.08
22.34
5.13
14.4
8.02
13.82
13.03
11.58
11.29
11.03
10.28
3.56
23.19
24.43
11.57
11.11
10.06
5.46
1.91
0.58
14.1
17.71
2.3
12.21
4.25
3.89
18.37
23.05
22.65
7.09
6.47
12.69
24.22
1.1
23.32
3.75
8.65
6.94
17.23
18.47
19.03
1.96
2.03
22.61
19.88
22.95
17.31
1.45
17.17
22.59
8.3
2.69
2.05
2.78
2.34
14.75
5.87
1.04
22.75
17.05
21.96
12.27
21.98
17.8
18.7
8.63
9.17
23.44
12.83
24.42
10.91
22.69
3.65
5.19
17.49
21.76
12.39
16.41
14.42
6.42
21.59
20.89
9.88
0.4
5.95
0.22
24.34
20.14
19.64
20.34
9.17
2.28
15.77
16.48
12.19
24.83
12.43
9.93
5.43
8.94
15.04
5.95
10.1
6.42
23.35
21.64
3.02
22.85
16.99
12.92
1.46
11.84
14.98
20.01
0.78
12.21
16.66
15.43
9.67
16.85
21.29
1.05
3.61
20.95
8.23
9.6
17.24
24.77
18.3
9.01
10.77
16.4
12.59
11.7
12.99
17.06
10.07
4.23
14.65
8.92
12.32
24.54
5.6
14.75
20.44
9.61
16.2
7.68
5.15
11.06
19.28
14.01
20.91
7.34
20.6
23.41
9.45
23.15
22.05
1.97
17.41
20.26
9.48
8.67
21.83
10.99
16.95
11.92
8.05
20.68
12.23
6.55
24.24
3.7
3.25
22.54
22.57
19.04
3.77
18.79
4.28
1.49
7.95
17.75
8.18
17.91
23.4
14.58
0.91
1.05
4.0
16.77
7.72
9.28
8.82
9.14
15.45
14.59
21.7
24.68
21.01
19.32
9.27
22.87
9.12
1.59
12.7
6.59
12.12
17.02
21.56
6.27
23.02
24.81
5.03
8.68
17.89
9.25
5.52
10.09
17.61
0.42
16.73
22.52
24.69
6.35
18.63
4.18
5.82
16.5
20.46
2.35
9.61
21.66
18.84
1.29
10.18
10.09
16.4
2.29
9.08
22.64
2.0
3.11
14.94
9.12
0.38
6.14
14.03
20.75
16.19
0.14
5.34
3.6
11.44
7.71
13.91
4.91
17.48
10.43
8.92
17.16
17.42
2.49
22.04
16.73
8.41
12.37
4.64
3.91
22.46
14.3
16.64
20.7
20.03
2.83
19.36
8.47
11.29
0.54
11.93
7.45
12.02
21.86
18.79
10.58
7.37
