1305.68
1942.05
2216.2
607.18
483.47
1993.65
2433.33
1499.4
1881.33
1045.25
2486.29
2228.76
1767.96
1066.5
1395.15
998.65
1378.81
424.46
564.12
843.05
2559.99
1463.51
1501.43
1621.79
1550.47
515.52
1108.74
468.7
474.07
493.05
2543.59
847.42
468.3
307.14
1833.16
1842.44
962.35
1000.17
1145.48
1185.24
2242.51
2649.01
1770.52
1280.08
1036.98
2373.72
525.2
1382.97
1963.25
926.39
636.41
1929.48
1798.85
1848.23
2745.54
1107.5
2764.55
417.14
401.03
2446.63
1104.92
1193.15
427.93
305.94
1882.29
1606.74
2119.33
868.73
2418.67
955.52
1419.78
1220.4
2437.96
2352.53
1404.25
1193.61
2263.65
834.64
2652.35
1094.92
1458.46
2320.76
2287.88
2032.83
589.52
905.44
2083.86
2448.51
720.52
2772.95
1853.02
2353.06
2263.79
568.07
1156.57
1446.04
950.16
2005.98
1703.6
2752.35
756.79
1702.9
2550.33
398.92
1544.25
832.5
2695.6
1963.52
982.33
2774.6
845.69
1127.52
1987.88
1718.76
2361.2
1973.26
1745.45
1138.8
1039.57
544.9
1307.37
2272.91
1011.27
2502.81
2303.39
2794.08
2114.5
423.08
1783.55
1054.44
2671.32
2080.17
2256.89
1703.38
2717.44
726.59
1273.23
1550.12
1683.49
2240.92
2121.27
436.86
2109.34
955.86
1340.22
1425.46
2033.93
2003.27
1246.21
2333.09
603.71
881.8
1361.74
847.13
2618.96
2619.5
726.52
1333.1
2780.0
348.55
408.23
2407.32
1255.44
2126.87
1845.52
2035.8
793.49
1667.73
1915.79
1680.41
2661.73
340.72
836.73
484.07
2708.64
884.93
2150.8
664.15
430.46
777.46
990.5
1445.69
355.56
1843.19
1940.64
1027.32
962.14
775.99
838.0
1925.85
1814.43
2587.18
2368.73
1739.94
718.46
1108.92
1490.01
1351.75
461.03
1195.58
769.19
1737.22
2626.11
649.6
2452.84
955.3
2022.34
1818.45
845.38
1223.54
1666.87
2579.73
760.73
1159.29
2785.99
2274.01
1260.54
655.48
1551.85
1759.44
945.86
2080.06
1652.61
1217.52
1024.13
1012.4
2274.57
1545.48
1007.34
2271.14
354.53
2788.38
2521.74
2157.41
965.99
2524.7
2341.28
2303.45
738.36
1838.68
2549.99
1561.14
1678.94
1319.42
1974.9
2450.87
1576.11
2722.44
1308.92
603.49
336.42
1747.58
2333.52
2421.14
2709.32
1615.76
825.49
1995.65
2532.3
764.22
1169.68
2257.88
886.64
2546.49
2405.86
1562.79
2794.31
1037.94
2628.67
1027.45
2036.47
2188.02
1926.08
1641.17
1931.59
357.85
2502.7
1632.02
1510.56
1736.73
1726.77
2122.39
518.64
2651.88
2651.73
331.35
1610.4
2132.09
999.29
1897.78
1939.92
843.18
826.4
2181.0
2073.4
2457.86
2509.92
695.06
2307.92
1959.97
1912.13
975.7
2372.62
2774.78
707.38
2149.52
1249.5
769.79
646.12
821.82
2429.05
1670.03
2529.74
2572.29
676.66
1871.6
427.99
984.44
733.23
2396.79
1211.95
2783.66
653.18
870.93
1912.37
2721.87
2133.49
614.45
1336.4
2790.35
473.54
1013.46
610.99
2351.09
2384.02
1159.12
1139.81
2333.63
694.17
2355.13
541.74
1036.86
1559.49
601.79
486.64
975.08
1765.59
2333.29
2131.03
1668.83
1952.77
1643.59
1652.82
340.06
1257.76
1696.92
1785.68
1569.36
2045.46
1220.7
657.37
379.73
1725.04
1543.09
889.75
853.82
1753.42
567.21
639.74
921.97
2511.61
2062.86
1693.83
1222.91
1344.01
729.74
2401.51
754.8
2201.56
898.68
2191.56
1059.93
2753.15
2599.8
2490.72
752.89
509.66
2710.42
1389.33
2489.39
1517.34
1922.91
2188.56
1636.72
2642.67
419.99
2387.34
2019.5
1126.65
1475.49
1479.72
407.62
1638.09
465.16
1590.21
837.82
2384.02
473.58
1037.55
1321.42
1805.38
2768.8
623.45
1231.93
2002.72
1234.51
902.0
2337.3
768.41
1141.29
901.22
2701.53
2390.66
1452.43
2400.33
2006.56
1192.24
823.34
1201.47
1595.45
799.98
983.68
1916.96
2110.79
1440.19
2723.98
1062.64
2579.19
985.63
2139.05
2795.96
2383.96
1488.2
611.48
2715.64
2101.72
2394.94
1732.02
1495.82
496.05
454.89
1755.22
771.88
1987.35
2692.8
1189.63
2142.41
2578.31
2409.13
509.84
1993.48
1056.41
2557.19
726.88
856.14
1529.76
1126.33
1198.56
1361.18
659.38
539.81
782.3
1635.16
1303.32
1959.95
2032.76
1876.1
868.12
1855.82
1707.4
1893.99
922.75
2771.23
2768.22
2496.97
895.58
2181.7
613.86
2592.38
860.05
1402.54
1909.0
1215.71
896.55
2282.15
2331.29
1493.09
1047.31
2073.6
2550.01
2309.45
1703.22
449.18
2597.93
2571.38
940.34
2016.46
1234.19
850.11
326.78
1212.83
827.6
359.26
1616.72
881.27
1771.89
1345.64
1153.32
1239.96
1734.73
2384.98
1973.33
576.39
1717.5
2222.27
1077.67
1870.1
301.11
2649.37
969.32
2564.97
841.63
2540.56
1686.56
756.22
1097.96
2374.86
2681.88
2491.27
2478.72
310.79
1420.97
2392.58
388.04
2035.22
1552.76
2275.95
951.98
2505.48
1041.87
2677.99
1901.19
792.46
2239.85
1636.96
1319.66
1480.28
1298.34
2068.66
947.14
1580.19
2188.57
659.03
1029.59
833.63
1729.77
1330.15
1109.87
1194.48
1473.84
1346.04
2065.81
2031.78
366.57
2074.08
855.02
1349.56
856.14
597.43
1759.82
2676.57
1229.91
1995.67
1432.63
753.2
2602.42
1424.03
321.02
1441.6
314.83
2284.8
1219.64
1836.52
2216.79
369.26
1595.21
1895.19
1477.92
1065.73
1458.04
1282.97
1828.92
1472.78
625.5
509.81
708.03
464.04
933.91
474.9
1808.95
1411.7
938.63
331.37
665.6
1966.79
923.52
1132.3
490.83
1670.7
2310.92
1183.23
586.75
2684.92
1578.19
523.56
1543.44
412.29
438.23
1096.23
1993.14
2062.64
2553.64
569.97
1459.96
1490.9
1452.08
2403.72
2328.38
1569.37
2246.31
447.98
1630.33
537.26
2467.49
1557.87
343.9
1674.13
2144.42
637.27
1007.12
1420.72
1336.55
1557.17
341.23
2145.38
1088.4
2054.5
2438.02
2018.19
1979.79
1747.57
302.54
2559.55
2383.93
786.4
750.73
392.07
1248.81
2762.99
543.14
1712.53
962.19
2454.08
1568.02
2433.89
2624.01
1883.98
1007.09
1421.04
1878.68
1927.13
467.57
1176.41
1630.99
1141.01
1745.21
740.06
386.46
1153.3
1720.57
327.51
1829.09
1186.31
2782.77
2256.98
1027.62
2728.74
995.88
570.67
367.17
2258.73
1097.74
2760.84
1845.52
710.73
1140.12
1580.85
2104.29
1778.54
950.0
1490.09
841.22
1174.47
1013.95
2546.38
2270.18
1629.0
735.51
1784.08
1186.41
393.16
2022.97
939.21
885.41
1959.49
2478.55
1005.07
2243.89
2514.35
827.44
2593.58
1007.78
844.49
1201.76
870.54
1731.34
1481.93
1974.56
2110.76
504.51
684.08
2274.2
465.61
1946.99
1958.79
2142.78
846.64
677.63
1424.9
406.99
2404.61
2166.9
2511.74
474.39
2602.19
2191.59
581.89
561.7
2549.96
1465.37
2797.12
1887.52
2019.75
1469.69
1392.23
2304.62
1421.85
1545.94
1277.27
790.72
2422.27
851.78
1054.21
1781.99
1115.31
1183.44
309.71
2302.54
1536.07
790.55
2080.47
1940.01
1240.94
1745.37
1966.73
454.96
1344.03
1611.68
2108.3
1254.21
726.92
524.05
2323.41
1497.95
873.26
2312.09
2329.85
1928.2
600.29
1058.72
2506.23
603.81
2051.38
940.2
385.51
2022.64
962.28
2157.5
1217.48
848.46
2574.95
1188.11
2586.21
2703.2
1316.1
2095.75
1291.39
1941.11
2229.66
1896.13
1023.91
1070.41
2454.26
1710.13
2553.94
1347.08
958.17
1820.52
2525.03
1553.39
994.55
853.82
1422.99
2435.83
1014.18
1684.31
732.63
2157.65
1447.9
896.48
2187.4
2120.11
383.9
1404.17
1782.57
939.93
440.73
1009.94
2467.82
1148.32
2266.72
2055.55
2696.5
2480.06
2653.96
358.24
1043.23
2481.88
1231.78
431.86
2621.54
1429.99
429.52
1009.52
2439.44
2274.16
2793.12
1400.08
1056.31
632.87
1045.15
799.08
1970.05
2215.45
2309.05
2180.42
1525.85
1281.16
550.38
1746.62
1432.08
908.14
2306.41
2077.69
1720.4
801.29
1725.06
810.24
2130.71
731.01
2148.86
1651.9
2741.59
1467.26
899.29
2399.14
1750.98
1642.06
563.14
1251.8
311.61
838.83
1612.84
1483.32
1718.47
2470.28
950.29
1992.62
1677.75
2351.34
968.33
2775.72
1959.72
401.29
311.6
2469.61
954.08
892.66
1674.47
723.48
1021.67
1590.23
2754.7
682.97
404.86
2070.09
1840.54
1083.24
998.49
2469.64
1103.3
1782.47
1363.41
1618.55
2520.39
1419.19
2363.61
1805.49
1208.81
362.15
1968.59
2041.35
2782.38
2077.59
2349.35
718.29
2207.34
1179.96
2750.0
1429.33
1462.1
1543.81
1069.44
1249.05
1280.82
1582.42
653.22
1793.86
1647.55
2755.64
2486.09
1456.25
2045.2
1939.04
887.12
1132.41
383.55
539.3
1074.12
2245.25
2089.28
2710.59
1216.35
1157.17
557.38
2269.07
713.57
2683.44
1089.48
1918.16
1426.12
860.4
1440.0
1114.89
1863.64
1677.97
506.75
480.36
2713.1
1053.74
526.36
754.6
686.21
824.75
417.19
794.24
2653.38
1730.12
1113.16
2273.79
2539.62
476.83
1160.77
2346.53
1817.83
2005.71
1698.92
505.5
2426.98
895.89
558.05
1148.76
2163.32
2499.89
1926.26
1195.23
2120.45
2216.3
2607.59
596.56
650.61
1391.0
1151.28
2230.62
1770.81
540.03
1636.44
1013.9
1318.26
503.59
387.58
2713.13
2154.3
1932.97
1990.84
1894.12
1248.19
1544.49
2613.17
1227.09
777.96
435.38
951.17
627.78
1927.38
891.4
1130.67
539.26
1388.83
2687.08
1397.37
2177.96
1725.05
1094.16
2653.53
1595.5
2230.1
606.19
866.62
1432.61
2223.74
2339.51
2744.58
2676.84
1357.07
1629.78
363.7
1523.19
392.37
332.97
1690.39
2543.97
2712.35
2134.85
2168.57
1404.68
1716.39
1760.28
474.67
414.07
663.54
2286.92
1703.03
1778.09
1173.06
2471.36
2708.73
834.17
1087.5
1120.29
2707.04
1594.6
1718.77
1220.5
2548.48
777.38
1442.83
863.72
1762.8
1669.49
628.09
2376.56
606.22
741.32
976.77
2333.74
808.84
848.15
1930.05
2374.32
2047.84
1643.59
1925.25
1667.74
1192.03
2026.58
2018.46
1881.21
1887.74
890.61
2617.99
2780.62
1689.05
859.47
1093.2
2149.12
980.33
1821.65
557.15
2719.35
2402.71
2354.09
2240.95
300.7
470.51
1772.56
2221.59
2188.29
1623.03
1602.24
518.84
2621.63
1082.22
824.75
1791.74
359.07
2702.78
1214.44
1038.79
679.08
1570.7
1273.83
1066.27
631.12
1113.41
2350.32
2286.26
1731.88
2181.59
1831.2
588.63
2614.37
1550.75
2151.12
2487.84
2498.24
2632.89
1918.46
1883.18
899.1
1085.39
1808.51
926.74
1197.22
715.49
2176.56
1877.62
2109.64
1411.59
2139.41
1464.17
1631.86
618.17
391.08
2162.58
2526.51
1201.79
2417.11
988.61
2129.77
1754.72
383.88
903.93
1872.49
819.41
1774.72
2067.05
1166.46
2028.57
1907.14
2768.28
1836.63
988.38
917.99
1949.19
558.65
865.98
322.43
1578.61
2264.08
1576.64
1013.92
2394.83
1511.74
2024.3
2766.15
2334.31
2426.32
601.82
1651.62
2792.59
1109.25
404.47
385.13
2746.73
1385.61
1012.13
1584.83
1825.44
2501.93
1406.59
2432.69
950.48
1671.3
2253.96
1406.72
993.86
2322.5
2318.16
1005.77
1812.18
915.93
2540.77
487.8
1255.76
1925.3
2450.59
2288.42
2010.26
2615.17
360.69
2748.77
1164.53
2170.63
997.98
1336.7
2489.94
1420.47
2512.09
1672.54
960.25
1515.83
521.86
1495.35
2269.17
472.13
883.57
1356.11
2194.58
2177.73
2518.23
663.73
689.32
1972.43
750.23
1334.59
1648.51
942.27
2028.89
2444.93
330.45
1023.16
2080.48
988.99
1607.39
2191.16
1159.27
2268.91
2340.34
2777.73
1380.78
1489.49
2257.22
2469.95
1563.08
354.31
1445.09
863.11
541.73
1148.1
1279.8
2754.13
1438.11
2718.93
2130.98
932.72
2054.91
1306.64
1748.19
1598.16
2629.54
624.27
1409.84
502.92
936.85
492.1
2646.74
1087.22
2253.23
2171.35
650.98
652.63
1244.87
1721.46
1366.81
2219.89
1639.86
2504.62
1781.0
1780.92
1949.2
1807.51
1830.29
1424.27
526.37
1222.27
2220.76
394.97
2026.58
2752.14
1389.91
831.03
357.52
2436.88
668.47
407.87
1513.6
1254.33
2699.52
1456.31
2388.58
2629.99
760.61
1165.82
2608.2
1689.66
1106.72
1601.28
2127.92
1845.86
2633.98
2707.45
2078.65
1959.28
333.9
2259.24
1548.6
2486.6
2632.77
1222.51
2563.66
1948.92
1370.25
426.93
2155.38
2533.02
1755.77
1307.16
1428.67
2070.17
795.67
811.01
1167.59
374.54
1972.35
1420.6
2534.29
1917.57
2061.78
1979.65
1344.79
2631.79
2585.91
1506.29
2248.34
2762.76
1128.09
1862.13
1723.89
1651.93
2632.81
616.5
1590.96
364.64
1070.26
1987.66
2251.02
2435.66
491.54
761.41
1303.76
1253.04
934.83
2641.73
1634.8
1942.56
2174.15
1659.71
2384.11
2762.1
1279.8
1909.21
1092.49
472.51
367.68
881.43
705.79
2105.66
1458.4
1650.25
504.47
348.52
1387.83
939.22
1854.92
1579.13
2371.06
2396.35
1642.83
2567.03
2632.1
910.91
2743.74
2764.82
462.41
305.91
446.5
1174.15
2320.13
1561.41
1040.67
437.51
1289.61
390.41
731.81
2496.81
2204.06
2789.29
2536.06
2439.29
736.86
1920.81
1801.34
2594.77
2252.55
2236.84
1111.84
611.04
1222.64
821.08
2119.25
1448.29
880.67
1944.96
472.74
2594.59
1745.78
1452.47
922.76
1669.73
1017.92
1286.32
2521.36
785.36
1170.08
1939.61
2111.94
587.29
2640.59
367.68
467.24
2205.24
2228.69
1965.22
1604.15
1021.59
2399.96
2046.89
2720.13
1435.79
1476.32
2278.47
2782.62
2541.02
1043.7
2684.04
794.92
1353.61
2517.35
1083.61
1180.58
2786.91
1427.55
2668.63
985.08
1552.07
1256.86
1710.44
2546.02
2777.2
1552.67
737.58
426.19
698.81
2166.15
1785.79
2171.97
2684.93
2067.06
2243.87
1367.86
1578.31
2358.22
1897.66
1638.75
853.0
1807.08
1027.79
1775.56
1459.72
554.31
2442.86
1753.29
2557.37
2617.49
1593.95
1995.13
2538.46
2000.39
909.84
946.2
1347.21
394.19
1227.45
658.9
2367.85
2255.55
737.8
1011.68
1724.87
923.44
438.86
2213.35
527.81
1994.43
674.63
319.19
1706.25
1011.69
625.18
2012.43
1910.34
1328.46
521.49
1464.61
560.42
2785.85
886.79
307.76
850.07
1849.1
2741.12
1613.56
1412.68
2780.64
712.42
794.44
1251.74
2168.76
1056.29
1474.79
2648.37
2481.98
2667.56
717.04
1505.35
2082.77
2132.24
1675.21
2351.89
406.79
792.27
1119.87
2122.26
2554.33
1622.15
2070.42
1786.02
2611.23
2550.23
2319.77
998.96
1232.8
1341.08
310.85
877.75
2084.52
1660.98
2694.37
372.89
1245.72
2068.18
634.25
1549.06
339.63
750.38
2645.47
1798.33
2198.08
555.45
886.48
779.8
986.9
945.79
1708.82
2064.22
1671.09
1047.63
2037.04
1679.69
1896.35
828.94
2699.09
1119.36
1224.23
1651.27
424.23
777.92
2331.73
2284.69
654.55
1774.22
465.65
486.55
2299.01
1476.33
2616.35
1495.31
2317.4
1896.91
1376.5
1687.18
2635.57
489.64
1623.68
429.62
1688.6
1817.33
2318.74
2295.45
325.23
477.98
2011.34
757.17
1620.33
879.3
2386.48
2002.26
1388.85
861.61
1948.41
1178.21
1772.78
1970.26
644.17
423.15
1533.3
695.75
524.18
522.62
2055.25
2563.17
2629.6
2639.78
1977.49
2614.66
629.62
1803.77
2199.99
2657.66
1120.9
1761.94
1308.89
1645.67
1558.92
2424.22
2360.17
1287.28
1002.52
2427.2
2686.65
346.54
1552.51
2228.79
2764.93
1626.3
2097.52
2633.37
1238.05
2512.05
965.38
2113.65
2689.78
1920.76
1240.52
494.85
801.68
2123.14
2774.19
2424.38
2278.7
346.82
2134.23
2368.9
1112.49
2799.26
389.66
1277.7
831.58
2731.35
1980.19
1341.81
2731.52
453.75
848.7
1356.4
610.71
2792.36
1733.52
705.35
921.24
1290.55
2115.94
1060.27
1044.74
1864.73
414.53
2079.92
1669.17
1384.98
1282.45
852.69
900.74
1549.62
795.63
1719.23
1924.24
1444.62
567.43
2643.94
2383.12
2683.84
1220.56
380.47
1390.86
1462.67
2066.31
2136.76
1361.91
2743.03
580.65
2556.1
2224.77
1632.94
2206.42
2185.42
716.81
1631.18
1477.33
1535.37
720.7
1262.47
1596.98
2010.63
1357.91
1917.23
1843.86
2332.43
1337.19
2481.67
365.71
2551.94
2678.23
1331.23
2673.32
2461.17
442.6
1928.54
2594.15
815.19
2601.59
817.32
1878.19
1251.52
1670.21
1003.64
1318.56
1558.62
1554.73
2785.3
2436.81
668.06
2701.49
1720.39
1824.52
990.21
1057.51
644.74
2374.02
1508.42
543.93
1410.76
1151.25
2025.11
766.45
2638.24
2252.9
1278.78
770.38
2218.77
596.44
518.43
1999.67
800.72
1907.7
1188.28
539.66
1861.19
1915.99
1650.37
1172.18
2584.67
2000.59
1685.94
1502.59
2407.55
2703.15
1693.12
423.55
1528.09
1913.79
2343.83
1076.29
1991.24
415.67
1178.61
1047.39
513.99
2054.86
1221.16
844.72
667.81
2559.23
646.93
2464.21
1599.25
377.85
2695.6
1682.65
1094.04
970.57
1093.06
837.13
913.77
1247.75
1601.61
2114.23
1057.77
638.02
351.45
1230.29
2277.3
1122.15
842.9
2579.06
1955.73
2739.15
1702.09
1652.22
2729.91
1826.66
1586.83
896.8
1257.34
1705.19
1710.71
1438.65
2023.58
692.29
2468.7
2143.46
2360.19
388.42
2255.43
2149.13
350.71
1427.09
1061.82
939.13
692.58
933.35
2205.31
2569.55
1177.72
1013.48
1032.92
1635.78
414.05
1736.59
2600.41
1531.14
1296.2
399.29
1669.27
640.99
1453.95
1072.34
952.11
2693.81
2269.23
598.81
1090.63
2058.4
2358.9
1616.27
2550.75
1203.95
490.32
2653.79
1334.38
357.7
2098.0
929.45
527.54
2410.16
906.43
1658.43
1830.66
2662.53
1291.22
1553.52
1054.22
1466.04
317.67
2446.74
464.88
915.22
2097.76
1903.87
2179.39
1563.11
2621.49
2662.49
2194.78
1104.26
402.89
1673.33
322.65
2323.48
1770.11
1847.31
451.07
1764.63
749.34
1306.56
1097.93
915.73
1417.68
2204.83
883.05
1576.2
1191.63
1935.43
1717.64
1925.15
2755.72
1567.47
556.94
412.05
425.94
1180.44
2111.56
2400.27
1785.12
1499.96
2416.59
441.81
1108.97
443.42
2627.76
522.98
2698.88
2127.05
1536.35
1081.51
1642.7
1906.73
1503.26
2593.75
648.24
621.0
2248.8
1701.8
1315.22
2351.13
2647.66
1611.79
1721.53
437.5
1546.12
349.3
1314.75
2715.92
2206.4
2136.03
2262.15
2424.2
406.76
2498.74
2236.54
2009.79
1314.33
1051.35
779.86
1154.02
2495.7
441.15
2115.45
512.88
592.04
799.35
1984.63
2428.53
654.44
884.7
1886.65
1440.42
1883.69
695.78
1449.0
1151.15
1391.79
1040.9
658.12
1966.96
1972.55
960.96
1742.91
2704.24
1642.82
1084.99
1071.39
2378.12
1521.18
958.18
1877.22
2461.89
2118.66
515.86
1154.15
2331.78
1345.64
2796.57
1154.85
2568.74
1448.62
2640.0
1353.26
1471.14
1652.01
399.48
510.13
2436.45
962.88
1868.16
950.0
1180.21
1810.79
1146.57
2114.53
1591.36
2191.87
834.85
1912.42
1083.36
1182.85
766.49
621.31
2503.42
2665.69
1283.9
2208.82
2308.77
654.63
2647.71
2320.53
2274.04
2611.23
1182.21
2516.72
2795.0
878.36
603.59
572.0
1243.71
2321.92
2177.07
793.31
1636.82
1203.84
2379.59
2310.43
2325.34
1613.16
2318.66
2133.4
1611.9
2231.89
1242.15
2249.52
1858.43
2454.7
2530.83
1271.83
1019.63
1000.21
1115.29
426.76
2628.08
609.95
2494.88
1518.92
2550.88
2631.48
2353.02
1317.41
1331.17
2716.07
1141.88
1327.91
1027.13
1584.31
1826.08
1957.61
696.22
1166.47
2789.92
478.94
1230.55
829.53
1004.18
1468.08
2766.44
2330.97
901.75
643.61
1815.49
2490.82
800.66
787.94
2010.26
1043.0
403.72
1056.17
826.69
1119.1
2336.19
1983.29
999.35
1321.63
834.79
1684.06
865.63
2618.15
974.48
2080.06
1284.89
2533.94
1088.6
339.79
565.27
469.67
1075.02
1981.02
1590.32
922.54
2796.91
464.25
1858.03
2304.08
2695.04
1186.06
1725.45
929.19
384.11
1594.24
1776.65
988.14
880.83
1002.36
1610.83
2001.19
2101.65
992.72
2440.66
1513.17
1670.33
870.8
1257.93
429.09
1743.17
2172.18
1658.79
1116.35
2386.87
444.09
921.84
425.08
1282.52
925.88
2006.46
496.4
384.18
1682.31
2166.54
1470.88
1003.17
1546.4
1145.74
1040.62
1417.9
1835.12
1746.64
570.57
845.67
317.62
1395.39
2225.32
1335.63
2798.33
2175.84
1237.29
2733.02
1901.7
2598.53
518.36
1693.98
2571.12
1926.99
2770.53
2789.38
2280.09
996.91
2433.9
2058.76
565.85
1269.19
2486.28
2069.41
1368.4
1832.51
2641.95
1794.05
869.18
1973.41
965.48
1847.54
1911.42
1203.84
2151.69
1032.27
336.81
1176.63
2455.75
1742.15
2423.43
621.5
782.47
711.55
2262.82
1830.48
1141.01
2251.62
1388.47
1839.01
2436.77
1363.12
2180.71
1714.1
2569.2
1438.66
1046.63
973.48
777.05
1191.37
1385.73
638.87
2139.36
2644.75
1329.68
2613.0
1355.0
850.57
2447.77
2553.86
1896.75
2606.37
1171.76
1096.82
2437.2
1002.09
2465.56
895.85
2037.34
2345.96
2470.24
2712.79
1050.99
1660.43
2691.21
325.73
1838.24
673.88
1400.61
510.14
1141.02
2029.08
2329.15
1703.21
1390.52
1156.35
2567.23
793.89
2010.32
651.99
2549.12
1013.42
1228.28
757.9
2635.27
2519.29
1483.16
375.32
2561.34
2706.55
474.96
1821.8
2689.57
2041.25
1590.5
1155.14
2150.1
2769.18
1898.07
1561.87
719.69
2453.08
1259.5
2223.45
1169.47
602.11
1971.73
1664.21
676.94
2373.76
1056.38
1407.18
1541.79
915.94
1555.13
469.44
767.48
989.25
1198.3
922.12
1476.89
1947.95
1163.15
393.52
1884.37
2499.52
611.38
762.75
374.03
846.26
1039.2
1439.92
2049.08
1382.23
1212.15
2009.38
1912.35
1359.91
1146.6
1249.66
1311.93
524.39
754.47
1941.13
2628.26
511.1
602.39
546.55
938.26
2281.44
2389.74
2529.51
2260.02
1447.14
1720.96
2012.08
919.15
1662.8
1586.84
2216.89
885.56
2600.33
1267.16
1535.24
1137.61
588.86
743.97
2775.65
1174.52
588.82
1413.1
643.14
1837.24
360.3
1701.27
2016.88
501.8
669.8
2236.53
1352.37
530.57
2455.97
2142.33
767.67
1168.06
1719.89
353.97
1524.57
1151.49
2614.6
864.69
1296.29
705.7
620.85
999.5
2340.67
1244.13
766.25
342.29
1670.6
1537.62
826.55
1208.2
1020.97
2079.32
1219.12
1474.26
2773.44
2538.25
1945.22
1506.58
1180.38
2657.91
2581.49
712.63
930.31
1276.24
1443.28
1655.52
396.6
470.27
1473.63
2595.49
2156.0
1657.57
371.21
470.7
1874.96
779.32
1739.73
1433.89
761.39
1463.76
2516.95
861.73
2692.23
873.09
1441.36
2107.4
2236.2
1075.62
341.21
1864.69
1105.61
1602.97
461.67
1277.81
1877.86
508.05
1482.86
1392.48
1080.13
2764.15
2735.77
1524.09
771.09
1465.35
2419.68
1161.91
1152.74
2322.36
1870.19
1313.25
1596.63
1786.4
703.0
1492.9
1607.82
2788.38
931.57
919.73
2202.14
1137.77
440.54
2694.86
403.95
2598.38
2331.88
1826.94
2503.95
789.44
768.53
1409.5
2791.26
323.01
655.24
2097.23
945.82
1686.06
2085.58
2401.3
1691.93
552.29
2034.65
1552.65
2035.26
442.93
308.88
2567.62
1721.06
746.68
2061.47
2068.39
2587.08
2217.38
2396.78
2388.45
1034.18
1604.67
388.36
406.9
2503.05
427.7
1672.28
2621.62
813.69
1406.73
1919.08
1704.59
1209.07
2269.08
1323.58
1265.23
353.98
2461.42
2798.49
2158.21
2727.47
1538.75
1754.05
2511.58
1609.92
478.7
2146.02
647.51
1157.48
2411.14
994.12
2636.33
2338.05
2720.42
562.13
1036.75
2277.95
1983.61
2209.69
2481.08
980.62
2730.94
2198.7
2669.59
572.32
1694.7
2340.99
523.09
1513.54
2294.22
423.5
2093.9
2721.08
440.41
2594.83
1347.96
360.53
1170.32
1060.1
922.39
2371.7
1430.9
1070.29
1075.27
2780.27
1847.05
403.99
2519.8
2116.71
829.31
583.91
1242.92
819.88
2054.57
735.77
1609.36
1892.74
1972.63
2214.37
1557.29
827.75
1148.76
1249.25
2018.55
1864.6
1537.56
1483.43
450.4
2024.13
2310.32
2521.4
351.08
2487.03
2490.06
1957.78
996.35
2531.21
1168.76
1752.59
1402.38
2514.87
945.16
1127.87
1319.77
2436.96
1095.48
1021.59
2290.18
1269.19
1962.28
2488.98
863.91
1460.85
1517.4
1720.7
2596.18
2751.51
2302.83
374.8
592.61
594.16
1629.03
407.86
1579.27
2179.56
1054.82
1473.55
541.45
472.19
1634.47
330.39
2058.61
654.8
2535.71
2425.67
866.49
887.64
391.82
2758.97
438.23
1499.08
2423.07
700.55
2227.67
721.98
1061.55
939.04
417.66
607.32
1988.37
515.2
2738.98
952.23
574.07
1230.93
990.19
496.13
1941.52
2244.23
305.3
1729.7
1913.94
2758.38
1950.71
1047.01
1973.82
992.16
648.96
2153.6
1509.69
2679.67
455.53
1498.6
927.39
1562.41
406.37
401.14
1640.37
1183.0
357.39
1821.74
1409.84
2742.46
2381.21
2125.41
1498.11
1512.22
2650.13
2129.04
525.53
1389.59
1345.3
581.02
2413.92
1003.84
1234.3
2749.28
2005.15
2314.65
563.16
1650.03
2088.9
2333.13
2512.04
524.69
2148.19
545.38
1310.37
1415.5
1016.63
2458.28
1765.9
651.31
1231.8
497.05
1536.45
1187.09
1104.57
2407.99
2424.21
1998.45
2598.25
1936.76
1847.51
534.2
326.1
824.68
2266.95
2622.99
874.08
721.51
2388.95
1248.87
2744.71
2702.05
1135.85
1699.6
1999.32
1899.94
2738.62
1197.74
2114.77
1752.47
1601.5
670.9
2184.04
1293.91
623.18
328.53
671.35
2025.98
2171.89
414.68
686.92
2798.03
1334.66
2537.52
1317.01
1622.61
2489.02
2774.65
477.49
1880.57
1471.16
1648.0
804.3
2535.88
1016.98
648.38
2072.14
2751.06
900.94
1472.43
461.93
1133.69
2314.46
2503.89
885.9
1668.58
2262.07
346.24
830.76
393.35
617.06
744.16
373.96
1394.7
1331.37
1029.19
1095.58
1642.83
2312.02
2737.79
2342.13
1274.55
2488.83
2360.46
2580.56
463.9
1183.73
416.33
1103.61
1001.5
2576.08
2662.3
2037.68
1006.99
317.31
1976.39
1548.5
818.37
739.4
1699.68
625.63
1672.65
2590.07
2278.68
2653.57
920.7
2680.25
1487.96
1876.66
1034.93
2785.6
1394.41
768.8
1734.85
938.95
1389.96
820.13
1266.91
531.31
1011.99
921.91
2669.33
1781.45
366.37
2584.2
1910.89
1142.88
1216.01
378.55
2735.81
2451.21
463.49
2003.9
1423.06
2320.75
1858.41
1332.02
1391.03
1928.93
1936.78
1694.08
2510.4
2248.32
596.6
2479.7
804.47
2676.02
2318.29
2572.81
1991.4
1928.89
922.77
1865.28
1350.62
683.48
1200.25
1955.36
2489.22
1395.15
1024.93
702.53
1307.52
1011.34
1417.98
551.86
2138.7
311.06
2048.95
1066.58
1198.11
727.91
2720.45
432.41
1007.64
667.29
1505.67
1700.0
790.8
1938.26
1681.65
2405.32
2566.36
2036.29
1875.68
1813.48
717.8
2508.1
1200.54
2028.52
1401.64
2557.26
1318.86
1699.97
768.68
1685.1
806.45
2286.28
1218.29
1360.84
1900.79
514.89
1086.97
2633.34
2455.3
878.03
1582.09
1758.3
1054.11
1169.1
2744.89
646.33
2578.36
1185.61
897.66
951.34
1008.24
1017.25
935.1
2406.21
969.48
2454.6
2723.17
997.07
1712.74
1440.37
2416.74
1070.7
2211.93
1489.1
1877.27
1741.62
455.99
1771.46
2368.69
1021.1
1306.84
812.78
824.12
1067.71
2184.27
1503.2
2028.0
2639.06
2125.91
1232.9
1576.73
996.48
464.37
1965.04
1954.61
2440.6
699.31
2510.69
2285.89
568.16
2756.0
397.63
2287.05
1371.36
2463.43
2120.83
451.66
899.99
2681.05
667.99
471.22
685.65
2100.71
399.07
1382.04
528.44
2017.88
932.44
2011.65
738.17
1290.59
2613.64
1260.0
585.04
1224.89
1436.53
1446.18
2073.08
611.73
1453.91
934.88
1411.27
732.62
888.66
1682.11
1053.2
699.02
1849.07
2391.17
2353.5
2385.26
343.08
2015.25
2796.97
2116.17
964.57
1710.01
1495.14
1447.55
2106.62
617.16
598.4
1566.17
2734.87
453.84
1226.35
1572.1
303.14
1036.69
577.1
2063.86
1397.58
1856.62
1806.05
1194.4
388.57
969.28
1502.89
806.71
2644.21
1334.04
1180.49
568.88
990.36
1746.31
2349.07
2233.57
2012.74
2631.2
907.56
886.87
416.62
2059.15
2302.79
949.18
2276.74
2072.44
1652.46
1683.68
2062.74
2795.39
1097.75
481.72
2048.87
372.12
2537.12
2731.76
2116.11
1157.63
864.3
575.58
314.87
1376.1
1917.78
1240.9
1395.49
2013.07
1322.58
2233.54
1905.86
1978.5
1848.28
599.29
2010.2
1780.58
1735.66
1795.95
2767.69
1390.15
565.17
1582.18
674.86
2315.89
924.06
2789.16
743.99
1245.07
665.4
1348.08
1510.14
2158.4
303.48
877.01
974.81
1801.52
992.99
1517.1
1519.44
2326.12
2489.74
2742.58
2401.99
2494.9
2727.44
2368.57
811.59
2280.91
2073.85
1689.65
736.24
420.04
842.87
2492.36
974.06
1417.45
2793.94
1573.73
2218.75
2287.59
2498.17
1132.12
681.32
2521.55
1823.92
1789.57
1724.5
387.63
921.88
1981.15
382.48
1816.87
425.58
321.19
2529.29
2577.37
1025.17
2462.31
487.3
1328.97
1491.11
1321.37
1170.94
1828.3
1990.7
2696.18
616.64
2550.98
2293.44
1006.84
800.64
591.25
1359.31
1675.34
1724.43
1341.88
2013.38
2069.62
1587.57
1679.24
787.24
1684.86
488.2
1726.69
1907.2
2754.47
1362.43
1539.3
1430.4
949.46
535.87
1901.49
480.26
1375.16
327.54
2651.3
2043.61
857.84
990.39
1105.61
1597.7
1879.46
491.47
1950.87
486.09
2584.73
1543.3
2634.19
1906.07
1302.99
2257.07
470.2
1767.57
944.18
2406.82
2526.57
1763.67
952.19
1272.43
1851.22
1363.12
2242.74
1222.34
1563.69
772.56
2044.49
2463.06
1216.56
2686.79
395.98
850.86
1331.14
1361.13
2283.5
2517.96
1057.69
1896.89
1679.07
743.77
1115.09
349.44
1059.51
563.69
2545.95
2547.28
2000.5
2782.06
1749.71
801.21
2511.69
820.99
967.44
1946.82
624.0
1824.53
1057.03
1865.16
2295.38
1285.72
1127.56
1126.85
1194.24
2258.94
1376.4
2083.95
2149.51
1632.19
1438.28
1246.05
1937.7
1586.18
1029.29
1632.24
1945.06
1661.38
337.55
2782.94
2192.46
908.72
2201.63
2219.33
1802.07
1861.52
703.13
1230.27
1770.23
494.12
2745.19
554.58
1308.88
2583.84
338.09
2008.11
1270.95
2093.1
1959.76
1792.41
2463.3
312.54
665.18
2266.92
1887.51
2614.32
1397.46
1674.29
1860.61
740.47
658.73
934.3
1264.66
1519.28
1461.07
2280.01
634.51
1221.89
2664.97
2229.86
1369.97
1753.06
1475.55
1259.69
631.97
718.23
1020.5
1213.0
929.16
1743.35
1795.31
414.59
1924.14
1468.92
1667.57
2533.2
758.34
1311.12
1512.89
1777.08
1994.22
623.19
2172.45
852.6
2677.97
564.19
2766.79
2619.96
2523.0
375.8
803.65
1719.51
2103.15
2136.9
415.35
2021.82
1540.88
1083.98
2023.76
926.79
1912.56
1830.4
1777.81
1632.19
981.39
802.63
1257.91
2727.1
2268.83
1260.91
2009.2
1001.95
836.72
1758.74
940.4
1666.22
500.62
2387.35
1254.89
338.81
2695.67
1663.32
2589.69
769.79
1050.61
1257.94
788.44
1434.96
1003.59
613.56
503.71
945.07
2753.07
940.67
2438.64
1447.72
930.89
2357.1
2187.26
1843.58
1016.26
2205.48
348.51
999.6
2454.46
884.96
1874.07
1498.18
1372.56
2015.51
395.36
1544.7
1400.1
2176.99
1365.96
2561.89
2781.6
2489.49
2290.36
2092.51
1702.06
2267.15
1807.21
2704.76
2523.67
1741.08
1362.36
792.36
911.86
846.99
2529.03
2592.02
1100.34
2054.76
611.66
1703.56
1048.53
2676.44
640.15
637.71
2228.2
1079.85
938.16
823.87
932.4
2772.78
1434.36
925.64
458.03
602.83
1941.97
951.08
1689.73
1681.76
1204.91
2083.58
383.21
1342.67
1385.38
611.32
338.22
1635.4
1036.73
2630.43
2064.22
520.29
1938.6
2488.14
2692.23
1081.73
1394.93
1913.2
2573.71
1990.12
1260.59
525.51
660.52
1669.57
895.86
1423.95
1318.39
1726.26
1133.67
1451.54
1754.94
1785.21
1469.69
2085.27
1275.56
2269.97
2761.52
2198.17
2249.78
2480.64
558.73
1702.85
1979.7
2588.16
2383.57
1272.9
1079.94
1040.47
925.51
1073.06
2135.35
588.8
2136.63
785.93
1860.11
1790.0
1781.55
1076.69
674.86
2279.88
904.47
498.81
696.41
585.33
2087.12
2163.02
1144.81
2211.94
2396.07
1492.87
2367.42
1559.92
2323.2
1402.82
447.33
850.76
1059.12
1401.31
1486.28
2739.05
1488.35
1228.84
1201.77
2514.72
1262.3
2262.85
923.0
1372.32
1734.68
1711.11
1748.88
2153.29
1575.28
758.17
1752.69
1045.0
1051.33
621.5
2574.95
462.2
394.33
2112.23
2062.11
1176.32
2151.44
1519.36
2120.64
1664.4
2131.13
2231.67
1008.91
1263.1
1561.11
776.35
2725.85
2610.34
2242.44
795.72
1432.72
2618.21
1830.53
1263.58
528.97
550.36
1995.73
1078.83
1541.83
2178.91
757.05
494.09
1241.61
706.08
1575.89
1681.92
576.43
2282.2
358.34
1160.34
416.99
2067.73
2496.29
1170.42
1120.53
2035.79
2478.84
2517.86
1760.69
1785.05
1848.41
1570.27
1627.29
536.7
2756.6
454.71
1500.9
2263.51
1757.69
540.3
1688.58
2563.36
1854.95
2248.31
1456.24
1080.24
800.26
2423.04
2066.28
744.74
1679.32
2074.24
1720.09
2673.71
761.99
2085.86
1841.3
2597.31
2456.44
1921.15
1389.89
710.22
2307.17
2361.13
1205.26
865.62
2629.23
1472.24
2140.53
1854.21
2049.08
346.37
1865.62
1674.15
2183.73
2644.33
2374.81
1405.44
1788.95
896.43
306.0
663.22
480.6
2174.67
769.12
578.42
1012.6
2634.06
986.9
1942.21
2383.98
2372.3
2659.28
1206.07
1519.95
893.92
462.26
2745.44
2466.64
1087.58
2274.75
2374.27
912.76
2634.44
1101.2
1719.93
2294.08
1775.23
948.7
2631.82
308.62
1612.2
411.87
1936.97
406.02
441.72
1532.89
2019.59
1352.43
2584.94
2617.59
1421.76
1805.52
2747.67
2354.36
635.8
477.84
1723.38
2406.57
2192.97
1866.39
2387.25
625.44
1477.08
2273.33
699.77
1233.58
1448.06
487.51
356.3
1569.05
2567.44
556.57
623.66
444.05
1205.39
1284.97
2758.3
2357.19
1213.78
1251.82
1340.6
1775.88
2491.19
873.81
913.91
2776.11
1522.91
2011.17
2320.84
1523.25
341.02
2174.16
1757.79
2494.32
2301.62
1287.39
406.51
1674.42
2752.88
728.61
1568.07
599.62
2648.01
2368.28
1642.99
1896.82
1914.73
2684.6
2727.24
1963.1
1035.03
1898.68
1689.92
2272.55
2457.93
1894.1
1592.15
2442.34
1415.79
1492.89
342.86
479.69
1373.96
319.03
808.65
1998.97
1872.14
1717.1
2362.81
1203.41
1949.7
1911.37
1948.02
1984.77
2305.9
1820.73
2490.41
1369.14
2733.64
384.04
635.2
509.28
1395.69
1769.71
1406.37
825.35
880.11
2317.96
433.57
2778.77
2101.78
2602.98
757.06
1698.02
1622.4
1852.03
2244.2
2084.37
1282.42
2473.24
335.62
933.09
1598.66
2447.85
1297.27
2240.09
962.76
2723.36
338.64
742.09
354.78
342.85
2564.3
989.75
885.67
967.81
2307.05
1079.46
1782.76
2445.89
1096.93
664.52
468.69
1708.32
1814.57
2477.61
1483.86
2468.08
1586.21
1775.54
1643.98
1051.04
2409.15
2510.77
2421.06
568.3
1966.25
1410.22
544.39
454.52
2044.61
1294.09
1255.35
832.69
1805.31
670.99
310.18
335.18
1219.64
2096.96
1806.43
926.72
554.88
1204.61
2541.04
1167.22
600.03
2527.9
1109.94
2229.9
982.78
2472.79
504.66
932.98
2118.68
1286.28
1676.51
992.54
1203.13
1816.17
2281.07
2529.91
1197.08
1876.01
1544.91
1940.81
1854.68
1850.59
1390.69
1033.85
1353.11
2392.72
1157.14
2453.6
715.64
1684.33
572.82
1406.15
2726.33
1865.8
344.55
2356.33
1551.38
1978.87
1905.32
771.22
1313.91
837.25
746.46
1692.6
809.07
803.61
1866.35
1305.39
806.65
1259.04
1748.55
1796.89
2545.14
2625.43
807.54
1525.81
1414.01
2218.2
781.63
865.24
695.51
2130.69
868.69
1349.18
949.26
2755.72
1919.99
1014.07
590.05
1396.77
752.88
718.03
1037.62
2715.96
1299.59
825.9
1121.1
1494.37
479.62
1062.48
658.0
525.78
2572.48
1010.36
822.84
2050.88
443.62
2733.1
2762.49
2212.23
2767.57
940.28
936.58
2472.35
1818.76
2107.71
334.53
1459.64
995.86
684.96
1596.98
992.21
1658.52
495.5
2294.29
2673.9
1873.49
656.96
2172.69
2495.92
1216.19
1584.43
459.21
1669.2
418.67
1180.25
995.74
757.34
2432.55
1808.61
1995.17
1530.81
2168.7
1225.28
1403.43
508.04
1099.19
563.88
1504.1
2646.85
2327.57
1393.11
1051.77
1123.56
1481.64
907.06
1145.35
1530.7
2402.66
538.43
1311.95
776.01
1892.58
1726.77
1743.16
1631.89
2133.96
685.15
764.51
2072.25
629.44
2117.44
711.06
2778.94
412.82
2241.04
879.9
1109.07
2579.53
1066.5
1242.58
755.51
492.93
569.97
1784.15
417.02
864.22
1283.78
571.25
2170.77
2728.68
2537.44
2684.12
1662.16
670.16
1967.0
449.18
1490.32
2273.28
2437.3
1038.42
854.85
2023.67
646.92
2785.02
1130.41
2173.43
2113.94
1075.47
1265.49
2404.21
869.88
450.1
668.16
2010.2
893.6
1717.79
1283.87
2470.54
1518.64
649.02
2382.09
506.66
2370.61
403.74
309.09
2188.84
1700.21
837.54
2714.87
1892.53
896.42
1339.97
2582.95
808.5
2617.15
841.96
358.81
971.09
436.55
882.37
979.96
1341.7
1006.74
2079.35
2727.08
418.78
1582.59
954.19
1456.85
2061.48
2492.0
2516.7
707.87
1706.59
1007.25
1544.55
2599.98
451.66
1785.39
1199.3
2470.26
845.78
1132.47
350.78
1374.87
1883.07
790.4
1889.19
2161.79
781.05
2188.18
2631.92
856.2
637.5
1133.52
776.79
2238.12
632.07
356.33
1179.52
2261.82
1928.24
1626.34
1444.87
1923.68
1530.46
2237.15
2466.11
734.06
879.9
1584.15
2464.46
2596.02
614.56
1057.84
2224.03
2634.17
502.97
1473.78
1539.22
321.47
2435.83
568.48
2393.73
352.43
2757.58
1612.32
1047.06
1815.71
1009.48
569.32
930.34
2402.01
917.59
1327.16
1673.68
2474.98
327.09
2505.23
2152.82
1266.93
2780.13
447.07
2144.41
2099.63
2667.13
2361.07
1738.97
881.1
1574.52
556.77
1521.44
784.87
2636.46
1316.53
673.71
359.36
1126.13
444.55
1448.28
417.62
2383.2
1464.13
2282.08
1210.18
2219.68
1313.27
1978.45
2083.11
1806.2
437.98
1217.65
2241.84
2611.72
1951.21
2718.37
985.89
640.87
1119.75
1995.27
1276.24
1947.82
2054.89
1834.91
2247.13
882.85
574.25
420.64
2740.24
2094.55
896.1
1492.33
455.59
1961.81
2717.77
2064.57
1856.44
2605.49
1580.98
2162.82
2631.98
1917.2
1615.09
1751.11
2223.62
429.7
1120.3
428.66
2265.56
2587.14
1298.75
930.19
401.46
317.09
1663.22
1133.55
2710.26
2343.63
1427.27
796.57
1256.95
479.08
1856.8
2462.8
1388.53
1500.89
2644.62
1073.96
554.22
472.43
2220.53
845.86
2797.37
2707.86
2434.44
1559.72
1569.39
2630.38
1043.31
1516.74
1306.48
1196.43
2529.6
2111.01
2661.15
480.19
2368.15
1120.1
1777.4
2059.06
653.89
2171.18
1151.75
996.38
1478.85
2257.35
1322.57
1663.04
896.22
1094.74
2653.62
2597.52
2518.99
1271.19
373.37
2597.62
1301.88
2308.93
1589.19
2533.48
592.34
2374.43
2468.52
1025.19
1863.1
437.55
1083.53
1231.58
537.14
1383.33
1919.84
1923.03
1474.88
608.57
496.91
2356.14
1698.93
2174.74
382.59
1403.75
2559.47
2070.19
2215.87
1477.72
2162.56
1980.41
634.27
527.83
741.41
498.82
1744.9
2713.06
2233.79
2163.15
2375.19
2552.98
1060.0
525.5
2178.37
1367.09
2663.44
2633.65
2735.22
2237.11
1832.17
2217.37
988.11
305.5
1452.49
1899.24
2397.31
426.95
414.34
2641.79
803.25
2020.68
667.28
2552.9
2170.07
436.15
980.51
2724.51
2415.58
419.15
1068.26
1122.31
1499.31
989.77
2373.45
1477.05
331.38
1273.8
1782.42
1948.13
540.86
1543.26
1375.93
739.94
750.55
2732.62
1333.79
1900.72
815.54
2691.18
2666.93
2283.75
1390.4
1338.01
2524.49
2471.78
2611.46
982.98
1955.41
1979.39
1200.01
536.38
560.97
2407.24
1154.35
2525.98
1015.71
806.65
1282.18
2109.95
1850.47
675.46
2752.83
2746.04
979.74
1625.21
869.04
2780.46
1170.76
2554.9
1372.6
2090.54
2563.52
1853.01
877.22
2293.92
2572.25
522.79
1233.37
2781.56
1929.68
735.42
2407.67
1477.78
2454.62
2208.77
2105.23
975.58
1696.11
2438.22
2435.58
726.38
1302.8
1449.64
1502.19
1444.64
539.88
2558.8
2253.65
1378.29
2678.27
1653.49
444.85
1407.88
815.98
2795.4
610.0
1065.52
1995.68
858.42
580.58
1264.78
2538.65
1742.95
2164.29
1012.54
2532.32
1701.92
1184.72
1937.75
1317.37
993.1
2216.93
569.35
1959.77
1613.49
1583.92
1156.25
987.54
2025.74
2327.16
1265.62
660.52
353.74
1749.38
925.06
1332.24
1693.19
2108.94
1358.86
2056.34
2583.88
993.37
2042.35
1059.95
469.93
506.88
2055.91
673.22
2791.32
1658.99
1081.23
1813.12
525.27
432.05
1642.71
748.34
481.38
1869.82
1422.33
1542.7
2210.85
2020.19
2313.71
521.07
505.63
1742.76
2607.24
2165.43
2053.37
1185.01
1722.85
2040.38
1563.47
876.57
1997.27
1588.07
924.87
1619.44
1157.18
466.84
1480.86
2722.04
922.91
1402.52
2353.63
2674.56
439.71
2174.21
1104.73
568.37
2189.33
1477.43
817.72
2093.58
852.74
1873.1
1135.66
867.32
399.24
691.07
2636.53
1426.56
2412.51
2201.35
2030.31
2142.21
719.14
916.55
2246.22
1969.79
2329.09
2014.44
2263.83
1756.86
2342.32
1108.98
469.86
803.26
679.35
1480.89
2561.2
1077.32
1592.62
2337.68
2477.74
995.53
1608.26
940.88
1348.67
1280.79
460.16
368.35
1844.79
729.5
670.88
1195.42
878.59
2163.69
1923.18
2705.94
1305.05
366.33
2417.12
606.76
971.99
1876.0
1453.99
2029.7
784.47
1763.72
1435.1
1768.15
2504.98
1633.64
2152.34
2160.21
1955.17
1508.52
308.44
602.9
1657.76
409.59
413.21
615.31
882.84
2799.07
600.82
978.0
2007.16
1991.68
2486.95
1826.68
964.52
898.04
2374.75
544.45
1502.17
1507.07
2147.52
2788.74
1540.71
2238.52
2428.81
385.22
1889.38
2510.93
2101.11
2233.69
2327.35
348.54
2622.16
2565.58
1803.25
1172.07
1222.52
1638.12
1029.16
1715.13
1844.78
2121.2
464.47
466.9
2606.28
2161.26
1155.03
361.8
1823.43
922.56
445.18
2187.65
2741.68
2167.89
580.27
1219.35
920.55
1235.05
1693.91
1887.12
1070.49
1985.64
2010.82
2782.7
1502.72
1121.86
2444.64
720.47
1417.14
1866.35
656.21
436.48
1292.9
1174.73
2162.46
1632.85
356.74
2597.81
2452.12
486.87
937.26
1859.57
751.07
2734.56
1351.76
2061.41
1578.05
1070.79
2042.33
1488.45
1889.5
1282.7
2793.38
816.51
757.77
323.59
2476.35
692.82
916.55
815.89
2748.1
2432.63
2172.75
1270.28
316.9
2719.63
808.28
464.41
1250.71
996.76
2660.16
368.18
2747.11
1766.79
1049.57
2470.3
1342.73
1631.47
656.72
2500.79
2495.72
2179.15
2115.01
800.59
1406.7
529.78
1778.72
827.86
1046.32
2339.09
2762.79
1249.42
2285.85
630.0
1622.2
1678.05
2520.54
903.48
460.52
1174.69
2165.52
414.99
665.27
413.44
1541.12
2362.48
966.25
378.58
741.21
509.36
1683.65
1550.34
912.63
2405.64
1327.08
2722.69
882.86
1856.37
2288.77
772.71
2283.15
2510.72
1969.31
2539.82
1281.17
1304.4
346.08
2297.45
382.79
959.69
1850.6
1819.22
1501.19
1844.15
1105.63
809.25
1032.45
918.9
1372.82
2195.68
1112.95
1189.49
2043.59
2583.18
950.76
2139.12
1859.55
1603.13
347.72
1251.86
813.45
650.46
988.76
1932.63
1646.14
1392.36
662.66
2245.71
1502.8
1913.01
392.03
2530.74
1595.01
1173.61
2367.29
2329.36
850.11
1227.75
1813.91
2796.47
2266.12
424.74
2140.59
1526.66
345.76
1432.1
1118.48
560.94
1633.09
2654.22
2486.7
1701.23
816.61
586.6
2009.49
1279.87
1604.75
2243.71
1806.53
491.82
2765.09
659.83
2750.22
1569.23
2397.16
609.91
2453.29
623.54
2525.2
1406.64
2453.53
989.26
2070.54
2235.08
1549.67
2462.23
2007.25
1086.39
2623.84
1149.8
2127.47
2031.61
630.09
1370.03
1735.66
765.69
548.52
1665.56
683.13
2270.18
2438.44
534.39
2057.62
2130.57
465.56
1790.8
1854.37
1580.01
2024.71
917.37
953.27
2609.58
1997.83
1292.48
1979.12
2170.59
1055.51
1599.2
586.76
1803.05
2019.86
2157.97
2701.22
716.93
473.6
2656.24
1921.53
1707.81
1358.19
1402.0
1042.44
1861.63
338.51
1660.3
445.24
2109.97
2705.36
763.0
986.06
1646.69
1524.69
2340.67
614.19
1682.95
2605.51
1967.65
972.15
456.56
1347.62
1467.46
632.6
1500.51
1991.81
1488.82
866.62
2696.01
587.4
1820.95
2123.17
974.73
1248.86
1390.68
1917.46
1580.78
778.07
2531.33
1210.99
1256.5
2299.66
1638.65
878.46
2586.34
2312.95
1799.86
1580.24
1988.42
1202.14
2035.25
395.74
1299.44
1843.59
1853.48
478.44
2099.06
511.88
2152.08
2579.99
2738.32
1808.83
2085.17
884.56
1236.27
330.54
2294.89
2023.93
944.91
1525.26
2121.02
1966.35
1101.55
1224.36
685.58
644.07
1312.17
1499.15
2676.74
1563.57
774.4
723.09
1163.15
2597.01
2284.64
1534.58
2689.46
838.71
1386.35
302.57
2466.69
694.58
2694.25
1567.97
2784.88
1653.28
1438.61
1480.38
2389.43
1205.89
2433.32
2515.9
1022.11
2617.08
776.55
2366.38
721.81
2094.29
2739.04
490.31
790.87
1182.65
1200.31
755.37
1542.19
2276.81
2306.61
1465.52
1083.78
904.18
2088.8
513.11
1663.25
1653.65
581.93
1478.05
924.39
716.34
505.1
783.33
1912.26
2123.35
871.37
1734.4
1228.99
1653.95
915.49
414.85
1117.12
701.7
2135.67
2125.96
481.81
1291.83
532.16
2087.1
345.87
1395.06
681.06
1962.17
834.9
1316.67
312.67
2772.29
2185.23
711.01
1409.38
1545.62
864.94
512.4
1723.67
2387.79
1729.53
1876.93
1776.9
1441.12
668.24
805.92
1119.39
1035.28
1603.99
1352.03
1892.21
2400.83
422.78
1456.01
839.12
2575.56
1661.13
2510.47
1975.82
638.16
2416.95
1093.62
2158.89
1571.17
2125.5
1618.9
2619.88
1575.31
451.76
1430.58
2718.65
2274.0
1878.86
678.25
757.89
2105.88
2126.65
1233.38
2786.29
2028.65
2536.23
415.79
1858.94
2173.83
2293.37
1981.01
1814.81
2165.31
396.33
2178.34
1124.0
2202.58
2242.7
991.46
2087.94
1122.33
2111.91
774.66
494.18
1770.59
782.69
2536.62
695.73
1817.64
2042.99
306.33
2473.78
2116.76
2223.8
440.78
1180.23
1905.75
872.3
2379.92
1320.72
2302.72
2490.36
1488.74
867.96
1252.76
1548.5
1438.23
311.68
511.22
1440.65
1392.18
2525.11
991.74
2743.44
2731.3
771.1
361.17
794.48
1348.66
1218.57
1483.97
2029.58
1595.17
1161.94
1989.26
1135.48
1181.65
1158.08
1060.02
2051.27
737.45
2235.88
2606.43
990.7
2060.2
1809.95
1048.82
890.91
2659.65
2042.78
1911.65
2792.36
1183.4
871.94
1124.43
725.37
2612.44
2042.23
1812.38
2316.41
1589.61
776.92
685.63
1606.57
2313.66
854.14
2062.28
924.51
1382.06
452.88
1558.11
723.21
2410.72
2693.45
509.67
1634.51
2060.31
463.34
1684.18
2641.74
1616.31
1852.51
1118.94
1837.87
2520.01
1123.34
2230.53
1726.7
943.1
1278.44
1194.83
1471.08
581.92
677.17
1246.09
1704.87
1844.87
2575.96
1722.29
2124.48
1504.3
1608.41
1774.81
1605.34
1073.58
2743.3
1846.84
1165.34
2296.55
709.42
2781.31
2272.0
543.69
2420.68
946.42
1894.57
712.85
2076.89
2193.46
2428.95
1519.51
1683.65
837.51
1589.24
1629.56
2323.08
2078.08
2045.72
374.14
1665.88
2781.68
2180.54
2387.05
1533.95
2379.99
2342.39
1625.03
1720.98
430.1
2432.71
634.82
1051.98
2161.23
1052.5
1563.81
685.31
1028.84
2135.73
1345.68
1707.85
1192.61
2626.58
2440.55
581.86
2744.21
2323.45
695.93
404.06
2532.56
2194.39
988.9
2680.01
2565.36
833.07
1297.94
418.38
1070.63
1539.94
458.58
1141.94
677.04
2608.84
2373.74
2215.86
2236.26
335.91
1806.04
1777.15
2781.45
1881.36
1926.44
1252.01
1550.95
1288.18
2578.64
807.16
676.0
2792.28
2627.06
1782.61
2231.98
577.47
2220.88
1462.18
2367.55
1588.97
2116.88
1148.49
2129.44
979.71
2685.93
1976.05
1496.17
1814.98
1841.1
2436.58
1695.67
1708.81
1766.84
2232.74
1527.93
832.68
1345.13
1238.71
446.7
2299.53
2390.73
968.12
1109.99
1102.37
1593.16
1472.68
2517.01
1533.95
744.78
2168.79
2470.57
1823.7
2211.45
861.2
2549.47
488.17
2547.89
1209.85
524.72
753.48
2772.81
1232.19
2235.26
1492.96
1741.84
1891.36
1806.93
2795.73
1678.58
1853.23
1173.39
901.45
1422.48
1835.62
1086.66
1549.16
2337.25
1359.69
1745.5
2612.48
1858.04
1076.89
1724.47
2452.09
682.02
2358.81
551.14
2692.95
698.93
1465.39
2677.36
821.88
1904.61
2143.28
394.68
1785.47
2200.03
2724.29
646.92
2458.9
1873.46
2118.61
2151.75
2110.23
2607.76
607.7
1008.41
2558.25
1441.14
1314.68
1647.91
1076.46
1794.27
2498.41
1289.34
819.49
690.45
2044.32
483.91
487.83
2703.22
1967.6
773.08
1881.13
1746.96
2247.96
1359.21
342.06
1400.4
2028.15
2693.24
2400.37
358.07
911.61
1674.68
438.33
1788.93
1372.74
1971.62
851.31
767.92
2588.09
1158.89
2727.64
699.2
2183.36
804.0
2089.56
955.77
1129.23
1903.15
383.91
916.39
2443.31
1078.6
2689.58
658.07
2103.72
707.95
2209.42
832.97
2465.19
1860.54
2502.77
1870.1
2316.49
2474.73
1472.27
1983.57
366.47
1540.91
831.28
586.27
2791.17
2792.67
832.3
2543.55
2542.59
2741.12
1280.79
2630.02
2254.61
2137.3
919.54
1526.13
2270.1
2416.9
794.59
1078.11
706.38
678.22
833.42
2573.33
1206.38
1544.03
329.14
2182.43
1021.44
2060.55
797.16
1242.61
1594.05
1878.18
712.19
1380.82
329.5
631.77
1120.45
2642.11
2508.22
1609.61
1811.02
1020.7
1974.64
892.81
306.27
2708.09
1254.07
1606.8
550.23
1618.29
2555.88
2494.12
1744.85
2441.85
1210.6
781.32
1354.08
2324.08
2067.15
1261.6
1153.75
2710.81
958.44
1070.35
1168.23
2257.42
2425.4
842.72
1318.44
2463.49
1083.92
1309.58
1684.16
1903.61
1059.05
1739.67
2111.05
525.22
2798.3
2631.87
682.3
1129.87
1003.71
355.19
1554.94
695.57
641.87
826.8
2198.94
622.97
1871.18
1026.96
471.01
2744.87
1919.35
809.03
1565.45
1271.35
738.4
2702.98
2448.31
1223.09
2327.05
774.01
487.62
1616.54
1281.14
474.57
1876.22
2349.06
1618.3
434.78
1243.58
927.0
671.37
1548.1
463.4
457.89
2241.79
1368.83
2161.66
1116.5
1175.43
1370.63
1061.23
1697.61
482.23
1693.42
2084.33
2780.55
1893.72
2072.39
1788.0
2677.39
2324.43
1837.87
1131.7
1111.09
2183.18
2621.5
2764.05
955.84
1779.87
2055.0
1332.6
573.06
1014.97
1588.72
587.52
1082.44
944.36
1186.02
2017.22
1490.49
1240.45
986.95
2021.64
1986.08
1416.2
996.96
2322.3
2430.32
2415.4
1281.67
935.42
2415.08
2749.34
784.08
1891.18
1124.07
1514.57
1730.61
1646.68
2204.17
2729.19
515.13
2008.6
1608.26
1291.67
1955.37
2515.36
1826.53
2351.29
1038.25
1394.16
735.79
1731.41
2148.66
1748.3
2580.08
2448.43
1360.95
1730.63
1917.55
2318.68
486.87
2318.54
466.6
2098.83
1463.29
893.12
2067.46
2475.95
2371.79
785.32
1810.26
1957.8
430.88
1120.61
560.72
1342.06
2118.19
2313.18
2208.11
979.18
671.71
2481.25
2156.28
2188.18
977.12
1730.37
2544.77
2385.4
968.47
2677.1
1246.76
1731.72
2128.31
927.22
1283.67
2623.21
489.4
351.06
2711.78
2488.08
2301.09
1133.8
1241.51
2543.21
2737.58
453.4
1470.62
1301.61
2142.43
1533.54
496.45
718.19
1068.59
2268.14
2234.21
2229.03
2242.19
1341.11
1836.87
662.03
860.96
1108.92
1583.32
759.63
2486.13
1853.3
1642.52
340.17
1705.93
2589.48
859.77
851.79
2586.64
2381.74
2001.35
2133.05
448.03
2203.29
2161.47
424.94
2274.33
1902.21
1728.38
1586.19
1583.77
885.94
307.73
2699.43
1453.51
408.69
1127.87
1232.67
2477.83
1155.73
2498.2
1406.37
717.35
1014.69
2419.6
700.77
1837.63
2113.78
1080.41
2309.18
1082.42
980.15
487.74
1763.73
1631.16
1956.19
1470.01
814.15
558.98
1548.11
1643.17
2630.64
1536.57
2631.79
1888.34
675.66
515.09
2703.95
809.47
1169.31
388.52
987.14
2691.06
528.25
2546.62
463.78
1927.33
1538.43
2126.59
2244.28
1994.53
790.98
1886.22
1844.82
2426.06
585.49
1808.34
814.69
1958.91
1595.73
774.85
607.98
2046.39
2344.85
1225.11
1855.26
2314.61
2108.97
2123.57
1694.42
641.97
2666.93
1067.48
585.99
2459.26
2506.47
2490.48
1591.19
1072.85
2329.38
2618.94
325.65
2564.3
890.7
2286.84
2325.9
1704.48
1394.0
861.59
900.14
1543.91
656.47
1991.72
379.32
367.04
1575.42
964.86
1493.63
1694.3
1078.2
2497.7
1540.36
2355.65
2532.3
2523.2
464.36
412.36
1780.08
1325.25
2229.35
2684.09
468.49
1876.24
1811.43
2472.06
1084.32
1589.18
2651.75
2788.93
1718.79
819.72
2283.68
1237.8
2580.85
2288.73
2649.38
837.11
1338.65
924.26
2651.36
2136.47
361.51
998.54
2143.94
2002.9
394.46
1263.2
2284.25
1147.5
900.19
2075.57
1932.66
363.17
2564.7
1516.2
2443.6
1276.77
1238.42
605.26
2294.68
310.3
1023.98
481.59
2080.08
2091.74
1083.85
2055.52
920.98
1084.88
2317.7
2148.0
2234.78
581.87
631.67
1058.1
558.61
1603.21
1627.41
1168.97
1336.67
548.47
1997.14
962.19
2243.02
2227.46
1778.01
1397.42
816.92
2643.91
2540.41
2180.44
2595.59
2548.09
1605.46
824.4
809.7
1542.92
2112.44
1311.34
1309.47
482.16
2246.96
729.18
2546.39
735.59
2155.65
2164.11
2454.2
1603.2
1306.61
542.7
2386.94
1342.69
2772.81
1047.16
1395.18
1341.16
1494.23
856.52
984.38
1451.29
2227.5
2161.31
761.23
1628.61
1605.76
1727.02
1086.6
2095.46
1000.96
1122.21
779.24
701.39
2503.21
1284.96
2188.77
2196.34
1727.09
2364.75
302.15
704.36
2435.02
2642.0
1577.47
2033.18
690.35
1978.57
1923.39
574.04
2257.71
383.95
2750.0
2715.18
2267.27
1517.38
1045.25
1147.65
557.83
2112.99
2702.12
897.11
2744.44
1432.48
650.43
2230.28
2375.18
1144.44
2717.38
1640.89
380.32
1161.69
2214.83
796.97
629.16
1834.6
1047.31
1833.99
1088.59
2228.16
1354.0
2765.47
1236.87
666.33
1887.81
2121.6
1161.35
2164.72
1153.71
542.88
508.0
1491.42
2759.03
1629.78
1630.44
2457.13
2668.32
739.82
630.03
2006.21
1829.38
1164.31
2538.83
1656.59
732.96
1273.66
2494.61
346.57
2394.84
2679.11
1215.9
1011.97
714.42
400.02
1991.27
727.39
2537.1
1439.38
2732.28
2749.58
2301.34
1399.38
1455.92
2676.44
2119.22
1301.65
2456.26
979.55
2642.07
906.22
2132.56
1918.29
1765.66
1470.3
1693.87
2031.19
1883.46
991.39
979.23
1922.81
681.14
2737.59
2416.95
1432.54
1612.5
1185.67
681.06
1778.68
2771.99
707.34
1640.28
2700.44
2755.78
1514.81
482.74
925.05
2059.38
474.18
1894.57
1426.0
751.73
548.94
2007.43
740.21
1606.81
1532.56
1984.1
1378.29
2588.51
2431.07
2343.76
993.22
2762.37
1610.4
2741.57
2402.42
2462.31
2064.49
734.56
2695.05
1300.53
2658.95
2494.12
2356.02
320.32
1741.56
910.02
2501.32
2053.82
1921.75
2561.28
1039.18
569.67
1063.42
758.76
931.61
1715.69
1438.41
2752.46
1346.19
679.51
2487.2
990.91
569.63
1947.09
940.87
339.97
1959.09
480.99
305.64
2005.58
1432.92
2311.08
710.78
1576.76
590.09
1324.29
1190.93
1895.51
1858.56
945.54
426.7
561.95
2582.32
2116.43
2656.03
1844.32
2498.22
2232.09
911.88
2174.44
1823.46
724.52
535.28
1216.66
1764.24
1691.73
1502.98
1497.0
341.23
353.96
1319.44
1587.94
1988.86
1963.05
2762.8
1279.5
616.87
1052.44
2216.39
909.65
2343.71
2315.14
1473.03
2125.18
2303.01
2115.78
1081.85
724.72
598.09
2708.57
536.21
1402.18
554.07
2286.99
1682.84
739.28
2699.25
2420.9
617.41
2333.2
2411.05
2229.5
1177.87
941.3
1612.3
1485.62
1759.16
1344.97
826.86
1725.53
1643.96
2571.01
1888.04
2223.71
1367.9
2356.09
1074.17
2744.76
2339.21
310.93
2344.84
1645.09
1750.12
2795.82
2093.95
625.75
2185.16
798.78
2637.34
959.36
1454.36
2332.05
2710.57
692.77
472.61
2275.19
2456.83
1805.15
727.14
692.94
1451.49
784.75
1167.02
2285.79
564.4
1059.21
1291.53
868.66
2071.02
1472.0
2666.56
1149.64
2613.81
1720.67
1646.85
887.13
2669.43
1095.83
1666.56
2648.58
2426.61
1071.96
2312.85
2001.97
383.44
1532.15
1356.08
1947.29
2057.07
2061.42
1449.83
2668.25
477.64
1922.09
1397.78
881.29
641.67
1456.14
1063.29
848.11
390.79
1082.01
2629.83
1646.02
903.54
2739.36
1927.93
1567.72
2633.71
2252.6
1631.04
317.63
1335.11
2299.17
1012.25
436.04
1820.41
2548.94
2771.96
586.48
2705.09
1259.15
2163.89
810.41
1981.45
1978.7
1005.54
1413.81
1336.52
1937.54
2742.92
1725.26
1660.92
1145.09
1994.52
2415.24
546.67
903.38
1782.63
510.04
1169.14
1498.78
2314.52
1616.5
1250.19
668.48
806.06
1595.31
2311.65
1297.68
869.52
1247.45
438.24
1627.04
485.67
2424.83
2208.12
2058.33
2662.69
2522.9
306.81
2248.0
1763.22
1388.79
1017.95
790.37
2505.88
1207.67
1420.46
2082.53
2264.59
1863.41
1348.87
460.22
1829.23
2415.69
413.91
1183.0
919.12
1650.79
327.09
2506.42
2279.18
560.45
2531.12
2218.41
2691.62
946.62
2438.02
664.01
2040.71
479.54
2085.48
679.4
2137.53
1399.33
636.56
1728.37
361.75
893.01
1030.65
2780.16
2286.21
1080.13
1212.4
1395.8
2272.14
2002.09
1654.25
1417.56
935.69
1433.74
2240.99
1419.24
1609.75
1146.42
1513.74
2199.81
2605.24
1539.63
670.19
2235.66
2197.01
1989.59
1758.16
1101.23
2170.3
2760.15
1473.08
707.0
862.4
942.98
1890.2
2217.27
1173.39
2129.3
520.0
2542.81
469.24
2305.88
2075.66
1913.41
452.02
1598.29
606.68
1398.55
724.15
686.55
1730.66
1009.53
2226.89
931.91
1139.5
1779.34
320.82
2403.95
529.1
367.32
2232.85
2299.37
1892.54
2378.87
2593.16
861.2
1423.2
1312.18
720.96
963.34
1322.61
553.96
2191.88
1822.13
2606.99
378.03
1926.17
2263.05
1576.09
2714.53
395.82
1610.79
1082.28
2733.87
2692.47
542.26
1282.9
851.64
2374.85
2579.41
2513.64
1192.43
1055.47
1990.7
2627.63
454.34
443.65
1308.88
1346.19
1532.15
1548.24
1460.53
2256.62
2211.98
2176.74
1116.42
346.04
2356.12
2617.88
1735.28
601.21
694.87
2441.93
1957.31
915.15
766.24
1030.23
1069.97
2343.48
2542.93
929.17
779.86
1682.44
1718.75
867.2
2345.22
2600.15
503.43
2198.57
1553.76
789.05
1373.11
1565.39
1764.81
384.39
2041.46
1571.62
1899.55
2424.68
1713.85
2538.82
2282.65
1874.2
1753.62
1380.44
2499.24
1333.69
351.93
384.39
2613.89
597.01
2267.32
2424.87
1678.21
2399.88
565.9
2797.6
1793.08
2432.43
983.08
1078.13
683.94
2091.57
359.02
570.35
732.4
2027.55
1936.05
1853.77
1331.2
2636.32
2707.41
1224.15
1615.62
2035.99
969.82
2207.3
2223.78
1552.19
1339.19
1902.26
340.8
2439.57
2461.45
1562.97
341.66
1228.55
1437.82
2401.37
385.66
1569.69
1448.83
854.24
908.55
1752.28
2721.75
2282.33
1550.34
1735.21
1735.37
2053.74
1143.3
1990.18
935.86
2307.38
2650.89
1702.39
478.65
2079.55
2618.65
2660.58
2576.94
1708.48
2595.22
970.07
659.64
1491.49
377.22
493.15
1803.44
2060.05
646.75
1153.36
2319.5
802.38
2526.47
1703.94
1783.34
675.08
454.12
1206.85
537.04
549.45
2672.28
470.0
1398.52
2190.11
1011.51
1544.54
1200.06
2083.41
1824.51
1072.19
1879.16
307.72
1977.54
2254.31
317.21
1951.67
1674.39
1007.19
794.93
2693.61
1504.01
1444.87
2416.52
1256.78
2314.24
1718.84
826.97
1176.89
357.52
1399.82
2641.6
1879.89
1744.8
2474.15
605.5
2291.03
2043.93
1623.66
1262.85
388.65
1845.05
1723.26
1011.81
986.39
1194.05
1383.48
2145.25
1580.8
675.61
2528.52
1498.04
2543.19
1832.51
1722.92
1135.51
2728.13
2758.2
1207.11
2273.88
974.84
1834.49
1977.17
2761.02
1020.57
2064.84
913.7
390.3
1012.55
2266.04
2642.29
365.32
580.17
1224.56
1431.29
2620.34
352.11
2422.51
1586.15
836.86
790.28
424.96
915.4
2736.45
2294.92
2705.99
688.08
1672.89
2630.28
1950.37
350.07
474.19
1354.64
1260.86
2524.23
2250.64
630.38
523.75
2467.31
1424.4
723.26
2546.47
2100.92
709.83
1815.69
1473.21
940.64
1777.68
1400.51
1704.13
1032.58
2113.03
1366.58
2332.81
1820.23
908.63
1152.02
1016.58
1198.26
728.74
1489.01
422.77
1169.88
1367.27
2210.05
2456.08
2232.33
504.85
1954.71
2430.83
1622.26
2638.74
2509.09
2495.28
2710.13
2213.42
2014.76
2181.94
1194.89
320.86
409.83
2431.7
1325.03
1206.03
1831.78
649.94
1659.87
2389.18
1363.61
1594.97
711.2
2142.31
1704.85
1679.72
864.06
2593.26
1161.03
2703.0
1154.27
2550.78
1696.3
460.22
2685.81
1131.45
2334.97
1714.26
910.63
650.66
886.18
1662.42
1570.24
974.87
692.82
1176.66
697.43
1565.46
1383.77
1422.09
953.08
533.39
1765.63
2734.99
1972.11
2519.94
540.93
451.94
2215.19
1436.71
2367.28
1501.96
486.63
1434.42
1965.19
1591.37
842.82
2610.32
1963.5
1616.22
1487.28
1831.32
1461.46
1071.09
1271.47
780.92
2203.39
2315.46
2136.18
1458.04
837.13
2706.53
2226.91
2239.81
1861.16
1005.4
757.47
579.8
1858.31
747.92
1237.67
2349.19
1024.73
964.22
2093.34
1601.76
1705.89
622.25
1014.37
1223.54
2724.93
403.65
2438.16
613.04
2769.35
782.36
1022.76
2373.62
1195.02
1920.67
1760.21
2015.72
2358.45
1048.39
2484.56
2737.66
1981.8
1715.26
2758.61
529.09
1261.53
890.13
504.32
2461.72
1157.51
645.13
1257.41
1249.52
615.4
1630.61
555.38
806.25
2107.76
1059.22
1912.84
826.68
1622.9
557.57
408.03
1675.25
2245.75
2059.07
2232.37
1511.7
2041.32
503.99
2387.76
1147.34
2484.76
1744.8
550.04
1347.08
2311.38
906.43
755.56
343.25
2021.07
1238.62
737.72
1802.19
659.4
2111.61
1758.09
917.98
2485.96
1697.6
622.29
2096.92
1086.27
2237.14
1303.72
488.85
1875.46
1075.81
2654.75
2374.79
1184.66
364.89
1644.07
1914.49
2006.94
1173.28
653.88
1698.53
1518.66
2785.29
1736.64
754.16
1203.77
1628.15
2394.02
1502.37
2301.14
689.31
1255.01
1597.73
359.12
2198.15
2380.61
1110.33
2695.35
2126.68
2373.75
1937.1
2348.26
2757.56
2423.84
1484.14
1890.54
1749.19
1571.02
2224.51
1396.77
1074.26
405.55
519.89
854.0
684.78
371.55
2040.25
2200.95
1185.96
2765.63
1769.98
550.04
1212.18
1756.24
2688.95
2006.74
322.1
1973.68
1937.57
2454.46
629.05
2317.93
2489.1
2305.08
1326.07
2027.67
2343.66
2666.67
1135.16
818.27
2191.56
543.37
1706.91
2451.09
857.19
1270.08
2360.52
1555.5
744.54
509.83
1693.09
354.37
1149.81
1830.14
313.66
2470.25
2692.4
1326.78
401.69
999.96
1957.59
406.82
2435.4
2308.28
1456.78
2226.09
725.14
2691.57
1544.55
2762.85
1616.14
2073.9
2299.26
2277.8
2141.83
641.76
1322.06
1654.44
2070.81
1289.76
1692.82
1359.54
2083.81
498.09
2085.5
2396.73
331.68
1636.38
926.46
1381.17
2163.98
2238.46
1304.05
528.86
1823.72
997.77
590.52
1087.1
1750.88
2571.18
838.77
2209.84
2455.7
669.92
313.9
2663.38
545.7
703.39
1319.52
1037.59
2753.48
2364.13
1922.47
366.11
905.23
782.99
952.12
2673.34
1316.61
2484.96
1482.63
1959.12
2653.59
1755.69
1191.6
1481.96
1471.84
2300.06
1139.32
407.38
1982.81
2437.72
1553.21
649.92
662.43
2530.25
482.92
1557.25
1126.69
988.01
730.5
1049.33
2089.36
1794.03
506.61
2184.62
1186.25
843.07
2343.63
1889.79
2105.98
1064.25
2172.24
988.53
2000.13
845.23
1884.66
1441.23
691.07
1784.55
328.68
2025.19
2662.69
2540.21
2738.22
1395.56
2373.75
654.15
342.55
696.66
1408.65
706.8
1435.46
889.36
840.41
2598.73
1600.44
1986.43
1296.93
712.78
2085.53
1408.89
2403.51
504.23
1258.91
703.15
2035.28
1143.46
1340.69
1173.76
2401.85
1708.99
2071.33
2152.4
2068.15
2661.37
1930.81
1922.25
2323.56
340.92
445.68
920.94
753.9
683.04
1681.42
790.06
2716.31
759.66
716.31
1732.65
752.94
1963.15
2446.09
1389.45
1174.68
2023.95
2314.15
1057.14
2328.74
2216.79
1507.22
1445.03
561.63
519.19
2169.71
1762.59
1522.87
415.04
439.7
2602.04
1952.15
1264.92
2050.12
944.88
1323.17
1454.42
376.96
2781.88
1254.15
2717.93
1919.64
2622.93
435.76
2701.97
1317.63
641.83
1977.92
2206.54
1924.09
1650.18
2340.98
2015.26
1846.35
1092.12
2493.47
2029.6
2548.72
1815.33
2299.64
2511.09
1654.09
2087.64
1741.24
2101.54
1607.15
2300.09
2318.3
416.28
809.1
783.78
1106.04
1490.91
2137.58
1051.37
1928.05
2453.02
1418.76
1943.28
2419.17
2112.26
558.56
679.27
505.48
1005.64
309.94
1824.16
366.33
1421.94
1534.18
1913.65
898.38
2469.46
1560.57
2025.36
1165.3
967.47
1760.06
2538.11
2093.12
2047.01
1534.77
317.31
2496.68
902.83
1485.22
782.2
2334.9
384.18
1940.92
421.5
2595.57
437.38
2524.47
930.22
1932.94
1892.33
2429.27
1307.09
1622.99
1263.35
1938.64
1076.64
1900.47
2183.28
624.83
1249.29
387.58
527.32
419.64
2063.68
2749.7
1828.89
1148.49
2230.9
1570.21
646.27
2540.68
614.99
2741.33
1204.9
2117.5
2698.41
1783.66
2739.56
748.15
442.58
1911.33
560.74
1563.66
2242.9
2364.29
1708.33
1462.76
529.47
1999.93
2163.79
1275.6
1645.3
934.1
1270.04
1786.0
2196.62
449.41
1534.45
478.01
2552.55
1902.16
1500.03
404.7
1620.44
1872.79
1352.47
1025.01
2695.74
816.75
2725.57
331.92
1599.32
1172.23
995.11
1181.76
1839.4
1329.08
747.92
1865.14
2672.35
2748.52
2353.7
750.72
802.67
327.21
2302.93
724.18
2679.53
1428.97
414.52
1908.16
576.06
1942.31
2005.28
424.86
2494.62
1266.48
1105.4
1940.24
2639.43
2725.85
2379.13
2223.15
1661.75
1648.77
1826.61
2758.04
384.27
1478.26
828.26
1817.13
1759.92
2638.38
1168.93
2243.81
2112.21
1398.85
1617.56
1453.87
2637.99
580.45
1779.23
1259.05
537.61
910.37
1833.95
2171.23
1578.64
1569.41
1911.06
671.75
747.89
2698.13
2706.65
2240.19
2276.27
532.86
1226.65
1435.9
658.23
360.9
853.56
2716.32
2616.83
882.56
2649.8
1151.04
2192.59
1243.98
418.79
2713.56
978.23
433.38
2783.65
1901.2
1414.12
2361.7
2098.95
1368.11
670.67
1957.34
2520.16
1589.86
1697.44
2413.55
2662.66
1655.63
413.59
680.94
2674.0
2382.43
1886.77
1472.24
1327.14
410.29
2472.45
1234.22
1597.31
1645.15
2396.63
792.65
1487.53
2690.06
2074.78
1297.12
1880.46
1770.08
1662.89
1636.46
2095.38
2504.84
1327.48
2737.93
1307.38
1992.06
975.62
2168.89
1270.77
1255.29
804.11
474.56
1172.75
1799.58
414.8
776.61
912.64
768.74
557.55
756.87
2638.87
2258.05
2603.02
2524.99
1300.88
1223.19
2243.47
2552.85
2178.22
1753.6
1692.72
1459.01
1436.62
441.19
838.55
659.45
1473.31
1022.38
1245.8
2728.71
2210.96
649.02
2322.63
1405.53
2436.0
2199.3
1596.56
2099.14
2642.92
1645.93
672.58
1720.7
417.32
1434.45
857.66
1913.74
1298.29
1586.68
2529.36
1448.55
2793.33
641.29
2443.31
1208.47
2288.31
1546.9
1607.79
1632.39
904.14
433.43
1933.31
364.18
2116.22
1109.18
1290.13
2182.21
677.25
1923.83
1731.64
1342.53
1864.01
1200.4
961.09
523.4
1776.52
2700.32
2314.17
535.28
848.61
1923.45
305.12
1707.76
2734.96
1180.31
2533.83
569.55
416.19
1168.34
1746.99
2386.42
763.43
953.88
1497.06
1164.68
310.8
1126.44
951.93
1562.75
590.12
2012.66
1035.14
874.73
1061.48
1448.36
2519.03
2018.49
743.44
1981.64
682.84
1096.57
1457.85
1890.39
1475.2
1758.84
2006.9
2704.29
2564.51
1566.37
2156.99
1396.84
2715.1
494.24
812.99
946.35
1004.87
986.65
1811.51
2534.41
468.21
2380.12
1050.47
1773.28
1946.88
1704.75
535.77
1509.8
456.98
306.45
804.27
1043.64
2016.31
1260.77
1523.4
1795.96
385.4
1169.72
1367.13
954.18
1239.63
1532.98
1771.02
1026.31
2044.79
2451.19
633.33
1025.53
1165.58
563.3
1828.35
826.72
2567.39
644.9
2116.54
1943.46
1471.38
1591.02
698.98
372.09
2657.97
389.59
1739.66
2333.7
312.86
1255.71
1061.77
821.13
713.42
1242.29
660.05
787.96
1667.76
899.14
493.02
2462.24
1383.43
2375.11
429.4
1892.4
2346.29
2040.9
2407.81
580.57
728.34
698.11
1886.46
2793.27
1337.82
2583.93
2531.11
2329.86
1499.48
1095.49
440.03
1497.45
2484.05
1502.59
304.07
2288.52
622.54
711.35
884.44
785.78
2091.64
2651.71
592.69
1275.02
1803.56
1481.58
1172.81
858.91
1682.14
1570.68
2778.56
1459.34
2511.3
2660.66
1120.85
1047.56
2655.29
1744.53
779.88
939.11
350.84
1105.11
1852.57
1079.35
871.28
446.82
2416.58
1918.29
2571.51
354.81
2604.84
1608.47
638.18
929.83
662.42
865.91
956.7
1757.99
953.38
1528.58
1905.21
2246.21
2507.34
697.2
1910.49
582.59
886.58
1725.1
2668.33
1821.65
2489.74
1979.43
2173.24
853.68
1515.48
2311.02
1951.3
377.86
1970.25
780.22
2627.4
2622.82
2412.09
788.27
585.35
2527.05
1506.56
2493.09
2439.3
2448.57
878.37
1947.17
2647.16
1138.06
1948.4
1215.59
960.68
2336.02
772.82
571.27
986.53
1417.97
2299.48
883.07
2567.94
1674.62
2083.28
927.86
2407.45
378.16
828.2
2249.87
462.14
1782.66
2107.49
1732.31
553.45
1795.98
1828.21
1513.01
1211.19
908.91
491.83
388.03
2278.7
1613.81
669.3
535.9
527.66
660.67
371.31
2212.6
1217.0
1019.26
1452.51
1076.9
2043.11
1043.85
1851.89
1235.73
1322.93
2257.62
1596.57
1313.8
1120.0
1938.94
1866.74
508.3
1986.66
1430.26
2734.94
1471.08
2658.37
2309.73
2719.4
814.75
1130.8
1770.89
543.4
2078.54
972.81
673.61
447.36
1337.58
618.22
1547.58
1322.62
2477.15
482.35
2449.33
2087.47
1915.04
2738.17
422.98
1526.32
2123.17
1636.07
1101.15
365.51
1930.24
2463.81
2095.84
427.71
2052.51
2143.79
1958.32
1772.44
2053.58
1740.38
1497.77
1640.94
480.18
1613.86
2059.02
1534.3
1692.44
2210.09
653.38
2174.66
1233.93
2263.91
849.18
2285.28
2278.74
1103.17
2290.06
609.73
2323.62
666.17
2763.93
1768.37
2254.24
1708.54
1747.01
1507.16
645.68
979.86
2639.62
1231.6
440.6
2293.42
2083.24
1068.75
1227.85
1528.11
656.63
2780.71
1244.97
2444.5
2370.91
962.88
498.04
1419.39
847.13
1248.09
2596.92
1762.55
1355.91
1783.92
561.23
2200.95
1715.69
2724.97
1285.72
767.47
748.57
2443.43
1451.98
1029.46
2271.3
2142.87
2575.76
2465.29
544.5
729.27
1451.72
2536.86
2165.6
625.55
774.24
1460.31
2020.98
788.51
508.45
346.31
626.45
1324.81
2461.41
401.66
1999.38
634.93
1529.03
1018.57
2396.27
1960.54
1042.13
1558.07
2191.7
2467.38
1848.97
1836.44
557.41
1603.24
2338.16
2006.1
418.89
2048.93
1306.59
2009.91
2328.08
736.12
2476.57
786.47
1018.12
2001.29
2118.28
1364.52
581.69
2593.66
1166.7
2718.1
2422.97
1038.54
2169.94
983.27
363.04
957.32
700.34
1069.6
1494.61
676.3
542.03
1571.57
1169.16
1417.07
2775.78
1179.25
1808.54
1509.7
2143.12
2762.11
1608.52
1176.1
706.24
2330.91
483.8
1753.51
2209.82
779.75
1501.86
1292.33
825.98
2505.03
1630.78
2440.75
2428.48
2750.36
2598.88
2131.33
1988.54
710.1
1373.54
1708.91
454.68
686.67
1901.89
667.62
1146.02
393.2
724.36
1686.2
1905.01
557.34
903.52
1289.12
2006.02
487.54
1422.2
2141.94
651.26
1664.11
1401.99
1277.07
2634.69
1288.9
1416.96
455.67
1212.75
1609.2
323.63
424.04
897.56
2155.8
2258.36
2303.93
1733.1
2388.86
642.7
2609.23
2315.69
1798.89
1752.39
578.95
2302.52
1545.62
2353.73
1088.97
427.38
1563.9
2503.37
521.98
1329.05
2385.21
871.46
955.77
1853.41
2461.57
1742.58
554.72
2623.45
1638.32
1156.7
2183.82
2028.01
1065.95
2438.63
510.3
2497.79
552.09
390.22
2462.04
464.77
2778.73
506.14
2371.66
2710.12
1732.04
723.05
704.39
2200.65
468.29
2014.77
1020.46
2616.61
1684.75
855.89
2416.58
2758.11
2160.93
2044.71
2442.41
350.55
2522.32
924.44
1776.23
1418.1
1383.61
1425.92
2009.45
1990.03
1239.72
2782.13
2715.79
693.05
2019.59
1579.5
977.21
2320.72
861.34
1975.79
2139.89
1306.7
394.56
1099.95
2322.7
1982.4
1512.76
2079.48
839.97
2614.73
2398.43
380.86
1974.15
993.53
1539.3
792.87
2134.82
412.22
1683.89
575.25
1068.38
783.34
1384.31
1503.37
1947.75
1424.22
2111.7
2316.89
2784.25
609.18
1322.5
935.47
2111.86
1589.26
578.34
456.98
1552.05
1176.79
1616.93
921.82
1269.1
2734.97
902.87
358.52
2606.67
2308.71
1436.2
1631.18
1138.44
657.78
970.05
1194.75
1688.75
1005.82
1107.55
1670.26
1006.14
2729.82
1415.9
2319.87
2001.32
638.15
2254.68
919.74
2527.71
2104.65
2092.99
1064.73
1282.15
2128.79
1208.68
1432.26
1697.32
1045.82
2208.24
986.51
432.25
2266.96
1228.17
2414.73
1859.22
2377.54
1253.73
1698.78
331.66
942.64
2486.31
1402.03
1889.71
999.74
2431.42
1783.83
2569.9
908.96
2118.43
351.23
1794.48
1053.64
607.99
1866.87
372.77
690.7
1226.86
1417.05
2570.66
1137.68
427.87
2705.7
2377.01
868.59
1588.56
688.42
2689.14
1590.57
1479.22
2372.15
622.47
960.84
2131.64
1834.91
697.57
826.68
2499.62
2359.32
337.21
2678.76
1754.18
1478.09
1188.97
1239.51
1536.47
826.43
628.7
1702.52
1432.91
1992.45
1531.69
1281.05
1158.89
1743.44
996.82
2344.25
2284.01
1909.79
1264.31
1805.42
1854.64
1993.63
1253.69
1344.36
2576.82
576.55
629.03
2776.53
1858.37
1446.7
600.02
1909.83
2239.02
1627.97
423.21
1576.62
681.67
1381.18
1031.63
626.74
418.62
1797.1
1731.86
699.11
2594.54
2486.18
972.67
1560.43
1566.45
750.55
1289.25
1894.34
1551.33
1253.34
1397.0
1907.96
2602.15
2594.45
2411.16
1422.28
2777.23
697.12
1454.78
1650.49
2733.69
1502.66
1931.71
886.0
1608.06
1943.57
870.36
1604.67
1944.89
992.8
1464.01
2335.73
1645.47
838.19
835.57
2066.56
1005.94
360.5
2431.01
346.71
1672.71
856.93
2242.77
647.21
2437.32
1726.6
722.84
1921.39
373.21
1800.94
2161.93
1499.66
672.48
793.59
665.69
1310.4
743.06
1049.18
642.39
743.55
2636.11
335.81
1607.61
1377.27
1002.96
2295.01
847.89
2529.66
2006.59
1959.79
2706.59
2463.76
1518.53
1742.87
2239.61
813.71
1914.32
981.33
474.14
2755.96
2056.79
2062.28
1399.96
793.48
2512.49
1876.97
922.12
709.78
2154.9
742.78
843.94
554.16
2179.82
1878.45
1360.39
740.27
1687.06
1915.4
918.35
1097.36
834.62
1191.69
912.25
1515.9
2644.19
1004.87
1335.25
1230.95
795.72
2733.18
1596.06
1805.3
752.57
2317.33
2486.25
1573.2
1095.19
940.72
522.46
1349.94
1760.02
1474.73
1608.77
2527.67
975.54
1762.34
681.79
1870.98
526.65
659.6
697.73
1862.76
2010.36
326.85
2368.57
2299.6
842.71
523.44
1755.93
2472.06
1177.3
2712.99
2735.99
336.84
1938.81
1177.57
651.22
2151.83
2089.65
427.52
648.15
491.37
1785.17
1015.98
1704.63
2012.35
1173.27
1171.26
2171.11
1183.87
1175.06
1805.32
475.39
1154.79
627.64
2502.16
1125.0
1469.63
517.97
1536.7
1945.08
411.51
1130.81
1691.73
2790.81
2215.54
1717.23
822.08
2722.01
804.12
686.82
1364.34
2150.2
528.65
761.04
1861.84
360.32
1950.4
461.03
1222.35
1338.12
1907.87
1125.65
535.74
649.06
1404.33
1731.64
2639.7
1687.2
2051.68
774.94
2777.63
664.86
1707.53
2667.04
1467.1
2557.65
1768.35
2430.05
2083.26
1770.06
589.38
1027.74
602.54
1670.11
1394.98
1375.72
1007.08
2343.55
1362.59
1001.4
960.21
1069.1
2372.48
1216.47
909.47
2523.07
2538.28
2003.01
2364.96
2379.03
2042.04
1463.17
2663.79
1120.91
2279.07
868.39
1928.67
2374.81
2108.64
2069.97
1464.33
2549.99
1083.16
2565.91
392.46
1800.23
1856.63
956.85
2185.57
780.14
1332.81
2548.25
1285.62
2365.8
547.16
585.86
745.17
712.44
2746.23
579.2
673.72
726.23
1796.19
1531.41
2108.15
1157.49
402.06
1165.23
2234.92
2336.19
2083.98
1309.91
1825.84
658.5
929.48
917.16
488.58
2648.97
1378.92
2485.04
854.49
2219.65
2310.23
311.45
385.24
2602.6
1722.04
1011.33
765.09
2344.66
783.98
2409.36
1855.75
1950.51
1393.68
390.21
1686.83
2084.46
307.64
365.03
2567.66
2000.87
2276.8
366.28
1301.74
2167.82
528.77
770.94
1572.14
2533.42
1122.11
2369.54
322.99
755.08
1025.8
2072.79
1748.23
960.96
1753.74
2524.4
1473.49
2040.18
1163.76
2081.54
2467.57
1716.72
1265.41
2185.63
2690.3
470.39
1591.01
755.02
985.05
1890.36
2699.48
2432.6
944.01
360.43
1798.33
1634.64
1450.69
1488.07
1779.27
1292.62
728.12
947.88
459.69
440.12
2468.5
613.45
472.31
2365.94
2683.86
814.35
2193.22
706.36
2001.87
1999.35
1373.26
2505.03
602.62
1491.37
1804.36
2197.61
656.71
1637.33
1437.4
1341.03
1198.35
2792.32
725.26
2182.46
1242.27
1922.72
2770.75
1494.35
2361.12
489.85
1686.51
1255.38
2047.91
392.17
1419.29
1536.41
2411.73
1261.68
1101.54
1272.71
1394.52
936.33
413.14
2775.76
2213.7
2763.62
1956.87
2507.36
1425.77
1172.89
2784.46
723.77
841.87
1970.43
938.25
1377.11
2630.5
964.46
1576.69
2141.68
479.58
480.25
2164.77
2600.15
1779.57
395.42
1429.57
2101.15
1879.47
795.45
432.81
2523.27
864.7
2789.44
588.55
585.88
1970.32
975.34
2735.98
892.55
1859.03
1316.05
525.74
2069.98
2276.07
2366.42
1524.97
2739.75
2299.42
1400.31
548.64
935.95
2230.35
2499.15
1956.08
1269.8
1189.96
1196.97
1528.67
2114.54
707.85
352.26
491.13
1964.62
2421.77
1316.43
1144.16
349.97
452.22
2186.87
524.0
2370.94
2252.71
2348.66
2014.83
352.59
1408.57
692.95
1145.25
1693.51
2129.85
880.44
1137.07
824.9
2760.61
2622.94
1934.29
2362.08
2097.18
2421.49
2639.96
2626.12
1736.43
2711.65
1318.9
783.65
878.69
1446.37
932.8
617.77
1291.91
1753.07
2719.99
1851.36
2234.78
2005.49
1261.68
772.71
1005.65
2491.33
689.24
543.91
2433.08
1670.51
2006.25
2364.57
1150.07
2175.29
1877.46
362.03
2100.87
1160.72
819.92
2702.68
2223.88
361.23
2199.59
2425.89
1190.77
1116.13
1359.2
1465.56
1251.47
1565.46
2731.42
380.19
2756.39
2423.58
2293.35
1425.73
487.69
1847.04
2535.63
1362.61
473.26
313.51
598.51
1814.86
2777.26
2080.27
692.88
2456.67
1950.66
1053.89
1554.18
1307.52
2478.03
2683.28
609.22
668.59
506.15
1250.08
2727.64
2768.27
1789.86
1458.78
1055.95
301.22
957.11
665.76
304.96
2539.99
510.84
2071.59
2611.31
617.69
901.23
887.6
515.29
2574.3
2422.65
1251.9
2223.62
1573.54
1997.7
2022.86
2238.3
2547.95
2272.73
2066.33
1854.99
822.72
1007.84
488.4
944.44
1659.85
2684.2
617.01
1406.99
2177.1
2284.14
777.65
745.77
1826.76
2585.12
2310.9
1261.03
1945.91
937.08
1479.35
1638.69
1894.35
1300.9
380.03
2620.14
2690.6
2017.48
965.92
1786.86
990.26
2047.08
1200.71
1693.62
447.36
2790.48
1955.37
2650.11
2161.37
1704.71
2141.1
1473.24
2698.24
2235.83
602.6
2676.64
1739.42
1426.17
2280.48
871.71
2695.5
715.84
1039.21
2522.6
1820.83
2436.3
798.34
2309.46
745.98
2158.05
686.37
1157.43
1490.52
2597.08
2129.32
1004.4
1416.13
1175.1
2649.64
736.57
2589.22
2369.65
621.73
982.85
2076.06
2068.22
884.22
1884.01
2018.68
480.04
1252.38
2565.55
2551.25
1954.59
1931.74
2438.53
1155.39
424.14
2415.95
1080.46
1981.89
1520.43
661.95
1345.99
956.28
320.66
1609.8
1710.15
1064.85
1035.48
1417.43
1844.28
2721.34
1494.41
2633.95
2737.39
1820.68
1701.57
450.64
858.02
2795.4
2165.24
1969.94
1716.65
2007.02
2001.89
853.86
2261.9
1463.19
2053.91
1168.8
1743.58
2137.91
1829.44
1883.36
763.08
1564.74
985.82
1225.52
2304.57
419.15
943.64
2272.94
2415.87
832.43
713.16
2298.17
2093.38
1708.0
1445.02
2488.2
998.34
1918.86
2625.01
729.85
783.03
596.89
967.58
1722.13
1123.41
1698.31
1507.53
1627.34
2679.81
817.43
1976.67
1487.17
1998.87
1795.37
2190.78
1634.38
2054.43
2138.2
745.23
2612.26
2111.46
541.96
2452.19
776.87
1765.93
1082.79
1739.4
2520.36
2526.69
2265.13
2336.8
1569.28
2470.95
1467.67
820.83
2544.88
1448.88
1801.96
1866.25
505.67
1184.96
1196.98
2091.81
1993.07
2772.31
2127.64
856.82
1164.35
717.64
2455.02
2414.71
2583.97
1949.39
972.16
2541.7
981.77
1260.19
354.68
1745.0
1388.92
1919.75
2719.86
443.2
528.7
1710.3
2794.73
1019.99
1641.12
809.28
1624.34
758.42
742.8
1146.71
2649.05
1948.61
1229.18
1896.68
798.74
1893.67
2600.63
2642.35
1766.2
2498.99
1268.27
2513.96
1135.42
2057.85
2597.28
1712.53
986.46
2044.84
581.9
1164.38
2539.7
2142.53
436.61
1734.46
920.53
333.82
968.39
2234.96
1305.93
964.63
2797.3
1742.39
854.91
807.27
558.24
1829.29
2498.26
2449.83
2649.73
357.72
1703.29
2592.2
2550.75
977.44
1554.86
539.84
985.49
2779.96
1762.75
2796.88
341.37
2728.39
1184.79
507.29
523.92
1159.78
1484.2
513.18
2428.86
1514.98
1212.31
1603.79
1518.86
557.93
425.32
1996.51
1519.12
361.26
1966.92
2064.17
2725.05
1875.07
987.55
896.78
1443.7
530.93
1539.98
1119.62
2374.68
2037.37
941.69
1496.29
2092.18
732.59
2722.53
529.29
2683.17
341.73
1508.63
1020.4
2719.12
2438.83
2556.42
1529.26
564.51
917.89
1627.29
1272.43
1119.18
1057.01
885.42
1644.82
2020.56
2027.73
411.69
367.37
518.09
344.36
1401.03
434.18
1389.08
1142.25
446.52
511.85
2230.22
2111.13
1015.33
624.69
1190.85
1509.98
1593.57
361.46
1802.53
1875.34
1907.36
1865.95
2692.06
2074.47
1092.28
2330.35
1379.26
451.04
1922.09
1255.65
2625.83
1154.44
412.54
2666.97
2380.96
2748.37
752.53
353.04
2677.75
2155.81
2442.55
309.89
1942.58
2078.37
1158.66
1483.58
632.14
500.03
2326.29
2355.45
875.61
2342.12
1210.25
1022.42
2280.44
2066.69
1887.82
2288.8
2457.91
2671.57
1858.8
527.36
1184.58
629.13
603.93
2772.81
762.14
2144.76
2254.52
1528.49
311.53
2119.28
2680.17
2224.35
1621.45
1768.83
696.08
2508.7
1792.52
920.42
551.09
969.14
2215.45
2688.0
883.55
1074.24
2313.72
2121.48
608.85
2576.31
885.12
2220.04
1927.89
1470.53
518.51
2531.42
1625.93
583.07
1492.05
559.53
1234.18
595.72
955.41
2328.45
881.51
1894.93
875.83
1840.42
2160.48
558.23
2419.4
2584.16
1230.9
2493.86
590.26
1363.58
702.8
2703.11
2235.74
1850.01
477.89
714.48
1176.33
869.41
1077.78
2721.04
2304.07
474.98
440.19
414.59
2098.74
1584.12
669.97
2649.12
802.02
2104.69
2796.24
2776.35
1848.34
682.75
2782.03
2116.83
2367.31
2753.37
808.0
1105.49
914.83
2777.39
1936.16
1076.44
1225.85
1435.18
1396.54
733.91
2441.22
2230.98
2584.06
1613.8
1979.94
2184.95
1785.74
2060.35
1635.11
1298.61
2757.21
1493.85
2394.77
1795.08
980.89
582.25
2587.63
1143.23
1038.34
2168.04
1914.95
1951.72
629.33
920.26
1539.59
2471.97
1363.49
654.52
1300.79
1029.0
2786.48
1239.67
1838.96
1736.84
725.21
625.33
344.17
643.53
2116.69
1881.63
1010.1
838.05
378.54
1007.75
1140.82
2462.75
334.12
959.83
2682.32
2429.79
2504.5
307.12
1205.64
1502.4
569.36
500.88
1193.18
2601.96
1301.11
2191.8
1795.15
2518.54
1133.65
632.8
642.17
770.58
2321.8
1728.05
1664.16
607.52
744.17
813.19
2181.76
2038.91
1758.83
554.34
685.33
943.22
2377.17
2105.77
2587.0
385.18
2353.11
360.06
1963.67
1924.8
969.83
2172.15
1355.71
1883.45
1875.59
2503.8
1985.39
1976.59
1791.11
550.4
1052.52
1448.52
925.81
713.94
1579.24
2387.92
1885.21
2036.67
653.61
2293.83
577.49
1005.09
2492.37
2604.49
519.22
705.3
1196.05
2091.16
672.68
686.83
1663.64
1775.39
519.88
1312.71
2130.57
1153.92
905.51
585.86
1461.65
2650.25
1835.14
466.38
946.0
2151.77
2192.01
1239.38
467.41
1642.16
2131.37
1129.48
2271.67
1123.43
722.18
2297.25
634.16
910.7
2433.49
1607.2
685.54
1839.07
1764.87
1678.14
1151.37
1316.66
2202.32
2615.67
1744.9
2631.09
739.53
1025.17
2389.77
2708.06
2526.07
1528.53
2327.12
802.84
1093.22
2796.42
746.58
906.46
2107.09
1972.71
2095.14
2675.27
599.43
1744.64
942.76
1285.67
1110.63
2626.76
2665.89
1545.56
2122.0
828.64
1144.98
1945.56
1981.19
2572.41
2186.14
2406.69
2358.42
978.22
2334.09
815.85
331.5
1839.45
1210.94
1975.02
855.75
926.32
2548.89
1962.01
523.05
1175.86
1925.64
2091.29
1542.57
929.88
1972.79
509.8
2280.23
2189.57
1019.22
451.86
523.31
1366.58
759.11
1391.23
442.85
1407.55
2556.77
1995.71
462.04
510.86
1569.24
959.15
1404.1
2220.18
1283.2
1051.29
2538.29
2083.93
1886.08
479.7
1552.2
2536.88
2355.94
460.95
2177.49
2484.54
909.92
1602.45
2514.0
2501.56
1331.95
1567.92
565.46
1635.86
2452.68
731.96
1445.71
1908.09
421.42
391.39
2422.43
2712.64
2201.91
2707.97
683.58
2475.46
2564.69
1025.34
1920.43
1064.62
573.26
2332.66
2564.88
575.18
1920.48
2727.6
982.8
2177.49
1330.73
459.27
2049.28
914.79
1791.04
476.74
600.56
314.42
844.61
626.7
1034.16
810.28
958.99
621.81
743.99
1004.97
1390.69
956.94
768.6
1891.33
1206.46
1808.4
1298.75
1334.24
1240.42
2431.35
1259.33
1803.57
1467.05
1781.01
789.46
596.97
1776.39
2757.87
944.76
303.83
2582.13
629.0
2468.02
1585.73
747.04
792.21
1617.94
2286.64
2326.65
895.06
2077.49
1499.0
1850.94
624.16
1385.87
608.13
1556.37
453.63
634.02
1112.81
1577.9
586.56
2497.62
1000.81
1759.56
655.03
2146.59
1649.17
2635.5
2018.04
2753.92
2331.08
1625.09
862.58
1151.03
1238.63
2582.88
943.4
2105.42
1770.32
729.6
970.74
1009.89
747.99
2261.22
1083.11
1634.43
2142.0
2721.8
2575.43
830.27
2535.24
2415.34
374.79
2511.52
1636.12
778.94
2788.31
1079.72
769.14
732.52
1615.82
736.96
1599.56
2143.04
2671.61
1219.0
2739.76
2772.27
1770.07
1056.2
2432.64
433.12
1401.66
1884.45
2753.29
2038.48
877.83
2433.7
1944.29
2461.15
2039.68
1169.1
591.45
2029.38
807.92
463.56
1031.86
1092.52
2781.29
1708.64
2775.02
2231.11
1536.16
1010.48
860.48
885.76
2453.65
1290.95
1427.84
1842.98
440.11
1486.88
339.96
2162.13
357.12
2062.71
802.05
2331.35
1091.09
2561.28
2146.64
825.03
2511.7
351.14
1851.94
2403.18
623.76
413.08
2521.95
1041.03
1963.06
2393.99
575.71
1243.62
2117.29
491.81
2170.99
2501.57
2287.05
897.69
2396.53
2025.26
2167.97
2168.9
1424.81
2552.71
609.78
2696.79
316.78
2220.68
765.33
461.46
1548.21
1584.42
1971.75
1786.32
378.13
810.97
2090.02
2656.05
2215.22
2764.03
610.72
2696.14
1235.04
1701.01
2741.09
1418.87
1086.72
2276.88
2061.84
354.6
1512.86
2607.96
1667.76
1833.64
1519.55
1764.93
1039.39
808.13
1280.44
880.75
2576.6
671.5
900.07
2273.37
555.06
2292.13
1745.71
1451.38
2476.48
1296.72
983.69
1657.54
1694.41
607.1
2263.3
1235.51
615.19
548.58
1712.96
1234.52
1093.35
1449.83
2280.79
726.27
596.72
2477.3
2328.47
708.86
1696.42
1659.29
2235.37
1123.02
460.32
767.22
829.91
1462.73
1558.79
812.97
1096.95
2260.38
408.34
2158.27
2744.43
2203.81
2629.7
958.12
1594.45
1336.57
982.8
401.46
2198.38
2111.31
1714.92
2734.83
2467.86
1706.62
2601.39
1699.11
2393.88
1553.46
2315.99
1417.39
1728.87
789.76
1845.69
2294.87
2394.09
2222.5
327.77
2631.35
445.88
2073.1
2355.24
2217.7
2229.79
859.11
517.12
1483.56
1879.24
2360.97
1181.23
2359.85
1553.92
2265.39
867.34
2212.57
831.84
502.5
2264.78
2253.15
575.48
1364.08
377.61
2104.97
2247.33
1977.88
1616.83
640.09
2768.62
940.39
2396.48
490.97
777.21
2018.34
404.9
317.9
1838.96
1984.78
2072.96
2459.86
1092.49
516.76
1294.26
935.77
2695.8
802.06
2049.73
2605.85
1973.54
465.99
2615.31
670.23
799.45
2122.04
1531.65
2245.03
711.11
2441.65
1060.45
1603.37
583.87
1177.68
1201.07
2717.13
2377.55
444.49
1014.13
816.81
1097.26
332.79
2255.27
645.97
806.81
1940.2
1876.08
2365.37
642.71
850.2
2490.54
1965.34
497.37
534.96
