6.35
5.98
8.07
4.83
5.84
6.87
7.46
7.58
4.96
7.21
7.25
5.53
5.18
7.35
5.65
4.81
5.56
4.91
5.65
5.94
5.72
7.93
5.59
6.39
8.06
7.79
5.85
5.91
6.82
7.92
4.83
6.14
7.69
6.2
7.25
7.15
5.5
6.33
6.73
7.23
7.6
7.38
4.9
7.08
6.49
6.75
6.07
7.23
7.09
6.77
7.73
5.15
5.82
6.48
8.06
5.04
5.95
7.95
7.85
7.74
5.85
7.68
6.52
6.91
5.61
7.2
5.91
5.97
6.97
5.62
5.56
6.06
7.45
5.56
7.48
7.17
7.11
6.41
7.34
4.85
5.84
7.11
8.16
4.81
6.53
7.94
7.74
4.88
6.6
4.81
7.48
5.85
7.4
8.01
8.12
7.84
5.49
5.46
6.93
6.65
4.83
6.13
7.88
7.85
5.49
6.1
6.71
7.7
6.61
8.09
7.52
8.04
7.29
7.78
7.63
5.66
5.58
7.74
5.09
6.19
7.59
7.57
5.27
6.46
6.43
5.9
7.92
7.02
8.13
5.03
6.14
7.64
6.24
5.69
8.19
7.77
6.66
6.71
4.82
8.14
7.54
4.92
5.4
7.59
5.1
8.0
8.2
7.81
7.31
6.46
5.08
7.28
6.15
6.74
5.8
5.62
5.9
7.57
6.25
5.86
6.27
4.91
7.83
6.68
5.16
5.78
8.14
6.82
5.79
6.25
5.68
4.91
7.66
5.79
7.65
6.43
5.42
7.53
6.08
7.21
7.65
8.07
5.09
4.83
6.66
5.7
6.39
5.05
6.51
5.22
7.65
7.38
5.05
7.64
5.9
6.0
5.41
7.64
6.18
4.97
8.09
5.67
7.98
5.82
7.63
7.06
7.73
8.12
7.76
6.17
7.57
7.22
5.01
7.96
6.38
5.26
6.25
6.85
6.75
6.75
5.67
6.95
7.89
6.12
6.94
5.63
4.96
6.79
4.96
7.26
7.08
6.06
6.2
7.92
4.84
6.72
7.94
7.91
6.79
6.1
5.14
5.39
7.11
4.86
7.8
6.8
4.95
5.62
6.82
4.92
7.45
7.93
8.07
7.29
7.71
6.88
6.36
7.22
5.56
5.17
7.39
8.06
6.76
6.44
6.62
6.43
6.3
8.02
6.43
5.08
7.4
6.13
7.22
6.77
7.22
5.01
4.92
6.09
7.16
5.56
6.27
8.13
5.53
7.68
7.61
7.83
7.91
6.52
7.12
6.9
5.85
5.75
5.96
5.54
7.38
8.08
7.75
5.54
4.98
7.37
6.13
7.6
7.45
6.93
5.67
5.15
5.66
6.53
8.13
5.02
5.48
6.93
5.83
7.72
5.27
8.07
7.9
7.82
5.39
5.92
7.53
7.55
7.2
6.32
5.86
8.07
5.27
4.95
4.83
7.44
4.99
6.63
6.05
5.3
7.32
4.99
5.88
6.71
6.17
5.68
7.95
7.97
6.21
6.14
5.85
7.71
6.73
5.1
7.7
6.62
6.21
5.95
5.14
8.05
7.32
5.25
6.54
6.69
5.37
6.25
7.0
5.77
5.93
5.21
6.21
6.79
5.2
6.89
6.15
7.11
5.87
6.73
6.88
7.15
7.37
5.26
8.08
7.67
6.71
7.83
6.1
4.92
7.27
8.01
5.35
6.99
7.57
7.88
5.74
5.24
5.64
6.76
7.92
6.78
7.93
7.42
6.83
4.87
5.93
5.0
5.9
5.01
5.37
6.2
6.55
5.54
7.29
6.81
7.15
7.29
7.27
7.98
5.61
5.72
5.12
6.81
6.14
6.49
5.38
7.01
6.9
5.7
6.38
7.84
7.43
5.57
7.79
5.03
6.21
5.07
7.94
4.94
5.31
7.91
6.78
7.5
4.86
6.22
8.15
6.77
7.69
8.08
7.13
5.91
5.85
5.04
6.25
7.91
6.43
7.9
7.58
8.15
8.02
7.2
7.76
7.34
7.19
7.23
7.25
6.09
6.24
5.8
5.3
6.36
7.86
7.01
4.99
7.56
7.98
7.62
7.27
5.31
5.99
6.72
5.06
5.16
7.98
7.19
5.74
5.91
6.11
5.06
7.31
5.4
7.54
7.68
6.97
7.42
5.38
6.76
7.1
7.05
5.2
5.97
5.91
6.75
7.4
6.74
7.37
5.14
7.79
6.62
4.93
6.99
6.56
5.55
7.4
7.97
5.9
6.48
5.24
7.96
5.88
5.46
6.43
4.95
5.66
5.03
5.23
5.18
7.77
7.96
6.41
6.94
7.17
6.13
6.06
7.1
6.08
6.78
6.55
6.58
7.62
7.19
8.07
7.49
5.3
7.31
7.06
7.0
6.43
5.01
8.04
7.7
6.46
5.34
7.6
6.26
6.13
7.06
7.38
5.01
7.41
7.3
6.8
5.95
5.36
5.15
4.8
5.5
6.2
5.63
5.85
6.13
5.85
7.26
6.47
4.87
5.57
7.21
5.82
7.93
7.22
5.79
6.56
7.07
5.46
5.64
6.52
7.94
5.97
6.17
5.45
6.82
7.32
6.3
7.35
5.83
7.2
5.68
7.45
7.62
7.51
5.53
7.16
6.63
8.15
6.03
7.42
6.06
6.15
5.18
5.61
5.36
5.34
4.83
7.5
6.39
7.53
6.88
7.63
6.51
5.12
6.9
7.1
6.93
7.52
7.29
6.27
7.58
7.15
5.21
6.64
7.28
6.68
8.03
5.15
7.26
7.6
7.19
6.11
6.11
6.79
6.15
7.8
5.17
6.97
5.26
6.64
7.23
5.36
7.19
5.28
6.91
6.52
5.81
5.18
7.3
6.1
5.09
7.43
5.59
7.3
6.72
5.46
5.06
6.82
4.89
5.02
7.19
6.63
5.91
6.63
6.81
6.72
6.98
8.0
6.12
5.82
4.93
5.3
5.16
5.94
6.87
4.96
7.27
6.15
8.08
6.73
7.42
7.73
7.82
6.56
6.15
6.71
6.17
5.62
5.9
5.59
5.72
5.12
6.25
5.6
6.32
7.49
6.32
8.05
5.3
7.69
5.64
7.98
5.57
7.34
5.01
6.94
5.54
7.08
6.96
7.94
6.93
6.19
5.46
7.04
5.2
7.62
5.64
6.58
6.83
6.03
7.06
5.65
4.92
8.06
5.89
7.23
6.53
7.07
5.18
6.56
6.13
6.34
8.09
5.26
7.37
5.92
5.79
5.72
5.99
6.01
5.72
7.07
4.96
5.93
5.75
7.35
5.3
8.0
5.38
6.06
5.48
5.77
7.39
6.42
5.35
4.96
5.58
8.02
7.67
6.3
6.44
7.86
6.81
7.79
6.47
5.48
7.27
6.59
7.07
5.33
7.0
6.1
5.93
7.08
6.81
7.01
8.08
7.18
6.98
6.89
6.16
7.65
6.1
7.18
5.8
5.3
5.24
6.96
5.92
5.74
6.81
4.89
5.64
5.96
7.21
6.65
7.71
5.94
5.81
4.91
8.04
6.51
6.51
7.94
5.79
5.93
7.03
7.47
7.18
7.48
6.76
7.73
6.67
5.58
6.64
7.22
7.02
5.63
4.94
5.66
8.15
5.43
6.38
6.97
7.79
7.38
7.89
6.85
7.74
5.7
6.26
7.67
5.91
7.76
6.03
6.04
5.85
6.66
5.24
4.92
7.85
7.96
5.06
6.67
6.63
6.07
6.73
6.36
6.46
7.37
6.59
5.9
6.78
6.98
7.05
6.9
7.06
5.85
6.32
7.07
7.36
6.28
6.04
7.23
5.56
4.83
6.4
5.39
6.09
5.79
7.44
5.93
6.98
7.09
6.35
5.08
7.18
5.06
5.14
5.47
5.75
7.68
7.09
6.12
8.13
5.63
6.87
7.68
7.53
5.11
7.17
5.68
6.01
6.46
7.49
5.37
5.17
5.32
5.54
5.0
7.95
5.88
5.4
6.97
7.48
7.36
7.24
4.97
7.46
6.51
7.01
8.05
7.56
7.61
5.42
6.42
8.03
6.78
5.15
7.29
4.95
7.32
7.79
6.25
6.21
5.83
7.78
6.66
6.77
7.05
5.82
6.27
7.32
8.15
4.92
4.95
6.26
7.04
6.11
8.2
5.46
4.83
5.45
7.82
5.29
6.43
6.23
7.06
4.99
7.04
6.01
7.95
7.69
6.16
8.18
4.98
7.48
6.28
6.27
5.38
6.55
5.09
6.9
5.62
7.26
6.87
7.34
7.35
5.47
4.8
6.04
7.92
6.76
7.27
7.79
7.88
6.6
6.64
7.69
7.55
7.18
6.86
6.9
6.03
7.66
6.9
5.56
5.62
7.73
6.93
6.16
5.44
6.87
5.43
6.4
7.1
6.72
7.94
4.94
5.75
4.99
5.46
5.22
7.29
6.06
7.95
4.88
7.02
8.1
5.4
6.3
7.19
6.95
6.72
5.91
7.28
7.02
5.35
8.08
6.69
6.59
7.68
6.98
5.05
6.52
7.45
7.18
8.1
4.88
5.69
6.67
6.91
5.73
7.61
5.36
4.8
8.04
6.13
8.06
5.74
5.02
7.43
7.64
6.47
5.05
7.02
5.42
7.69
5.73
7.68
6.25
6.83
7.48
4.94
7.59
5.27
6.02
6.41
7.84
4.88
6.7
6.98
5.88
5.79
6.47
5.44
6.39
7.4
7.67
6.11
6.9
4.8
6.67
8.12
5.86
6.82
7.39
6.87
6.22
5.32
6.38
5.8
7.17
6.3
7.69
5.46
6.22
6.7
5.23
6.8
5.79
5.58
5.28
5.99
7.96
4.91
7.7
6.15
6.71
6.54
7.95
7.42
8.15
7.5
5.81
8.07
8.14
5.22
7.86
7.06
7.93
7.91
7.83
7.81
5.2
5.29
5.2
5.11
6.0
7.13
6.01
7.25
7.59
7.07
6.38
5.8
5.22
6.48
7.25
6.66
7.25
5.94
5.03
7.42
5.55
6.9
7.53
5.27
6.83
7.14
7.34
5.3
7.61
5.12
6.57
6.31
5.55
5.83
5.36
6.25
4.92
7.82
5.36
7.81
7.74
6.34
6.49
5.83
8.19
7.08
8.04
6.21
7.8
6.32
7.75
5.25
6.97
7.11
7.03
6.32
7.13
5.61
6.83
6.68
5.88
7.45
5.07
5.38
6.4
7.83
6.76
7.66
6.56
7.47
5.91
7.57
6.17
6.7
5.4
7.93
7.18
7.72
5.51
5.03
5.95
6.56
7.53
6.15
5.72
6.07
7.19
5.94
8.13
5.39
7.36
6.8
5.59
7.36
6.32
7.12
7.05
5.18
7.66
7.12
7.45
6.32
5.46
5.91
7.86
7.99
6.44
5.82
7.28
7.4
7.57
4.91
4.83
6.01
5.32
7.54
6.61
7.61
5.4
6.93
6.77
5.96
6.56
6.8
7.82
4.99
7.6
8.13
7.29
7.31
5.54
6.58
7.2
6.85
6.11
8.0
6.55
8.1
6.72
7.5
7.32
7.05
4.85
5.06
6.78
7.9
6.84
5.6
5.89
6.92
6.83
8.05
6.6
6.01
6.58
7.47
6.64
5.91
5.95
7.37
5.03
5.73
5.32
8.01
5.11
7.38
6.94
6.95
7.4
6.16
6.16
5.78
6.83
7.96
7.94
7.19
7.88
8.08
7.5
6.19
6.44
7.97
7.08
7.59
5.19
5.46
5.97
5.44
7.88
5.54
6.69
5.09
5.33
5.64
8.14
7.51
7.09
7.92
8.05
6.34
5.91
5.87
4.92
5.75
6.01
4.93
7.8
7.68
5.66
7.53
7.51
5.94
7.17
5.79
5.04
6.52
6.29
5.27
6.47
8.03
7.29
7.31
7.38
7.33
4.87
7.94
7.62
5.73
6.68
6.89
5.25
5.66
4.88
7.74
4.88
5.88
5.07
7.46
7.94
6.71
5.27
6.7
7.42
7.24
7.32
5.75
5.05
5.31
8.05
6.89
7.27
7.86
7.7
5.54
5.0
7.95
8.14
6.73
7.82
5.59
5.18
6.5
7.56
7.03
6.97
4.86
5.88
7.99
5.26
7.27
7.38
7.29
8.16
6.19
7.12
5.46
6.16
6.47
5.53
7.88
7.24
5.76
5.26
5.78
6.92
7.61
6.51
5.15
5.65
5.97
6.96
5.64
5.6
5.77
6.81
6.47
7.66
7.17
7.07
5.33
4.99
6.53
5.04
6.04
4.89
5.4
5.18
7.52
5.98
5.07
5.7
7.12
7.34
5.21
7.45
6.06
7.11
7.08
7.5
7.17
4.93
6.57
5.37
8.1
5.67
6.23
5.47
5.26
6.84
6.48
6.07
5.09
7.3
4.82
6.36
6.95
6.26
5.23
7.45
5.9
5.26
6.67
4.87
5.9
7.35
7.9
6.81
5.54
5.55
6.85
6.18
5.4
7.48
5.48
5.89
5.01
7.18
5.74
5.59
5.83
7.77
6.56
5.34
7.43
5.51
6.2
6.73
6.79
5.03
7.65
6.43
8.16
7.24
8.17
6.34
5.28
7.27
7.44
7.7
5.82
6.54
7.72
7.74
4.89
7.08
6.85
5.08
7.96
6.31
7.09
7.8
5.24
7.71
7.26
7.65
6.48
4.91
7.08
6.07
6.17
6.3
6.48
7.05
7.27
7.44
7.08
7.53
5.22
7.65
6.12
6.6
6.27
6.42
5.77
5.38
5.16
6.33
5.23
5.63
5.25
5.17
7.8
7.09
7.94
6.99
7.67
6.69
6.37
6.6
5.89
7.04
7.85
7.46
6.37
8.04
8.15
6.48
7.74
4.82
5.03
4.88
7.43
5.07
4.86
5.3
5.84
6.38
5.02
6.5
5.64
5.73
7.59
8.16
6.38
5.89
7.97
6.5
7.28
6.21
5.49
7.03
7.06
6.36
5.72
7.63
5.74
7.04
6.11
6.41
5.52
7.01
5.57
6.45
5.92
8.08
8.14
7.36
8.15
5.19
8.17
5.15
6.21
5.61
8.04
6.96
6.83
8.19
6.88
7.0
4.95
7.72
8.1
8.07
5.55
5.57
6.04
5.85
5.84
6.86
7.54
7.99
5.03
5.75
5.67
6.02
6.24
6.12
8.04
6.29
6.68
7.35
7.27
6.78
7.73
6.92
7.77
5.83
5.25
7.59
6.1
7.01
7.31
5.91
6.52
7.84
7.79
7.35
7.39
7.85
7.3
5.95
5.21
6.23
5.1
5.19
8.03
7.1
7.7
6.99
6.22
4.89
8.05
5.04
6.87
5.15
5.77
5.43
6.68
7.82
6.96
7.06
7.89
7.35
7.74
6.22
7.74
7.0
5.26
4.93
5.63
6.09
7.65
7.32
8.05
6.7
7.34
5.74
7.11
7.2
7.68
6.62
7.01
5.49
7.3
7.65
6.82
5.19
5.86
6.42
7.1
5.89
7.66
6.06
4.95
7.5
6.99
7.53
5.99
4.86
5.05
5.18
7.54
5.82
8.19
7.38
6.84
8.14
5.88
5.36
7.31
5.75
8.07
8.16
7.95
8.01
6.89
7.15
5.12
7.39
5.49
7.66
8.07
5.52
5.07
6.45
7.49
7.42
7.17
7.59
5.39
7.02
6.86
5.32
6.21
7.7
8.1
7.06
7.93
5.25
8.12
4.91
6.59
5.79
7.57
5.54
4.84
6.21
5.02
5.79
6.99
5.8
5.64
5.33
5.26
6.59
7.12
6.34
5.22
7.0
6.69
6.1
5.92
5.42
5.3
5.95
4.94
6.28
6.85
8.0
6.93
6.92
6.07
5.25
6.32
6.84
7.26
7.61
5.67
5.62
6.72
6.72
5.54
6.8
5.98
6.97
5.79
6.81
7.41
8.13
7.9
6.51
6.46
6.29
4.89
5.36
5.0
7.17
6.2
5.02
7.15
6.99
7.25
6.84
5.35
5.01
7.58
5.53
6.64
6.45
7.93
6.68
6.77
5.89
8.06
6.88
4.82
6.69
6.04
4.91
6.27
7.43
6.51
6.97
6.98
7.08
6.12
6.06
4.82
5.32
8.03
7.66
5.74
6.16
8.0
5.65
6.61
4.88
6.91
7.96
7.81
6.51
7.01
6.74
5.03
5.34
8.08
5.67
6.11
6.53
8.13
7.15
6.94
6.58
7.18
7.06
7.87
6.64
6.23
7.54
7.52
5.38
5.61
8.06
6.31
6.57
5.85
6.44
7.33
6.44
5.87
5.13
7.96
7.76
7.49
7.16
6.55
7.85
7.49
7.57
5.85
6.24
7.2
6.06
6.48
7.0
6.29
7.5
5.2
7.24
5.29
7.99
5.87
7.5
6.57
5.11
6.78
7.9
5.33
5.89
6.29
5.74
8.01
6.08
7.04
5.56
5.55
5.4
6.28
6.61
4.84
7.63
6.54
5.33
5.03
5.01
5.68
6.5
7.72
7.87
7.63
5.92
5.84
8.16
7.12
5.84
5.92
6.28
6.91
7.85
5.47
5.09
6.18
5.63
6.76
7.18
5.86
7.13
5.97
6.96
6.95
5.75
6.96
6.1
5.94
5.78
5.98
7.47
5.63
7.12
7.86
5.99
4.9
4.88
5.27
5.17
7.34
5.8
7.02
4.94
5.81
5.6
5.74
5.45
6.9
7.05
5.3
7.32
5.65
5.76
7.62
7.86
7.6
5.3
8.2
7.09
6.54
8.05
7.58
7.15
7.65
6.11
7.13
5.45
8.16
6.8
7.57
6.18
7.38
6.12
6.81
7.45
5.2
6.01
6.65
5.94
5.85
5.76
5.57
7.69
7.94
7.18
4.9
7.47
6.61
7.38
6.29
4.94
7.12
6.31
7.77
7.31
6.02
7.26
6.48
5.48
6.23
5.56
4.82
5.64
5.51
4.81
7.47
5.06
6.33
6.22
5.42
8.09
6.85
7.57
6.49
7.26
8.1
5.98
6.51
6.55
8.17
5.59
7.1
5.27
7.95
6.81
7.72
7.84
6.69
7.12
7.18
6.37
6.28
5.43
6.11
8.17
5.72
7.39
5.0
6.39
5.0
6.42
4.89
6.89
6.79
7.51
6.78
7.95
7.46
5.25
5.7
4.89
6.11
6.53
8.02
6.58
7.46
5.71
5.32
7.56
5.64
7.76
5.38
7.7
7.43
6.88
7.69
5.92
5.36
5.33
5.72
6.32
7.78
5.1
7.91
7.95
7.27
7.86
7.42
6.6
6.84
6.94
5.23
5.46
6.58
5.19
8.08
6.52
6.09
5.34
6.22
5.83
5.1
8.09
5.7
7.15
5.11
7.9
6.81
7.03
7.46
6.86
5.04
6.26
5.69
6.45
6.17
7.61
5.64
5.48
8.06
8.03
8.18
6.73
5.18
7.79
5.29
5.33
5.46
7.02
5.16
7.45
5.0
5.18
6.28
6.09
8.17
8.09
5.44
8.02
7.15
6.19
7.31
7.86
5.41
5.47
6.19
5.38
6.03
7.0
7.56
5.83
5.76
7.45
6.1
7.58
8.18
8.13
7.05
6.08
5.02
7.31
8.13
5.03
4.82
7.63
5.15
5.08
7.9
5.07
5.19
6.74
7.37
6.16
6.23
6.95
6.52
4.86
5.19
6.78
7.5
7.39
7.32
7.42
4.95
7.84
7.82
6.61
5.65
6.81
6.7
5.56
6.85
7.51
7.54
5.0
5.47
7.07
7.72
6.57
7.21
4.87
6.87
8.07
7.05
7.94
6.72
7.67
5.22
5.22
5.21
6.46
5.92
7.25
7.87
6.91
5.52
7.96
6.59
7.25
7.83
8.17
6.52
7.55
6.73
6.45
6.63
6.45
6.23
7.26
5.65
6.9
7.22
7.83
5.93
7.73
8.01
7.01
7.42
6.18
8.04
7.08
5.85
6.17
6.9
5.6
7.36
5.56
6.81
7.17
7.72
7.3
7.52
7.9
6.83
7.68
5.59
7.57
5.55
7.98
5.92
5.38
5.3
5.44
6.32
6.58
7.91
6.1
5.54
7.33
5.26
7.83
6.19
6.89
5.43
5.29
7.52
6.26
8.15
6.58
7.68
8.13
5.76
7.52
4.87
7.11
7.33
6.42
5.35
6.9
7.85
7.97
7.34
5.7
7.76
7.82
6.05
5.42
7.77
7.81
5.14
8.09
6.61
8.18
6.31
6.61
5.7
7.86
6.31
7.57
5.07
7.48
6.47
4.82
5.57
5.46
7.36
6.42
5.34
5.67
6.51
4.87
6.24
7.11
6.56
6.83
5.91
5.42
7.55
7.88
6.54
5.84
6.54
7.79
7.15
7.72
5.92
7.22
7.02
6.74
6.6
6.67
7.69
7.91
5.18
6.73
7.92
5.26
6.2
5.1
5.19
7.87
6.32
7.14
5.27
4.87
7.83
6.75
4.87
8.17
6.47
6.42
6.91
4.83
6.74
6.94
5.81
7.27
6.08
7.24
5.29
7.91
7.79
5.31
7.99
6.7
7.19
7.66
5.08
5.38
5.79
6.42
5.98
6.52
5.43
7.12
4.99
6.03
5.41
7.28
7.8
5.07
7.47
7.85
8.11
6.77
5.91
5.89
6.09
6.88
6.47
7.02
4.93
5.16
8.12
8.18
7.34
5.67
8.04
5.53
7.29
5.19
7.01
7.38
7.72
7.3
7.94
6.57
7.1
6.06
4.84
7.37
7.76
5.39
4.9
5.36
7.84
5.8
5.59
4.85
5.81
7.23
8.06
5.86
5.62
7.82
7.7
5.92
5.03
8.17
7.11
7.95
5.96
7.0
7.09
7.77
8.18
5.17
6.95
5.94
7.56
7.36
7.83
5.97
5.43
4.87
5.67
6.05
8.02
6.47
6.69
7.79
7.81
6.59
5.19
5.72
6.35
7.35
7.22
6.99
7.79
7.53
8.14
7.82
5.47
5.0
6.21
6.9
6.99
5.71
7.72
5.92
7.92
6.4
4.84
5.35
5.15
4.95
7.23
5.45
7.65
5.7
4.91
7.59
6.38
6.84
5.94
4.96
6.06
6.56
4.84
6.75
7.84
5.54
7.95
5.13
7.61
7.66
5.68
8.06
6.22
5.28
6.81
8.19
7.86
5.75
6.76
5.19
6.37
6.58
5.87
6.45
7.93
6.5
7.63
5.88
8.1
5.12
6.79
7.49
7.57
5.47
6.17
6.92
5.87
7.04
6.09
5.99
5.17
4.93
7.64
6.46
6.71
6.07
5.26
6.33
5.58
7.65
8.16
7.82
6.6
6.94
8.02
6.63
6.97
6.94
7.21
6.98
7.08
7.27
7.55
6.17
7.34
5.14
7.78
5.79
6.17
7.53
6.97
5.85
5.57
8.06
5.1
4.81
7.09
6.89
7.31
7.29
7.74
7.94
7.44
5.59
6.38
6.98
6.63
5.34
6.8
7.81
6.22
7.07
6.89
6.08
6.72
5.51
6.66
7.52
7.38
6.02
5.18
7.52
5.7
4.98
6.31
7.31
7.55
8.14
5.44
5.8
6.87
7.56
5.6
6.19
6.19
7.43
5.62
8.09
6.54
5.76
5.77
4.86
7.15
7.44
4.91
6.79
7.46
6.08
6.27
6.03
5.87
6.47
5.36
6.3
8.0
4.89
5.36
7.44
5.25
5.72
6.35
8.01
5.42
7.94
7.24
7.08
7.26
4.91
5.14
5.94
5.05
8.16
6.77
6.46
7.47
8.12
8.05
7.5
6.08
5.02
5.13
4.8
4.81
7.98
7.95
7.07
7.27
6.54
5.61
7.91
5.74
7.31
5.63
7.76
7.01
6.99
5.13
6.23
6.58
5.8
7.8
7.65
6.48
5.96
7.53
5.47
5.04
4.96
4.93
6.46
5.67
7.15
7.02
6.64
6.0
7.69
7.21
5.72
6.51
5.33
5.92
8.19
5.56
7.17
5.61
7.99
5.85
5.98
6.82
6.8
6.77
6.75
5.86
6.28
6.82
7.08
5.66
7.19
7.94
7.38
5.09
6.4
6.28
5.94
6.47
6.29
4.82
5.6
5.53
5.99
5.39
5.03
5.47
7.7
7.51
6.3
7.78
5.59
6.79
5.29
7.63
5.24
4.91
5.73
7.86
5.24
5.92
5.88
7.53
6.23
6.88
6.17
6.67
5.01
6.07
7.71
7.15
8.14
7.48
6.34
7.1
7.44
5.72
5.0
6.18
5.29
5.74
8.02
7.68
6.81
6.16
5.7
6.74
6.61
7.45
7.96
5.92
5.5
6.17
6.29
4.94
7.73
8.19
7.94
7.73
8.17
7.89
7.14
5.37
5.33
4.97
6.2
7.55
6.47
6.05
5.17
4.98
6.16
5.14
5.15
6.14
6.51
5.43
7.13
6.22
5.11
6.97
6.01
4.98
8.02
6.74
6.42
7.72
7.98
5.55
7.55
7.63
4.98
7.22
5.01
6.82
7.08
6.05
7.79
7.52
7.95
5.87
4.87
7.56
5.56
6.39
7.58
5.53
5.86
6.29
5.72
6.37
4.83
5.52
7.63
6.21
6.96
5.59
7.01
8.2
6.82
6.94
5.18
6.17
7.73
7.64
6.58
7.87
5.29
7.04
5.65
6.99
5.1
8.01
7.47
5.48
6.97
7.38
5.51
5.12
6.0
5.26
6.72
6.24
6.37
6.65
8.14
7.49
6.94
6.04
4.89
5.2
7.28
6.06
5.94
7.82
6.45
7.86
7.81
5.07
8.01
5.06
8.08
6.34
7.39
7.2
6.56
6.91
8.03
7.95
7.02
7.04
5.64
7.62
6.95
7.61
7.04
5.82
5.44
5.06
6.79
5.77
6.94
5.0
6.08
5.69
6.06
4.98
7.26
5.2
4.85
8.02
5.46
7.62
8.08
6.62
6.59
6.05
6.25
6.44
5.32
6.04
7.57
5.42
7.28
7.02
4.99
4.88
6.0
7.15
5.92
7.07
7.06
7.54
5.14
6.76
5.01
5.4
5.91
7.21
8.11
5.96
6.57
5.68
7.1
6.05
6.44
6.73
7.13
5.0
6.69
6.27
5.25
5.51
7.81
7.76
4.91
7.14
6.68
8.0
7.89
6.77
5.27
6.36
7.27
8.04
6.04
7.47
7.12
5.07
6.7
5.42
7.12
6.87
8.11
7.98
4.83
5.07
7.42
7.13
7.52
5.71
7.69
6.3
5.69
4.84
7.76
6.62
8.12
7.23
5.07
6.8
4.86
6.7
5.99
6.99
6.64
5.69
5.35
6.18
8.16
6.28
7.35
4.99
6.09
6.77
7.35
6.6
6.55
7.4
5.87
5.11
5.98
5.34
8.08
6.76
6.32
7.9
7.86
6.21
7.77
5.02
7.81
5.86
6.72
5.72
8.15
5.04
6.32
6.91
6.89
7.31
7.26
7.5
5.6
6.06
6.1
8.05
6.19
5.55
6.95
6.25
5.65
7.23
5.45
6.95
6.26
5.89
8.02
5.9
5.98
7.76
5.24
5.17
5.76
6.81
6.11
6.87
5.34
5.69
6.72
5.54
6.24
6.75
8.11
5.07
6.37
6.15
7.6
7.86
7.88
6.08
5.84
6.33
5.97
7.24
5.53
7.04
7.95
5.75
7.1
5.29
5.21
5.19
5.27
5.53
6.71
7.41
5.23
7.76
7.67
7.27
6.25
4.81
7.3
7.79
5.94
7.24
5.01
7.21
5.03
6.8
6.83
5.83
5.07
8.03
6.62
6.77
6.89
7.83
5.0
7.84
5.61
5.07
7.03
8.12
4.99
6.25
6.6
5.66
8.14
6.98
7.67
6.21
6.0
6.68
6.28
7.23
5.7
6.33
7.84
7.37
5.37
7.82
6.8
7.11
5.8
6.3
7.54
5.92
5.36
6.09
5.04
7.24
5.3
5.77
7.8
6.64
5.89
6.66
5.54
4.89
6.85
7.23
7.79
7.42
7.95
8.15
7.33
7.75
7.09
5.38
5.42
5.17
8.01
7.09
7.49
5.93
6.37
4.94
7.82
7.7
7.47
5.0
5.39
5.94
5.69
7.65
5.46
6.61
6.74
6.25
5.62
8.07
6.21
7.27
5.43
7.6
5.53
7.1
6.52
5.3
4.88
7.96
5.23
7.2
7.02
5.96
5.43
5.41
6.79
6.66
7.78
6.98
7.59
4.91
7.08
5.59
5.66
7.25
7.5
6.06
7.49
6.31
7.72
4.88
5.08
7.44
6.92
6.7
6.89
7.96
7.03
7.0
7.38
7.75
5.69
6.9
6.79
5.26
6.57
5.04
5.43
7.9
5.21
6.77
5.9
6.69
5.6
6.31
7.75
6.08
6.0
6.32
5.14
6.12
4.82
6.51
7.68
6.68
6.87
4.9
7.72
6.11
8.11
5.21
8.01
6.96
4.98
8.1
4.85
7.28
7.82
5.4
5.97
6.71
7.11
7.76
7.39
6.04
7.59
8.08
5.57
5.05
6.25
7.8
5.31
7.81
8.17
4.98
6.48
5.92
6.14
6.34
7.31
6.81
8.07
5.93
6.64
7.57
6.07
6.38
7.13
7.73
6.21
6.61
8.12
4.94
6.32
6.96
4.83
6.83
4.99
7.72
7.54
4.91
4.97
7.36
6.06
6.76
5.72
5.39
5.81
5.64
6.32
7.34
6.68
6.87
6.4
5.9
5.29
6.01
7.06
7.29
6.4
6.99
5.52
7.72
7.74
5.89
6.66
6.86
6.41
7.9
7.32
7.09
6.57
5.09
5.17
5.82
5.52
8.04
6.19
7.78
7.58
7.56
5.53
6.32
5.88
8.1
7.78
5.65
5.87
6.6
5.75
7.6
7.59
7.26
7.14
6.66
5.98
7.65
7.72
4.97
6.16
4.89
7.65
5.4
7.09
6.02
7.57
6.53
5.9
5.9
5.91
7.48
7.22
5.89
6.47
5.06
7.61
5.7
7.82
6.83
6.73
5.35
5.04
6.68
6.39
5.21
7.64
6.22
5.69
7.48
7.9
5.84
7.44
7.02
8.17
5.49
8.07
5.87
6.2
6.02
5.71
7.16
6.8
5.84
5.25
5.88
6.1
6.09
6.01
4.97
6.38
7.64
5.41
5.3
6.4
6.06
6.71
8.02
7.39
7.14
6.21
5.78
6.64
7.81
7.78
6.31
5.64
5.57
4.92
7.67
5.7
6.02
7.55
5.21
6.37
5.22
6.3
4.96
6.56
7.51
7.1
6.53
7.62
5.57
7.62
5.74
6.03
5.24
5.15
7.97
5.45
5.93
6.6
5.98
7.76
7.86
5.91
5.11
5.51
6.41
5.78
6.34
7.38
6.23
5.47
6.02
7.33
6.24
5.65
6.25
6.35
5.81
8.19
7.41
7.15
7.71
7.07
7.49
6.2
6.5
4.96
5.75
6.05
6.93
6.38
6.87
7.23
4.95
5.68
5.38
5.44
6.51
7.32
5.73
7.6
7.83
5.99
7.12
5.2
7.33
5.36
7.14
6.23
7.96
6.38
4.91
6.43
7.5
7.0
8.09
7.67
6.59
5.5
4.81
8.13
7.99
5.73
6.97
7.28
6.77
7.67
5.06
7.85
6.13
6.43
6.31
6.61
6.83
7.22
6.58
7.13
5.95
7.98
5.02
6.65
5.1
6.31
5.68
7.99
4.84
6.13
7.46
5.44
7.57
7.72
7.21
5.51
5.72
5.37
5.43
4.92
7.71
6.6
5.91
5.78
6.65
5.91
7.74
5.52
7.8
7.06
8.05
4.85
5.0
6.5
7.9
7.28
6.92
4.91
6.0
5.98
6.64
5.68
5.71
6.91
8.01
7.04
7.07
8.15
5.32
4.92
7.33
6.29
6.26
5.57
6.52
6.3
5.97
6.31
6.11
8.0
8.13
7.66
8.17
5.7
7.67
6.18
7.34
5.48
7.56
5.08
5.72
7.59
7.34
6.5
7.09
5.43
7.07
4.83
7.63
6.56
8.01
6.43
6.27
6.33
6.02
5.37
7.66
6.12
6.6
4.87
5.0
6.83
7.79
6.48
5.36
5.19
7.86
7.19
8.09
5.08
7.87
7.68
7.84
4.82
7.32
6.67
6.75
6.4
7.33
8.2
7.22
7.11
7.03
7.16
5.96
5.89
7.47
4.98
7.38
7.57
6.57
7.89
6.41
5.41
6.03
7.88
8.18
6.23
5.37
5.77
6.68
6.75
6.94
7.64
7.22
5.69
6.14
7.66
6.95
5.37
5.91
7.49
5.39
7.15
6.72
5.3
7.14
5.28
6.15
5.85
7.15
7.46
5.37
7.56
4.82
6.6
6.56
6.92
5.61
4.83
6.35
5.04
7.83
5.39
6.25
6.28
6.68
7.46
6.41
4.89
7.42
5.08
6.98
7.53
5.76
6.33
4.85
7.53
7.19
5.59
6.13
7.16
6.02
5.35
6.56
7.26
5.89
5.21
7.62
5.66
6.54
7.15
5.88
7.01
6.36
6.74
6.81
7.6
7.03
5.7
5.0
4.81
7.88
8.0
5.12
6.46
5.32
8.03
5.64
6.51
5.36
5.93
5.71
6.42
6.23
5.92
5.16
6.45
7.69
7.28
7.25
6.04
7.21
6.38
5.31
6.22
5.25
5.19
4.88
5.76
5.92
7.18
6.63
7.72
5.4
5.7
8.0
6.31
7.48
6.47
6.4
5.3
7.69
5.07
5.85
7.09
6.52
7.8
4.93
7.01
6.42
5.32
7.33
6.2
6.61
8.09
6.45
7.6
7.42
7.05
7.85
5.66
7.59
6.08
7.56
6.48
7.72
7.84
6.83
6.53
7.46
5.71
4.85
6.18
6.53
5.81
6.1
5.25
5.74
5.62
5.82
5.82
6.7
5.65
8.0
6.54
5.24
5.75
7.28
4.85
7.99
6.31
6.57
8.16
6.51
8.02
7.91
8.0
7.56
5.81
5.98
6.04
8.13
6.03
5.17
7.45
6.04
6.91
7.94
6.76
6.97
6.99
6.88
5.34
6.35
4.83
6.93
6.76
5.88
6.58
6.48
5.65
5.8
7.39
7.37
6.4
7.24
6.33
7.69
5.93
7.95
6.64
6.62
7.08
5.96
7.26
5.89
6.15
7.09
6.09
5.48
7.76
7.94
6.93
7.56
8.15
6.89
7.89
6.02
7.18
4.99
7.48
7.62
6.16
6.97
7.72
7.8
5.16
7.61
5.73
7.27
5.91
4.99
5.51
6.19
7.32
5.14
7.56
8.19
7.48
6.41
6.73
4.82
5.51
7.86
4.87
7.88
5.19
5.25
5.4
7.52
6.43
5.29
7.14
8.0
6.75
5.14
4.99
7.51
6.93
7.94
6.66
5.01
6.17
7.04
6.11
8.2
6.18
6.66
5.57
5.32
6.99
6.8
4.81
5.77
6.99
7.56
5.86
7.0
5.7
7.15
7.17
5.24
7.06
5.93
5.39
6.5
6.34
7.43
5.09
7.49
5.16
5.51
6.55
6.37
8.16
6.8
5.91
7.86
5.86
5.73
6.48
7.9
7.21
7.1
7.27
7.04
7.38
5.46
5.4
6.03
7.69
7.23
6.73
4.87
5.6
7.53
5.62
7.28
5.43
6.86
6.94
7.36
6.29
6.95
6.46
8.02
6.57
5.51
7.07
6.66
7.53
5.4
5.69
7.93
7.96
6.3
4.96
5.84
5.64
6.21
5.88
7.62
4.81
6.99
7.06
7.05
6.57
6.88
7.56
7.47
4.92
4.9
7.65
6.75
8.06
6.27
5.4
6.41
6.28
6.56
7.55
7.03
5.43
7.3
6.81
6.77
7.11
6.72
6.36
6.98
7.26
5.57
6.49
6.36
4.94
7.64
6.08
5.05
6.36
5.35
7.2
6.74
5.72
8.03
5.79
6.69
7.53
6.55
8.07
7.67
7.93
6.07
6.66
7.66
7.87
8.01
7.79
7.28
4.88
5.87
5.24
5.33
5.79
5.05
5.63
8.05
5.86
5.34
7.24
7.62
5.87
5.75
5.62
6.14
5.1
7.08
7.6
7.06
6.23
5.78
6.19
6.24
7.06
7.96
5.04
8.04
7.89
5.2
5.42
5.86
6.7
5.26
5.48
7.87
5.17
6.16
7.39
7.82
5.94
5.36
7.31
7.43
8.13
5.27
7.21
6.22
7.91
6.19
6.32
5.23
5.89
6.16
4.86
6.29
5.94
7.53
5.16
7.38
7.23
5.62
5.08
7.66
5.65
5.29
6.02
6.16
5.91
8.12
7.79
7.77
6.16
8.07
7.13
7.63
6.5
5.35
7.82
6.45
8.09
5.67
8.17
5.56
6.05
6.82
7.16
7.25
6.42
5.06
6.49
5.94
7.04
5.42
6.14
8.08
5.1
6.85
5.11
5.33
6.86
6.31
6.66
7.79
7.58
7.82
6.9
6.46
6.36
7.32
6.57
5.16
5.28
6.01
5.03
5.61
7.03
4.84
6.85
7.43
5.38
5.42
4.9
6.54
7.03
6.35
6.12
6.35
7.46
4.91
7.46
7.07
5.62
6.58
4.97
6.09
5.39
4.88
6.01
7.27
7.93
7.05
6.17
8.2
5.76
5.44
6.38
6.52
6.01
7.16
5.43
6.54
6.5
7.6
7.95
7.06
5.84
7.14
5.65
8.09
7.6
6.27
7.47
6.19
5.05
7.2
6.18
7.96
5.84
7.67
7.11
7.7
5.79
6.37
7.6
6.99
6.02
6.54
8.19
7.32
6.89
7.61
6.3
8.03
6.68
5.91
5.09
6.08
6.73
7.19
7.78
8.01
5.15
6.84
7.07
5.39
6.66
5.94
5.06
5.02
7.38
6.89
7.23
7.13
5.26
5.32
5.66
6.16
7.99
7.09
5.67
4.99
7.13
6.93
7.1
5.69
6.56
6.03
7.58
5.04
5.74
6.85
5.5
7.09
5.27
4.88
7.74
5.93
5.33
5.39
7.81
7.03
8.05
7.52
7.41
6.5
7.59
6.2
7.61
7.38
7.11
5.92
6.94
6.52
6.37
8.17
6.51
4.91
6.93
7.28
7.81
6.95
4.87
5.21
5.35
5.52
7.52
5.85
5.86
7.37
6.2
5.02
6.79
5.24
6.74
7.45
7.96
5.03
5.83
7.02
5.87
6.33
4.87
7.16
7.8
8.12
7.62
4.91
7.02
6.49
7.99
7.87
8.16
7.73
6.66
7.23
8.08
6.77
7.66
8.0
6.74
5.34
5.33
5.19
6.42
6.43
6.9
6.44
8.11
5.79
7.77
5.14
6.85
7.0
7.43
6.51
5.47
6.05
5.73
6.22
6.6
6.93
7.67
7.89
6.37
5.1
7.51
6.42
6.66
6.83
7.07
7.83
8.04
8.0
7.55
7.82
4.97
7.69
5.05
7.34
5.38
6.02
5.43
6.31
6.2
4.96
7.62
7.7
7.48
7.68
7.35
7.99
6.76
6.78
7.72
5.99
4.97
7.35
5.67
6.41
5.62
7.61
8.06
4.99
5.59
5.44
7.09
6.26
6.35
5.33
6.21
5.83
6.88
5.54
6.89
6.08
5.98
5.84
7.09
6.71
7.7
5.62
4.94
5.42
5.97
5.41
5.08
6.31
7.1
7.36
6.16
6.43
7.37
6.0
7.47
8.09
7.79
6.34
6.77
7.24
5.99
7.52
6.29
7.68
5.67
4.84
6.95
6.34
5.0
6.46
5.37
6.94
6.31
5.38
6.2
5.59
7.02
5.8
7.59
4.85
6.17
6.9
4.88
5.53
5.91
4.87
6.66
6.94
5.57
6.65
8.2
7.82
5.0
5.23
6.48
5.63
5.08
5.67
5.01
6.6
6.47
4.82
6.44
6.57
6.86
8.1
8.14
6.59
7.67
5.09
6.61
7.11
6.72
5.58
5.01
6.11
7.0
8.17
5.6
7.92
5.03
7.97
7.63
4.87
5.81
4.97
8.18
6.25
7.05
5.6
7.97
5.73
5.68
5.87
6.37
4.86
6.83
4.91
6.63
6.36
5.62
5.92
7.2
4.83
5.88
7.11
5.32
6.71
5.37
5.33
7.43
5.71
6.08
7.28
5.41
6.61
7.92
6.68
4.97
6.8
5.11
5.76
7.69
4.84
5.06
6.04
8.2
5.79
5.33
6.67
6.57
6.33
8.02
5.75
5.8
5.28
7.17
5.89
7.53
8.1
4.95
8.18
5.66
6.23
7.44
7.06
7.45
6.39
7.91
7.49
5.85
8.02
8.07
6.21
7.02
7.57
7.58
4.85
6.94
8.11
5.59
7.51
6.62
5.55
4.97
7.38
5.88
6.08
6.45
6.52
5.5
7.08
7.15
5.28
6.61
6.87
5.43
7.84
6.44
5.19
5.94
6.42
4.83
4.91
4.99
6.63
5.94
7.84
6.7
7.38
7.14
6.57
7.33
6.65
6.11
6.28
7.65
6.72
6.08
5.41
6.48
5.66
8.05
6.47
4.83
5.12
5.77
5.11
7.84
7.7
8.1
7.2
6.99
7.94
8.02
7.78
7.73
7.08
4.81
6.26
6.96
6.66
7.59
7.58
6.84
4.87
6.06
5.58
5.95
6.9
5.03
4.88
6.29
7.5
4.9
7.69
6.11
5.2
6.73
8.04
6.64
7.13
7.58
7.52
5.05
7.32
8.03
7.18
7.64
6.45
5.88
7.1
6.47
7.84
8.11
7.59
8.18
5.98
7.85
5.92
5.2
6.91
6.35
7.93
6.47
7.95
5.07
7.62
7.38
7.25
6.01
7.46
6.44
7.23
6.68
5.34
5.02
6.05
7.97
6.6
7.53
6.76
8.06
6.06
4.99
7.45
7.2
6.59
5.91
5.44
6.44
7.07
6.77
6.29
6.63
5.17
7.17
7.3
4.84
5.72
5.11
8.19
6.82
6.38
6.37
8.08
7.04
5.37
6.32
7.43
6.24
5.85
8.17
7.98
8.0
5.25
5.6
6.3
7.63
7.31
7.69
7.93
7.45
5.69
5.77
6.0
5.83
5.65
7.36
4.92
7.28
7.6
5.02
5.01
5.77
5.51
6.78
7.1
6.96
6.01
6.49
6.98
5.21
5.58
7.83
5.96
7.52
5.65
4.94
6.5
7.83
7.59
5.66
7.89
6.43
4.97
4.89
6.45
6.66
5.07
7.94
7.24
7.52
6.79
7.06
6.12
7.11
8.13
7.0
5.96
5.77
8.08
5.43
7.54
6.38
6.31
7.34
5.3
6.39
4.92
7.08
5.0
5.1
7.67
6.31
5.48
6.81
6.57
6.2
7.88
7.35
5.32
6.74
5.1
5.63
7.89
6.37
7.83
5.36
5.5
6.0
6.05
7.33
6.84
6.68
6.85
7.29
7.84
6.21
7.53
6.48
7.26
7.77
4.91
6.66
8.16
6.49
7.74
5.43
6.85
7.76
6.27
6.45
5.08
4.94
6.39
7.67
7.97
7.04
7.61
7.3
7.19
7.41
6.52
6.36
5.34
7.67
4.95
5.71
6.57
8.1
7.47
6.05
7.23
7.97
6.63
6.37
6.68
5.86
7.88
7.51
7.2
6.8
8.1
5.81
5.76
5.62
7.32
7.51
6.83
7.02
5.99
4.94
5.66
6.79
7.56
7.44
5.41
4.97
7.69
5.06
6.14
5.12
6.72
6.04
5.49
6.82
6.04
5.37
7.18
7.65
5.73
5.43
5.06
6.59
7.63
5.65
6.37
5.35
6.17
4.85
7.9
7.1
5.93
7.8
5.42
5.07
8.0
5.85
7.98
6.97
8.13
7.36
5.16
7.7
5.3
7.15
6.5
7.21
7.4
7.53
7.64
7.68
6.2
7.82
7.25
7.65
8.16
5.2
6.06
7.54
5.09
6.64
7.72
4.86
7.99
8.13
5.9
7.41
5.23
7.43
6.44
7.72
5.52
7.09
7.47
5.49
7.58
8.06
6.89
7.47
6.61
6.83
4.85
6.58
6.76
7.08
5.38
5.62
7.37
5.37
6.21
5.65
6.65
8.16
7.7
5.72
6.05
7.92
7.85
5.35
7.62
5.81
6.65
4.82
8.2
7.39
5.62
7.12
5.8
5.1
6.25
6.89
5.11
6.56
6.55
6.94
5.63
4.87
5.9
6.16
6.96
7.96
5.49
7.14
5.13
5.45
6.53
7.21
7.72
7.33
4.85
7.13
7.6
6.59
8.08
4.81
7.58
5.94
7.01
7.16
5.84
8.18
5.15
5.33
7.83
5.21
6.1
7.29
7.49
8.05
7.48
7.67
8.03
6.68
5.97
7.39
5.36
5.03
7.47
8.03
6.3
5.35
6.49
6.14
6.07
6.94
5.39
6.09
7.75
7.28
4.99
6.55
5.11
8.06
5.63
7.97
7.64
6.67
5.94
7.72
5.32
5.41
5.56
6.83
5.87
8.16
5.46
7.54
5.13
6.0
5.63
8.12
4.89
7.25
5.64
7.56
5.86
5.44
7.16
5.68
6.45
5.25
7.26
6.18
5.28
7.32
5.15
6.75
6.87
7.96
5.31
7.02
6.09
6.16
6.51
5.59
6.37
7.14
6.35
4.94
5.68
5.99
6.01
5.08
6.33
7.15
4.97
7.35
8.05
4.83
5.46
6.65
5.54
7.4
5.86
5.8
4.8
5.72
5.54
5.97
5.3
6.82
5.61
7.63
5.77
5.52
4.99
7.32
6.53
5.19
5.55
8.2
7.54
5.99
6.64
6.21
4.92
7.45
7.24
6.19
7.68
6.62
5.02
5.68
6.37
5.15
6.74
5.21
5.48
7.84
8.2
6.67
6.91
7.51
7.17
5.42
6.2
6.62
6.02
5.4
7.3
5.48
5.69
5.77
5.35
7.69
6.88
7.64
6.48
6.57
6.89
6.06
6.49
6.66
8.04
7.8
5.24
4.94
7.11
4.97
5.01
5.34
6.0
6.28
6.57
8.17
6.11
5.63
6.76
5.53
8.0
5.68
8.17
6.22
7.56
7.0
7.97
6.93
6.78
7.02
7.47
7.86
5.71
5.48
4.92
6.06
7.68
5.04
6.63
7.16
7.65
6.78
5.43
8.08
5.12
7.41
5.09
5.29
7.85
7.36
6.04
6.97
6.35
5.03
7.25
7.4
7.8
6.64
7.09
6.29
5.88
6.2
7.9
5.36
5.64
6.86
5.2
7.83
4.96
7.37
6.07
4.97
7.67
6.98
4.83
5.71
6.0
5.9
6.49
6.59
6.15
5.93
6.51
4.91
6.99
6.86
5.75
5.41
5.05
6.8
6.73
6.61
8.15
6.61
7.25
5.18
5.82
5.74
6.76
5.92
6.98
7.15
4.91
6.98
5.2
6.38
7.27
7.19
5.82
5.73
6.3
5.44
8.11
5.97
7.94
7.89
6.04
5.66
7.42
5.58
6.57
5.18
6.11
5.07
5.76
7.06
8.17
5.67
6.41
6.32
5.43
6.87
7.26
5.3
7.37
7.18
5.47
7.01
6.14
7.12
6.49
4.96
7.48
6.69
7.26
5.23
7.25
6.21
7.52
6.84
6.01
5.49
7.57
6.7
8.16
6.07
7.13
6.92
6.97
7.31
5.27
6.67
6.53
5.96
6.28
6.56
5.89
5.8
7.31
5.03
5.86
7.02
5.51
6.75
5.83
7.67
5.99
5.58
6.6
5.26
7.51
7.11
7.42
6.16
7.64
6.48
5.12
5.56
7.22
7.85
5.12
7.74
7.52
6.01
7.14
5.44
7.57
7.03
6.29
7.74
5.27
7.68
4.88
7.36
6.75
7.17
6.2
7.74
5.86
5.73
5.83
7.43
6.48
6.63
7.63
7.63
5.35
6.67
5.23
7.75
7.65
7.69
7.2
6.39
6.18
6.14
5.03
8.03
6.33
7.96
7.79
7.62
6.8
5.15
5.9
6.85
4.85
4.94
7.1
7.82
7.71
5.37
7.9
7.17
7.24
5.83
7.23
7.21
6.82
6.01
7.56
7.99
7.76
5.63
6.32
5.96
7.21
7.63
5.53
8.02
7.1
5.54
6.06
5.16
6.83
5.38
7.16
7.31
6.43
5.12
6.88
6.07
8.03
6.54
5.05
6.96
7.45
5.35
6.33
7.33
4.87
4.9
7.1
7.27
7.68
6.16
6.13
6.68
7.37
6.98
5.91
5.98
7.39
6.62
5.13
5.32
7.69
8.2
5.94
6.11
5.33
5.6
6.24
5.77
7.18
6.63
7.6
7.26
5.24
5.22
7.85
7.59
6.39
5.24
7.86
5.58
4.92
7.94
7.55
7.16
4.92
6.6
7.02
7.38
6.4
8.04
5.63
5.04
5.93
7.05
7.31
7.31
5.18
7.81
5.75
5.51
6.89
5.52
6.53
6.18
5.59
5.79
6.25
5.98
6.1
7.3
5.37
6.93
7.11
7.53
7.68
5.34
5.27
6.89
7.37
5.73
6.59
7.43
7.41
7.02
5.07
4.97
6.12
4.89
7.87
4.87
4.9
5.36
6.93
6.64
7.04
7.84
6.35
4.95
7.4
7.56
4.97
5.63
7.42
6.08
6.41
7.6
5.12
7.1
5.53
5.01
7.05
5.21
7.34
5.49
4.96
5.14
7.66
6.06
5.83
6.47
6.95
4.93
7.85
8.06
6.22
6.2
7.79
6.26
7.71
4.9
6.46
8.04
5.66
5.7
6.94
7.95
5.48
7.93
7.05
8.18
7.3
7.07
7.57
5.4
8.02
5.36
4.89
7.17
5.43
7.38
7.5
5.6
5.09
6.5
7.83
7.68
5.2
8.08
5.7
5.99
5.31
6.08
6.96
6.52
7.61
6.98
5.7
6.7
5.02
6.77
6.12
5.13
5.85
7.85
6.79
7.87
6.2
8.13
6.02
7.37
5.84
5.16
7.63
7.39
7.59
5.82
7.19
5.55
4.84
7.75
6.58
8.14
6.11
8.05
6.89
6.54
5.83
7.61
7.62
6.22
7.27
6.32
7.31
8.18
5.69
6.96
6.09
6.66
7.77
5.98
5.05
7.52
6.69
6.33
5.42
5.12
5.75
7.24
6.2
6.74
5.08
5.22
4.84
7.09
5.7
8.09
5.85
6.04
6.4
5.89
7.58
7.78
4.84
7.03
7.13
8.07
6.06
5.46
6.57
6.32
7.49
7.87
5.09
7.68
7.89
7.94
7.4
7.32
4.85
7.93
6.0
4.94
6.2
7.29
6.3
7.38
6.53
5.82
5.49
6.23
4.92
6.24
5.03
7.78
6.76
7.0
5.78
5.57
7.21
7.08
5.22
5.61
8.02
5.83
4.89
5.02
7.44
7.37
6.1
5.32
6.49
5.93
6.07
5.69
5.01
7.49
6.9
7.64
6.51
8.15
8.07
5.72
6.12
7.36
7.44
7.9
7.02
6.42
6.08
6.23
7.69
8.13
4.98
6.77
6.57
6.08
7.7
6.76
5.86
6.31
6.01
6.26
5.04
5.18
6.92
7.13
6.96
7.39
8.01
7.73
6.22
5.54
5.86
6.8
7.71
7.19
6.65
6.85
6.6
8.1
7.57
7.46
6.56
5.93
4.87
4.95
4.9
8.13
5.19
5.28
6.45
6.44
7.93
5.05
8.05
5.54
8.1
6.64
7.02
5.87
6.88
7.22
4.84
4.92
8.15
6.36
7.98
7.28
6.07
5.31
8.13
6.79
5.45
7.12
5.11
7.75
5.11
5.6
5.11
5.15
6.58
7.14
7.48
7.16
6.04
6.69
7.95
6.12
5.66
6.57
5.81
5.69
7.45
7.83
6.51
7.45
5.44
6.66
6.96
6.47
5.2
7.3
7.65
6.96
5.38
5.05
5.83
4.93
7.65
7.19
6.72
7.82
5.17
7.23
5.3
5.01
5.25
8.03
6.3
4.97
6.78
5.48
4.82
7.38
5.33
8.0
6.82
5.1
5.54
6.88
5.95
6.61
7.52
7.49
7.17
7.81
5.48
5.4
7.52
5.89
6.54
7.33
6.15
5.24
7.11
7.58
4.84
6.71
6.4
5.68
5.35
5.44
7.26
6.62
8.14
5.63
8.05
6.55
5.3
5.3
6.87
7.63
7.34
7.03
5.39
5.17
4.8
5.15
7.41
7.84
5.62
7.5
5.48
5.65
5.56
4.98
5.46
6.07
6.18
5.85
6.55
6.09
8.1
7.54
7.97
6.7
7.11
5.37
7.36
5.6
5.3
4.94
6.41
5.78
8.15
5.65
7.75
5.88
7.35
7.04
6.71
6.22
7.08
6.18
6.66
6.81
5.71
5.96
4.86
7.7
7.37
5.42
6.03
6.23
5.94
7.51
7.27
7.41
7.87
6.82
6.89
7.25
7.12
7.76
7.42
5.21
7.96
7.12
5.23
7.42
6.02
7.54
8.05
5.67
7.72
7.43
7.08
6.11
5.17
6.45
5.16
6.5
7.59
8.19
5.47
5.51
7.56
6.39
7.91
7.41
7.3
5.15
4.92
5.88
5.54
7.22
6.33
6.58
7.57
6.43
6.65
7.66
6.27
5.08
6.57
6.77
6.54
5.68
5.56
6.06
5.37
7.06
6.89
6.95
5.56
5.64
7.48
7.15
7.78
6.17
6.66
7.31
8.11
8.16
8.2
7.83
6.97
4.82
7.18
5.61
4.99
7.17
7.37
7.04
6.04
6.54
7.98
7.28
6.52
6.82
7.95
6.14
5.15
5.91
6.21
5.73
6.6
5.84
5.15
5.44
7.92
6.94
5.87
6.05
6.48
7.09
6.78
7.97
6.93
7.9
4.82
7.83
7.25
5.39
5.69
6.65
5.22
7.47
7.49
5.82
5.04
8.16
5.65
5.03
5.92
8.09
7.5
6.43
5.84
6.24
4.86
7.24
5.14
6.56
6.72
4.81
8.13
5.83
5.06
7.7
5.32
4.88
6.48
5.24
8.14
4.84
4.97
7.63
5.62
7.9
5.86
5.04
4.84
5.76
6.41
4.8
6.78
5.93
6.13
5.69
6.6
5.58
5.26
7.83
6.13
5.06
5.58
5.85
7.42
4.88
6.43
6.19
8.09
5.41
6.93
5.49
6.66
6.69
5.06
6.35
6.37
5.89
5.74
5.56
4.82
4.81
6.81
5.79
5.37
7.13
6.6
7.91
7.63
7.27
5.23
7.06
7.16
7.4
5.69
6.98
6.9
6.11
7.06
5.09
6.99
6.86
5.52
7.58
7.77
5.52
5.06
6.85
6.43
6.25
7.39
8.1
6.42
4.82
6.83
7.02
7.62
5.48
6.58
6.32
7.06
5.02
7.81
6.54
7.78
5.96
7.02
8.05
8.01
8.01
4.95
6.17
5.01
5.85
5.39
6.91
7.45
6.55
7.5
4.84
7.59
5.41
6.37
6.3
7.77
8.08
5.67
5.03
7.01
6.51
6.72
4.96
7.44
5.59
5.94
5.58
8.02
5.37
7.29
5.64
6.24
8.19
5.14
7.8
8.02
7.17
4.83
7.59
7.8
8.14
7.65
6.31
7.14
6.45
6.0
6.93
7.42
6.96
7.61
5.4
6.07
5.86
5.46
6.31
8.02
6.63
5.77
6.0
6.88
6.0
6.63
5.73
5.98
7.2
6.79
5.12
8.11
4.97
5.08
7.18
7.21
4.86
6.99
4.91
8.07
7.17
5.43
5.34
6.74
6.95
7.63
7.87
6.13
7.67
6.64
6.4
7.18
5.15
5.7
7.58
6.51
7.89
5.1
5.87
6.01
6.24
8.16
5.86
6.56
6.62
7.42
6.56
6.86
7.36
5.14
8.08
7.68
6.12
7.28
7.39
7.69
5.44
7.19
4.91
5.19
7.44
7.56
6.81
6.78
7.35
7.88
6.23
5.19
7.65
5.96
5.25
6.89
6.77
6.41
7.72
5.73
4.84
5.9
4.83
6.65
6.09
7.57
7.51
6.28
5.54
6.24
6.98
5.45
7.43
5.92
7.97
6.54
7.68
6.89
6.69
7.12
7.56
6.99
7.51
5.45
5.74
5.58
7.51
5.09
7.51
6.12
5.07
6.24
5.82
6.81
6.41
5.81
7.73
6.18
6.4
7.68
5.1
6.13
6.17
6.49
5.16
5.15
6.22
4.91
5.67
5.48
6.46
4.84
7.1
7.71
7.2
7.58
6.99
6.53
5.54
5.75
5.88
4.93
7.9
7.86
5.17
6.69
6.39
7.12
6.85
5.22
7.04
6.87
6.61
6.17
8.05
7.69
6.79
4.82
6.27
7.18
5.2
6.18
5.45
5.95
4.89
5.23
6.35
7.85
6.47
6.34
7.48
5.71
5.12
5.51
7.49
7.1
5.11
7.07
7.97
4.95
6.9
6.09
6.5
6.6
7.42
6.69
6.82
5.93
5.23
7.12
4.8
5.92
5.54
6.12
5.86
7.19
5.68
6.71
6.35
7.52
6.26
7.74
4.8
6.86
4.83
7.23
5.6
6.09
6.09
7.68
5.15
7.07
8.14
4.88
8.08
4.86
7.66
8.07
8.18
6.36
7.75
5.22
6.25
5.85
6.14
7.19
5.1
8.19
6.96
7.77
7.62
7.4
4.93
6.56
5.92
5.18
5.97
6.99
5.58
6.31
6.18
4.98
6.94
6.9
8.09
5.81
6.22
6.17
7.93
6.19
6.31
5.66
4.8
5.18
7.19
7.12
5.9
6.41
5.81
7.29
7.66
7.86
5.39
7.16
8.07
7.01
5.99
6.96
7.14
6.15
5.15
6.86
7.53
8.19
5.56
7.18
4.9
8.1
4.84
6.02
5.06
6.91
5.95
7.29
6.45
6.23
5.98
5.09
5.5
6.97
6.49
5.04
6.65
4.98
6.54
8.08
5.84
7.26
7.33
6.18
6.82
6.4
5.76
7.37
7.19
7.86
6.9
6.12
7.23
6.9
6.9
7.69
7.9
5.41
5.87
7.01
6.69
7.02
6.27
6.2
5.2
6.92
5.4
7.08
8.09
5.67
5.28
4.88
6.09
5.53
6.47
6.58
5.99
7.35
7.88
5.52
7.64
5.25
5.58
6.71
5.84
4.94
5.8
7.88
5.39
7.4
7.26
5.16
5.92
5.44
4.88
5.39
5.49
5.36
5.11
6.59
5.9
7.89
5.44
6.85
7.86
4.96
6.56
6.33
7.96
7.06
5.99
7.22
6.78
5.98
7.47
7.07
4.82
7.74
6.15
6.99
6.15
7.8
7.01
6.77
8.13
5.75
5.02
6.55
6.24
6.34
6.91
6.89
6.13
7.73
7.01
7.83
7.9
5.37
7.11
5.88
7.64
7.29
5.48
7.99
7.12
8.03
5.49
7.76
7.07
6.68
7.59
6.95
7.08
5.66
7.58
7.01
7.67
6.0
5.93
4.88
7.41
5.92
5.91
7.14
5.66
7.89
6.63
8.1
5.06
5.95
6.1
7.28
5.52
6.08
7.9
5.19
7.33
7.19
5.24
7.14
6.74
5.78
5.86
7.63
5.59
6.54
7.12
5.24
7.97
5.69
5.88
7.06
5.07
6.93
7.91
5.65
6.03
5.59
7.58
5.37
5.98
6.84
6.18
5.02
8.02
5.95
6.32
5.37
7.74
5.79
4.87
5.88
8.15
5.3
4.91
6.77
6.06
7.5
7.29
5.43
6.72
4.91
6.29
7.23
6.21
5.2
5.01
7.7
7.83
5.97
5.36
8.13
6.66
6.42
7.32
5.37
6.77
7.83
4.88
7.09
6.67
8.03
5.68
7.72
5.85
6.26
5.53
7.74
5.46
7.72
6.35
7.64
5.7
5.25
6.69
6.53
6.01
7.05
5.12
6.91
5.52
5.24
7.89
6.36
7.4
5.1
5.0
6.48
5.87
4.82
5.42
5.54
5.78
7.78
6.23
7.11
4.86
7.57
5.62
5.85
4.95
6.19
7.7
6.09
7.89
7.75
5.01
5.84
7.9
4.9
7.4
7.88
7.42
7.33
7.67
7.06
6.24
5.01
7.48
7.88
6.54
6.61
6.17
7.71
4.85
6.92
7.89
5.15
8.06
8.09
7.96
6.37
6.1
7.2
5.88
5.03
7.86
6.96
5.5
4.86
7.26
7.7
6.18
5.08
7.01
5.81
5.29
6.54
6.44
6.56
7.6
6.45
7.86
7.66
7.01
4.99
7.74
7.88
6.08
6.59
5.76
4.85
6.43
5.24
5.42
6.43
7.75
7.67
8.08
6.44
6.68
7.6
7.18
5.42
6.15
7.96
5.3
5.51
6.16
8.0
5.19
7.09
5.25
6.58
6.62
4.94
8.04
7.54
5.83
5.24
5.98
7.84
5.25
5.99
6.48
4.91
5.71
6.83
5.9
7.76
7.99
6.3
6.61
6.94
7.06
5.02
4.98
7.74
5.55
6.79
6.92
5.36
7.39
7.74
5.77
7.78
5.08
7.52
6.98
6.78
5.58
6.03
7.9
6.38
6.82
7.98
6.39
6.12
7.84
7.9
6.01
6.81
8.08
4.99
4.94
6.56
5.79
6.78
7.26
5.03
7.8
5.74
6.1
5.95
7.66
5.38
4.9
8.1
8.13
5.68
4.83
7.0
7.0
8.0
5.81
5.44
6.9
6.72
7.24
7.81
6.7
5.31
6.83
6.07
6.34
8.06
6.69
5.31
6.31
5.58
5.26
7.22
6.94
6.49
6.24
5.9
5.1
5.82
7.65
7.46
8.11
7.03
6.68
5.81
5.06
6.9
6.46
7.38
6.2
8.15
6.15
5.93
7.76
6.14
7.76
4.89
7.15
5.04
5.3
7.18
5.79
5.52
7.53
8.02
5.59
5.88
7.23
7.57
8.2
5.73
6.69
5.26
5.92
4.95
5.52
6.52
5.36
7.82
7.22
4.89
7.78
8.12
6.51
5.87
5.7
5.1
6.47
4.97
6.51
5.66
6.42
6.22
5.84
6.33
6.41
7.63
7.06
6.27
7.88
7.37
5.06
5.32
5.08
5.88
6.28
6.51
7.69
4.86
6.26
6.2
8.02
5.62
5.22
5.28
6.57
6.13
7.36
5.9
5.24
6.12
7.8
6.18
7.63
6.06
5.76
7.43
5.51
5.59
4.97
5.44
6.09
6.16
6.23
6.43
6.74
5.44
6.89
5.94
7.3
6.69
6.68
7.13
5.93
6.26
6.78
6.23
6.31
5.73
5.78
7.18
4.81
5.12
8.03
5.44
6.22
7.69
4.8
7.95
4.98
5.38
4.9
6.57
8.01
7.65
6.98
5.43
7.76
7.37
5.71
7.54
7.78
7.17
5.14
8.15
5.06
7.03
5.18
7.88
5.99
6.54
5.41
6.66
7.99
7.87
5.02
6.09
5.71
6.44
7.63
7.31
5.97
6.1
7.02
5.46
5.15
5.62
5.22
6.0
7.99
5.21
7.58
6.62
6.95
5.38
5.31
5.35
7.07
7.34
7.93
6.15
6.37
6.4
5.72
5.92
7.68
5.97
7.75
5.84
5.96
6.7
5.15
7.94
7.59
7.08
8.16
4.85
6.2
7.72
6.27
4.82
5.34
6.28
7.07
5.35
6.32
4.84
6.42
7.85
6.83
6.3
5.35
5.49
5.06
7.32
5.06
6.11
7.35
7.22
6.76
6.74
5.11
5.39
6.62
5.98
4.86
7.51
7.02
5.91
5.13
6.81
5.99
5.67
7.25
5.92
5.26
6.44
7.62
7.69
7.69
6.23
7.49
7.69
6.36
5.88
7.19
7.88
8.11
5.79
8.05
6.5
5.84
8.16
7.78
7.15
7.84
7.12
6.3
8.02
8.08
5.87
6.0
6.1
7.6
7.49
8.14
6.38
7.31
7.71
5.55
6.91
6.66
7.33
7.16
7.56
5.86
5.54
7.54
6.03
5.78
5.95
5.03
7.43
7.23
6.68
7.23
6.07
5.8
7.73
6.24
5.47
7.35
5.94
5.52
4.89
8.1
6.39
5.35
7.38
7.82
6.6
4.9
6.04
5.63
6.96
6.56
6.01
7.0
6.79
7.88
6.83
6.53
7.6
5.49
5.63
7.46
6.3
6.19
7.82
6.87
7.53
7.55
5.21
7.02
8.04
6.43
7.29
6.73
5.5
5.46
6.28
6.44
6.51
8.05
5.14
6.09
6.55
8.07
6.51
7.44
7.35
6.73
5.24
5.54
5.62
4.93
6.09
6.88
5.29
5.4
7.2
5.38
5.26
8.12
4.85
5.91
4.92
7.65
6.78
4.96
6.89
5.22
6.49
7.08
5.3
6.49
6.36
7.91
8.19
7.03
7.71
7.0
7.78
6.27
6.87
7.67
7.92
4.88
5.15
7.97
6.73
8.17
7.49
7.58
6.11
5.68
6.83
7.79
7.27
6.41
7.36
7.15
7.9
5.7
5.21
6.4
6.03
8.11
4.83
7.97
8.05
4.97
7.82
6.4
7.4
5.07
8.05
6.87
7.86
7.09
6.63
5.39
5.41
6.41
7.76
5.19
8.19
7.78
6.13
5.66
7.93
5.22
5.98
5.09
8.04
6.9
5.94
5.74
6.31
5.11
7.82
6.54
7.27
5.59
6.51
5.52
7.57
7.44
5.3
5.05
7.6
5.17
6.66
6.62
5.49
6.81
6.51
6.53
6.02
7.65
5.09
6.29
5.68
7.68
5.57
7.41
6.88
7.77
6.82
6.69
7.52
6.71
7.67
4.97
6.48
7.56
7.68
7.64
6.85
8.18
5.42
5.39
4.91
8.16
5.98
7.39
5.0
5.82
6.92
6.58
5.51
6.37
5.17
6.65
5.13
6.96
5.33
6.66
5.24
6.16
6.0
7.37
6.98
7.99
7.93
7.26
7.42
6.92
7.15
6.9
5.86
5.99
6.75
7.25
6.18
5.29
6.36
8.07
5.53
7.01
8.14
6.08
7.82
7.74
5.95
5.13
5.41
6.04
8.06
5.73
7.95
5.42
8.1
5.8
6.95
5.04
5.82
5.52
4.81
5.33
6.82
6.13
7.26
7.08
7.52
7.75
7.59
6.32
5.85
6.51
6.62
5.86
6.64
5.16
5.59
7.34
5.42
5.27
5.78
6.06
5.92
6.07
5.28
5.36
5.6
6.17
5.94
7.49
6.59
6.76
6.71
6.16
8.13
4.93
5.53
5.77
7.8
7.92
7.68
6.22
7.91
5.13
7.02
7.99
7.37
5.74
7.24
5.8
5.18
7.24
5.41
5.18
6.68
6.91
4.97
4.82
7.8
5.19
6.79
8.04
6.54
5.28
6.14
6.92
7.39
6.86
4.92
5.29
6.06
7.2
6.79
4.95
7.51
6.86
7.82
6.22
6.47
6.18
7.26
7.36
7.26
5.79
6.96
5.95
7.64
4.99
4.93
5.15
5.49
4.93
5.04
5.84
5.14
7.53
4.98
7.89
7.76
5.51
5.04
5.16
6.7
6.84
5.87
5.81
6.61
5.84
7.98
6.1
5.55
5.3
6.95
5.91
5.44
5.74
5.85
6.93
5.39
7.29
5.84
6.46
7.03
6.65
7.05
5.9
8.08
6.36
5.89
5.81
4.95
7.13
5.69
8.06
5.52
6.6
7.3
7.76
5.33
8.15
7.88
8.07
7.7
7.78
6.84
7.67
6.62
6.63
6.71
8.19
5.15
7.54
5.73
6.03
5.07
6.0
8.17
6.15
7.08
5.21
7.94
7.61
6.11
5.98
6.27
6.16
5.68
8.17
7.56
5.71
8.14
4.85
6.29
6.74
4.93
5.35
5.68
7.25
8.0
6.92
6.71
6.62
5.99
7.61
6.64
5.58
5.27
8.15
4.86
7.97
5.54
7.04
5.83
7.72
6.65
5.28
5.72
5.89
7.81
7.41
7.62
4.98
6.77
8.2
7.47
5.21
7.11
7.33
6.55
5.07
4.92
7.99
5.68
6.09
7.5
7.14
8.09
5.12
7.2
5.08
4.8
5.21
6.9
7.1
6.29
4.96
6.96
5.09
5.28
6.54
5.96
6.38
6.96
5.34
7.84
6.7
4.88
6.94
6.37
7.19
7.47
7.99
8.19
6.67
6.71
4.88
7.74
4.9
6.95
5.14
5.77
5.28
5.27
5.05
5.88
6.24
6.38
6.3
6.58
7.72
6.95
4.86
5.39
5.99
8.03
5.07
7.21
4.91
6.03
7.42
5.97
6.26
7.88
5.02
6.59
6.05
8.08
7.5
5.22
7.95
5.52
5.09
6.64
7.3
7.23
6.62
6.48
8.1
7.59
7.18
5.46
7.59
7.35
8.17
5.25
7.23
8.13
6.37
7.29
8.12
6.66
7.18
4.87
6.57
5.67
5.25
7.21
4.93
7.88
6.56
7.0
5.66
5.42
5.63
5.59
7.74
7.48
7.7
7.3
6.99
6.59
5.7
7.2
5.26
6.54
5.46
6.52
5.8
4.98
6.51
5.42
5.35
6.11
6.03
7.75
6.72
7.71
5.3
6.01
6.69
5.32
5.24
7.05
7.02
5.6
5.57
7.33
5.2
7.94
8.01
7.76
5.52
4.86
7.98
5.97
5.86
5.69
5.63
7.3
7.89
7.47
7.09
5.78
6.66
5.61
5.18
5.21
6.85
4.93
8.11
8.18
5.31
6.25
7.41
8.05
7.83
5.67
5.09
5.78
6.29
6.02
7.43
5.68
7.72
5.57
6.03
6.32
5.79
7.41
6.19
7.82
8.08
7.72
6.58
6.53
5.53
6.81
8.04
5.07
7.36
7.76
8.15
5.94
6.01
5.58
7.48
5.28
5.71
5.8
6.07
6.23
6.7
8.02
5.64
7.45
7.1
5.19
7.56
5.11
7.31
7.23
7.14
5.74
6.75
7.39
6.97
7.53
7.14
5.73
5.32
6.95
7.38
5.28
5.39
4.84
6.61
6.64
6.5
5.87
6.25
7.41
5.42
5.49
7.07
7.75
5.96
7.97
5.0
5.2
6.36
7.26
6.06
6.69
4.9
6.37
5.62
6.56
6.59
7.36
6.64
6.89
6.6
8.17
7.49
7.37
6.93
6.6
5.97
7.47
5.44
4.92
7.17
5.29
7.87
7.42
6.85
5.87
6.97
6.42
5.79
8.01
5.35
7.36
7.52
8.04
6.67
6.62
7.93
7.52
7.4
7.48
6.48
4.94
5.47
6.99
6.15
6.86
6.68
6.29
5.6
7.24
7.89
7.42
5.21
6.63
7.64
6.81
6.29
5.77
5.92
5.62
5.47
6.8
6.53
7.3
5.85
6.37
7.11
8.07
5.99
5.81
6.33
7.26
8.07
6.62
7.56
6.38
4.94
7.84
5.79
5.27
8.19
5.98
5.26
5.86
6.55
5.1
6.0
7.07
7.91
6.15
6.72
6.96
5.04
5.96
7.13
7.3
6.01
4.82
4.82
6.63
6.68
6.69
7.25
7.93
8.17
7.18
6.55
5.28
6.11
6.75
8.2
5.23
7.5
8.2
7.54
7.41
5.68
4.81
5.57
7.49
5.16
5.81
6.71
6.77
6.65
8.14
4.84
6.46
6.52
5.8
6.59
7.09
7.09
5.1
7.53
7.96
5.22
6.22
6.54
5.26
6.51
5.5
7.98
6.32
8.18
4.96
5.23
6.31
7.77
6.69
7.29
6.24
4.94
7.0
6.96
5.04
5.38
6.42
6.32
7.36
6.12
7.06
7.2
6.99
6.83
7.54
7.03
7.64
6.96
5.34
5.85
5.92
5.12
7.15
6.82
6.81
6.43
6.65
4.83
5.13
7.12
5.69
5.17
5.92
5.67
4.9
6.2
4.89
4.8
7.49
5.87
6.73
5.81
7.96
7.28
6.06
5.52
5.27
7.39
6.34
5.59
7.93
6.13
6.65
7.72
7.63
6.97
7.82
8.04
7.98
5.99
6.15
5.62
7.65
5.21
6.01
4.83
6.82
7.04
5.65
7.3
6.1
5.86
8.05
6.8
5.66
8.14
6.12
7.0
7.26
6.24
6.62
5.62
6.38
5.86
6.66
7.08
6.89
7.44
4.94
5.07
5.5
8.15
7.52
7.94
5.73
6.75
6.69
6.74
7.24
6.14
7.1
7.48
5.78
8.02
6.56
7.29
7.28
6.72
5.9
7.07
5.1
8.14
5.43
5.74
8.05
5.43
5.38
7.54
5.65
5.12
5.57
7.82
5.75
7.16
6.14
5.69
5.29
8.11
6.57
5.19
5.48
6.18
6.65
5.42
5.74
7.46
6.22
4.8
4.98
6.29
5.0
5.39
7.27
6.43
6.44
6.83
7.48
5.34
5.39
5.21
7.99
6.76
5.11
5.55
7.27
4.9
7.27
7.9
4.99
5.43
4.81
5.17
6.9
4.95
6.25
6.51
7.88
6.41
5.28
5.78
7.09
5.18
5.59
8.19
4.82
5.32
7.67
5.14
4.91
5.21
7.16
8.18
6.81
5.22
5.42
6.63
7.23
7.05
6.75
8.15
5.47
5.39
7.72
5.79
5.93
6.67
6.1
5.78
7.92
5.24
6.17
4.81
7.55
5.37
7.43
5.31
6.22
7.28
5.72
5.87
7.07
5.44
8.04
5.44
7.35
7.53
6.07
5.33
5.36
8.15
7.27
6.33
5.67
4.86
7.08
8.05
5.16
7.37
5.32
7.49
6.06
7.22
7.95
6.91
7.93
5.6
8.13
7.77
5.17
6.21
7.95
5.07
6.34
7.26
4.91
7.36
6.03
5.65
6.76
6.65
7.77
7.1
6.23
7.01
7.35
7.99
7.19
6.65
6.07
7.83
7.49
5.06
7.18
6.63
5.15
6.72
5.45
7.21
5.75
5.31
5.08
6.47
5.48
7.71
4.81
7.67
6.57
7.94
5.5
5.15
6.92
7.2
6.07
4.85
6.18
5.59
5.98
6.52
7.19
8.07
5.29
7.11
5.59
5.55
6.95
7.44
8.12
7.41
5.33
5.57
7.39
6.59
5.8
6.4
7.91
7.37
6.33
8.13
7.5
4.82
5.18
6.68
5.99
7.56
7.85
5.62
7.4
6.62
6.13
7.48
6.72
6.96
5.01
6.79
5.82
6.48
5.55
6.89
5.3
5.22
5.44
7.58
4.91
7.28
4.99
6.81
7.43
5.59
5.47
5.78
7.18
5.67
6.51
5.26
6.37
6.92
5.04
7.57
7.99
5.46
7.38
5.87
7.1
5.84
7.73
5.98
7.69
7.4
5.47
5.33
7.45
6.13
8.03
8.01
7.16
6.5
5.46
7.8
5.08
6.06
5.89
8.06
5.2
7.83
6.35
4.96
7.28
5.14
5.61
7.52
5.33
5.91
6.03
6.8
7.49
5.58
5.5
5.55
6.1
6.62
4.85
7.45
7.95
7.67
4.93
6.58
7.57
5.97
7.85
7.82
5.28
6.48
4.89
5.76
7.56
8.12
7.91
4.94
7.95
7.6
7.75
7.91
6.46
5.52
4.87
4.88
6.98
5.95
6.49
5.25
8.12
5.24
6.31
6.31
4.83
7.07
6.63
6.49
7.58
5.62
7.73
7.74
7.61
5.96
5.35
6.42
5.68
4.98
5.75
6.4
5.18
8.01
7.03
5.26
7.56
7.96
5.69
5.29
5.9
7.63
5.4
7.45
7.24
7.01
6.27
6.05
5.09
6.02
6.85
7.85
7.63
4.91
5.27
7.68
7.99
4.99
7.18
6.04
6.04
6.99
7.55
5.73
7.2
6.96
6.56
6.85
4.86
4.81
6.67
6.58
5.04
6.47
7.38
6.64
6.56
7.24
5.38
6.36
5.3
6.58
6.81
5.21
5.06
5.37
6.79
5.44
5.74
7.19
5.64
6.15
7.96
7.6
5.67
6.83
7.06
7.86
6.66
6.71
7.82
4.98
6.94
6.22
7.89
8.07
5.38
5.76
5.73
5.14
6.44
6.54
6.75
7.05
5.01
6.92
7.91
6.35
5.16
5.09
5.76
7.36
5.69
7.57
7.59
6.35
5.82
6.83
7.56
5.02
8.04
7.0
6.15
6.52
6.11
6.2
6.83
5.0
5.4
5.57
6.19
6.06
7.26
5.68
4.99
4.99
4.84
4.93
7.72
7.17
8.19
4.87
7.69
7.17
6.98
6.01
6.08
7.67
7.23
7.08
4.9
5.43
8.07
6.34
7.46
6.12
7.4
5.21
4.94
6.39
6.81
5.9
7.23
6.49
7.96
5.09
5.03
7.88
7.07
7.08
4.89
7.99
7.42
7.4
7.9
6.77
6.14
6.43
7.44
7.41
6.87
5.54
7.58
7.0
5.55
6.43
8.19
5.92
5.2
4.87
5.43
5.44
7.72
5.33
7.73
5.09
7.88
5.67
6.88
5.34
6.13
5.09
6.77
5.98
7.7
5.42
5.75
5.4
6.72
5.18
5.44
7.11
5.05
7.33
5.15
6.79
8.19
5.39
5.69
7.85
6.93
6.47
6.71
5.8
7.71
7.33
6.98
7.97
6.77
6.54
8.12
5.5
5.28
5.35
8.16
7.02
5.84
5.65
4.99
5.25
7.89
7.34
8.0
6.24
6.84
6.44
7.8
8.17
7.97
6.83
5.01
6.9
5.13
5.27
5.45
6.04
6.81
5.93
6.34
4.96
6.91
7.03
5.14
7.47
7.0
6.47
6.68
6.51
4.98
7.3
6.54
5.39
7.11
7.16
5.53
7.51
6.35
5.41
7.04
6.83
5.38
7.77
7.71
7.64
6.16
7.6
7.67
8.19
8.06
6.1
5.47
5.79
6.48
7.54
7.26
7.48
6.09
5.64
4.88
6.93
7.5
7.82
6.42
7.95
5.49
6.55
5.53
5.44
8.04
7.58
4.84
5.71
5.5
5.3
7.17
6.73
6.34
5.44
5.74
6.01
7.47
8.16
5.43
5.96
5.75
4.95
5.55
7.87
7.67
5.37
6.04
5.86
5.3
6.92
6.69
6.25
7.71
6.91
5.68
6.07
5.31
6.81
6.79
7.76
7.71
7.65
6.67
7.02
7.44
5.11
5.82
5.37
6.54
7.65
5.58
7.29
6.18
7.87
6.93
8.12
5.64
7.94
6.01
6.91
5.39
7.38
8.13
7.48
6.89
6.32
5.97
6.22
5.92
7.63
7.84
8.03
6.22
6.66
6.76
7.01
4.81
7.67
5.71
6.41
7.66
8.19
7.5
4.88
6.05
5.64
8.08
5.7
8.01
7.99
7.65
5.13
4.81
7.5
7.67
8.07
5.54
7.29
6.56
5.92
6.86
6.66
5.79
5.71
6.45
6.41
5.83
5.7
8.04
7.73
7.58
5.53
5.44
7.55
5.43
6.51
5.55
6.09
7.7
7.83
8.19
8.01
7.08
6.27
5.0
6.87
5.52
7.69
6.67
7.29
7.09
5.98
7.38
7.67
7.33
7.44
6.02
8.01
6.24
7.85
7.72
5.22
8.09
8.19
6.86
7.46
7.97
4.87
7.96
6.93
7.62
6.64
6.6
7.85
6.53
6.4
6.87
6.56
6.32
5.41
6.15
5.76
6.16
6.82
6.87
5.61
5.09
7.33
6.6
6.3
5.24
6.21
7.58
6.78
5.11
5.93
8.13
6.65
5.77
7.91
5.94
7.28
5.3
5.33
6.71
5.62
4.97
7.95
4.99
7.24
5.93
7.97
8.15
5.94
6.81
7.43
5.22
7.21
7.88
5.41
7.65
5.19
6.73
5.95
6.4
5.82
5.69
7.33
5.56
6.19
5.73
5.61
6.93
4.95
7.48
6.66
7.62
5.52
7.21
6.23
5.06
7.36
7.39
5.72
7.91
7.4
5.84
5.61
6.3
5.8
5.54
6.16
4.89
6.16
5.55
5.7
5.08
6.8
6.4
7.35
8.16
5.21
5.73
7.12
5.61
4.9
5.17
6.27
6.26
8.11
6.38
7.11
6.47
5.72
5.16
7.72
5.32
5.13
5.53
4.81
5.04
6.96
5.63
5.95
7.64
7.43
6.47
6.88
5.09
7.39
6.56
6.74
7.06
6.5
6.57
6.5
6.49
7.35
6.25
4.81
6.88
8.04
5.67
7.58
6.35
6.99
7.83
7.42
7.81
4.83
5.44
6.24
7.68
7.65
5.43
5.28
7.64
6.64
6.93
7.55
5.52
5.26
7.72
5.18
5.1
5.74
5.88
5.62
7.32
8.11
5.48
7.46
4.95
5.2
6.55
8.2
8.03
5.18
5.61
8.02
5.31
7.33
4.8
6.95
6.48
6.4
7.62
5.07
6.08
6.32
5.22
5.09
5.41
5.62
8.08
6.42
6.53
7.2
7.13
6.51
5.96
5.93
5.0
7.86
7.42
6.92
6.15
6.78
6.45
5.73
5.82
7.77
6.96
4.8
5.91
5.96
7.2
7.18
6.38
8.03
7.77
7.75
5.98
6.27
6.22
6.3
7.82
5.65
7.53
6.55
5.65
6.59
5.46
5.17
7.65
7.18
5.5
8.0
4.88
5.93
4.87
5.28
5.41
7.56
8.18
7.75
6.96
7.26
6.58
6.24
7.15
8.11
4.9
5.87
5.92
6.21
6.93
6.55
4.86
6.2
6.91
6.52
7.77
6.16
4.84
5.77
5.26
5.65
6.03
7.1
5.9
7.81
5.82
5.27
5.37
7.98
6.35
6.17
5.03
7.29
7.16
6.08
7.15
6.05
5.05
7.31
8.08
7.0
5.74
5.72
7.96
5.83
7.41
6.99
6.81
5.42
4.92
6.46
8.16
5.47
6.63
7.08
6.44
6.52
7.05
7.57
5.93
7.86
6.45
7.05
5.16
6.47
4.85
6.13
4.99
7.85
7.09
7.49
6.39
7.7
7.77
6.01
6.08
6.53
4.94
8.19
6.02
6.4
7.37
5.81
5.49
5.23
6.6
4.82
7.21
6.37
6.61
5.69
5.41
7.18
5.51
7.45
5.49
6.88
6.99
6.52
8.19
6.08
7.8
5.38
5.95
5.29
6.85
6.97
6.34
7.25
7.75
7.44
5.62
5.89
6.09
5.49
6.03
5.61
8.19
7.46
7.72
7.94
7.06
5.4
7.38
4.85
5.18
4.9
5.26
7.36
7.81
5.75
5.21
5.73
7.0
5.99
8.07
5.25
8.17
4.84
6.34
5.66
6.73
5.13
7.78
5.26
6.8
4.91
5.86
5.31
8.12
4.84
6.0
5.83
7.04
4.99
7.56
6.39
6.34
5.57
6.47
6.04
5.63
5.37
7.28
5.28
5.37
6.76
5.57
6.36
6.68
5.73
5.97
5.51
6.37
8.17
6.03
7.02
6.96
7.47
7.22
4.84
5.85
7.76
6.63
5.15
5.74
5.76
7.77
6.68
6.87
6.05
5.01
5.06
6.23
5.4
5.15
5.69
7.32
5.05
6.32
7.61
5.71
5.83
7.81
7.01
7.51
5.78
8.19
5.28
8.07
7.87
6.68
6.79
7.44
5.84
6.59
7.87
5.03
7.88
7.28
7.42
5.02
5.44
7.95
5.22
6.95
7.46
5.59
7.18
5.02
6.5
5.94
7.0
7.82
5.23
6.33
6.24
5.9
6.43
7.79
8.11
4.81
7.31
6.89
8.18
5.11
7.56
7.98
7.9
6.71
5.91
6.98
5.84
6.2
6.32
5.83
5.96
4.82
5.81
6.41
5.39
7.54
6.63
7.5
5.24
7.59
8.06
6.0
5.77
7.0
6.96
5.18
7.95
6.43
7.4
6.02
5.69
5.18
5.73
8.18
7.04
7.53
8.06
5.07
5.36
7.96
6.72
6.96
6.25
7.57
6.56
7.61
8.17
7.0
6.6
6.04
5.46
7.03
5.01
8.05
7.0
8.06
5.73
8.02
6.88
7.55
5.41
6.5
6.73
6.14
5.66
7.88
5.09
5.32
5.89
7.93
6.72
6.07
6.17
7.65
4.89
4.84
4.96
6.4
6.78
6.92
7.29
5.45
5.69
5.63
5.31
5.63
6.89
6.05
7.41
6.62
5.52
6.39
6.82
7.75
7.63
6.25
7.0
5.81
6.95
7.9
6.92
5.83
6.99
7.87
5.27
6.44
5.89
5.62
6.15
6.14
5.52
6.17
6.95
4.89
8.16
5.81
6.92
5.76
6.14
6.67
6.88
7.42
7.49
6.56
5.06
6.7
6.42
5.53
4.83
5.87
5.68
6.44
7.39
6.29
8.04
5.55
5.55
6.86
7.85
7.08
7.09
7.54
7.07
7.38
7.74
4.83
7.81
5.53
7.9
5.71
6.35
7.98
5.17
7.33
6.13
4.88
7.99
5.2
7.43
6.11
7.56
7.35
6.95
7.99
5.14
7.52
7.08
5.87
6.66
6.99
7.3
5.44
5.15
5.15
5.8
5.32
6.62
6.29
7.84
7.24
5.5
4.96
7.21
7.68
7.18
6.99
5.65
6.48
7.26
5.46
6.42
5.2
6.6
6.75
6.62
6.4
6.8
8.19
6.92
7.36
5.45
6.6
4.83
4.91
5.9
6.39
6.76
7.82
7.42
5.82
7.33
6.67
7.45
6.2
5.11
6.9
6.69
8.04
5.35
7.03
6.41
6.09
7.5
7.56
7.23
5.08
5.97
4.96
5.97
7.0
6.56
7.19
6.67
6.69
6.54
6.04
6.32
5.18
7.64
7.82
7.41
6.78
6.74
6.4
5.59
6.1
8.17
5.3
6.65
7.75
6.34
6.86
7.61
6.66
7.29
5.98
7.29
4.94
5.32
6.97
6.33
7.62
5.96
7.41
5.27
7.96
6.22
5.59
7.48
8.02
7.92
5.61
7.08
6.66
7.27
6.46
6.4
7.8
7.76
7.48
7.2
7.11
4.99
7.35
6.97
5.83
7.59
7.63
7.97
6.22
6.67
7.88
5.88
7.51
8.17
7.02
8.14
6.55
5.32
5.4
7.29
4.8
7.05
5.31
8.15
5.35
6.68
7.08
7.59
6.36
7.97
6.43
5.66
6.82
7.04
6.53
7.29
6.23
4.81
5.7
8.02
7.39
5.44
5.03
5.99
7.64
5.16
6.65
5.74
7.27
4.8
5.74
7.11
6.66
7.45
5.34
6.61
5.47
6.97
5.25
5.31
5.92
6.17
6.5
6.77
6.39
4.96
5.97
5.01
5.2
5.12
5.34
7.56
6.93
6.52
7.29
8.07
6.22
6.05
8.12
7.42
7.44
6.84
6.52
6.67
7.02
6.08
7.46
7.89
6.74
6.1
7.17
5.42
8.09
7.04
5.03
6.6
7.35
5.74
4.97
6.46
7.63
5.66
7.24
6.19
5.0
5.83
5.87
7.88
8.14
5.51
6.26
8.12
6.18
5.99
5.17
7.36
6.32
6.97
6.53
5.39
5.4
8.0
7.82
6.88
4.8
6.27
6.6
6.33
7.95
4.94
7.03
5.87
6.7
7.03
6.3
5.3
6.56
7.97
6.62
5.22
7.6
5.55
6.06
6.26
5.95
6.18
7.5
5.56
6.4
4.87
6.53
5.18
5.76
5.9
5.08
6.03
6.49
6.27
5.75
5.8
6.95
7.24
6.76
8.12
8.01
5.13
5.69
7.75
4.9
6.81
8.05
7.11
5.11
7.34
6.08
7.93
5.77
6.41
7.34
5.68
5.42
4.81
6.46
7.96
5.76
4.95
6.91
4.99
6.52
6.1
6.42
5.35
5.11
7.35
5.64
7.52
7.38
5.47
7.89
5.35
7.51
6.23
5.42
7.99
8.08
6.54
6.4
7.86
6.83
5.7
6.25
7.64
7.72
7.99
5.78
7.11
5.03
7.27
6.71
5.65
7.03
5.26
5.93
6.16
7.44
5.85
4.97
5.41
6.87
4.85
7.49
7.86
6.48
7.21
6.37
5.85
5.36
6.56
7.96
7.83
7.93
8.09
5.36
5.3
6.25
7.14
6.29
7.83
7.24
6.96
5.04
5.4
6.26
8.12
5.94
6.94
8.16
5.7
5.37
6.66
6.68
7.93
4.89
6.19
5.86
6.74
4.83
7.22
6.45
7.18
6.32
6.41
