59.78
25.54
25.87
42.97
48.01
32.73
40.98
26.39
21.8
26.91
60.82
55.09
22.01
17.33
19.66
29.67
55.57
31.07
24.28
34.79
21.2
38.51
48.78
33.44
23.68
37.66
53.12
18.83
18.55
30.91
35.75
25.82
16.35
25.98
36.77
18.97
50.79
42.61
36.72
40.94
47.79
64.74
53.76
42.02
53.53
38.76
30.55
28.1
34.97
15.11
23.85
21.33
63.02
18.24
40.05
60.99
45.38
39.76
52.15
32.67
24.69
57.36
17.83
55.39
20.17
46.28
38.85
64.93
34.4
62.86
35.19
49.09
47.18
19.32
52.17
25.43
34.42
54.11
62.22
42.99
40.97
40.25
55.83
64.66
46.68
33.93
25.93
24.94
57.81
64.62
49.9
62.79
32.5
46.38
40.58
39.1
46.62
30.52
47.03
48.64
56.81
51.52
30.99
37.54
21.02
27.86
41.05
20.04
43.53
34.51
16.74
36.72
29.06
18.35
29.67
29.7
32.75
33.32
36.49
19.6
15.26
51.8
31.87
45.68
30.35
64.21
30.77
45.25
26.0
40.89
43.97
24.14
21.18
63.68
59.66
48.0
58.05
19.78
51.47
29.28
41.97
53.24
16.67
49.74
36.74
36.98
60.36
57.99
17.88
45.92
36.79
20.89
57.55
18.58
16.6
24.88
30.17
18.04
47.07
36.86
35.61
22.27
36.89
34.51
34.18
25.93
19.72
28.04
48.36
18.65
34.12
40.72
63.16
57.19
60.83
56.0
44.46
58.04
43.26
32.89
33.62
43.27
55.47
21.68
16.96
54.48
47.38
56.07
63.83
27.57
24.71
32.05
58.9
15.7
15.53
25.84
33.8
30.12
56.25
49.49
56.89
34.19
44.79
40.77
38.74
29.41
50.46
41.2
18.93
15.03
16.02
18.8
33.55
30.28
22.83
40.77
63.51
23.03
27.53
38.11
47.04
45.01
41.06
51.86
57.3
64.95
38.28
64.75
51.52
47.87
46.98
60.54
62.4
23.92
39.67
62.07
34.11
26.63
20.13
44.86
50.01
24.78
48.68
59.98
27.18
21.1
56.77
60.82
25.74
51.07
44.55
26.96
56.18
38.52
50.02
30.07
55.79
28.21
33.24
34.57
25.32
58.72
20.67
43.16
55.71
44.05
31.34
54.07
39.96
23.15
30.84
44.6
47.94
42.41
28.6
44.69
31.62
26.25
62.28
30.74
31.78
59.84
22.13
44.23
54.19
28.68
57.2
53.48
39.3
20.94
63.51
46.21
40.85
59.27
36.07
43.18
57.92
34.65
53.62
27.81
50.12
40.52
23.25
21.8
37.88
50.54
45.16
57.74
34.48
57.18
16.85
33.29
18.65
60.96
38.77
30.81
39.62
41.64
57.31
42.12
36.57
63.07
63.43
16.92
50.34
33.59
48.76
46.85
31.51
64.33
32.86
46.6
55.67
22.27
30.03
24.95
54.09
55.06
27.8
15.21
36.17
49.36
46.13
37.28
30.1
38.72
15.76
18.69
23.13
46.27
25.94
36.17
46.07
56.53
42.48
23.86
62.59
19.5
33.36
61.07
45.12
48.13
30.08
18.93
33.29
35.11
28.51
25.77
32.78
46.97
62.45
50.19
53.98
30.3
20.23
29.58
35.13
49.49
61.97
55.46
28.32
56.02
35.59
23.77
38.06
43.16
53.17
32.49
22.34
19.72
20.62
62.5
62.59
63.44
30.12
24.58
64.05
64.41
18.92
52.63
29.43
60.46
19.46
59.43
15.13
41.1
31.78
36.37
36.69
47.68
16.15
49.57
16.11
24.26
45.34
19.32
64.55
54.22
50.28
28.38
17.43
63.94
22.39
56.53
24.88
33.7
49.68
62.27
15.99
28.04
53.25
23.67
20.57
17.31
40.12
53.39
63.09
28.37
21.07
35.13
17.77
31.57
47.15
23.41
46.59
63.6
58.21
32.84
36.07
35.97
58.0
64.69
56.29
42.91
19.87
62.72
58.0
57.07
34.59
37.36
20.98
61.89
62.16
27.72
49.8
25.17
34.65
30.12
34.48
30.45
32.26
54.55
30.0
55.73
43.4
54.02
60.94
21.92
32.19
17.78
35.35
26.87
43.58
54.17
39.32
31.68
22.63
16.34
48.89
16.53
61.04
44.71
32.66
17.1
35.67
58.36
63.49
19.25
53.86
27.92
33.97
42.38
64.74
25.44
21.52
44.75
57.65
47.41
32.38
63.85
64.75
53.53
55.12
53.04
27.88
22.51
42.72
62.71
58.91
20.34
17.85
58.69
45.65
30.22
43.09
26.08
62.35
56.36
63.11
24.35
57.18
43.01
31.25
38.98
62.22
49.57
33.0
64.99
32.29
55.69
54.22
51.15
48.47
20.43
64.75
23.05
44.81
27.46
23.44
42.97
56.82
33.85
18.86
46.19
53.32
29.8
49.53
18.79
33.07
38.71
54.1
31.91
37.68
46.42
46.2
40.89
31.42
48.5
56.86
22.69
32.02
48.44
52.79
54.07
47.66
38.91
47.29
21.75
25.39
61.38
61.11
51.19
31.35
47.44
49.39
40.76
52.43
16.48
27.81
54.72
61.94
58.8
50.82
23.27
33.44
17.51
46.99
37.49
43.65
63.97
35.11
30.34
22.53
22.18
40.93
52.46
43.22
58.66
30.79
44.75
48.06
29.03
34.82
44.55
16.05
59.33
20.55
17.38
25.75
40.12
31.43
37.01
19.21
26.66
19.88
26.49
50.17
43.76
31.7
28.06
64.88
53.39
56.1
16.32
17.98
50.63
24.59
36.28
24.21
23.85
20.45
44.71
51.97
17.84
28.78
47.92
34.62
50.23
52.96
16.61
34.04
51.46
33.92
15.29
31.82
58.63
62.6
43.03
30.32
38.3
26.81
23.41
39.68
51.83
26.12
60.48
23.41
42.92
53.82
25.67
29.82
17.57
62.2
39.35
18.22
56.51
43.47
17.76
37.54
36.72
22.3
36.02
29.14
50.0
15.27
20.32
60.93
36.67
23.81
54.66
57.58
25.56
50.68
45.76
52.25
54.39
48.05
62.81
58.21
26.45
60.68
32.98
51.33
57.4
36.82
17.58
62.48
18.62
32.41
44.82
20.88
56.91
25.17
64.3
60.82
45.23
48.0
41.68
34.56
32.59
59.58
43.83
56.16
40.7
30.35
19.59
31.18
59.01
50.6
54.29
53.67
21.0
22.94
30.86
30.05
18.3
22.67
57.81
44.45
32.11
41.32
28.07
44.19
18.73
60.13
27.02
55.95
48.0
41.15
61.49
22.84
20.96
31.09
56.51
16.76
26.97
36.24
50.65
29.97
37.41
31.84
19.6
51.93
38.07
55.63
49.73
17.89
40.0
64.54
30.39
39.65
47.6
25.11
50.13
47.99
33.75
29.22
60.96
21.35
36.6
53.35
22.41
61.65
41.31
40.24
36.21
58.37
62.42
34.0
42.12
30.77
33.4
16.42
54.3
63.47
53.48
40.91
56.38
57.89
42.23
61.86
16.51
15.5
19.07
17.89
36.23
62.02
48.76
47.97
34.24
41.69
30.21
40.89
52.33
42.93
35.94
57.25
29.37
39.07
63.91
63.37
15.31
41.61
31.85
29.56
44.81
37.32
51.64
16.36
61.34
43.38
49.2
45.23
64.46
64.31
45.49
49.2
45.93
30.53
24.63
35.14
49.14
17.8
40.72
35.42
41.37
58.01
17.38
53.18
48.35
25.19
51.71
39.82
39.05
39.15
62.46
62.22
60.68
59.34
16.88
35.03
59.74
52.76
37.83
53.66
25.41
44.99
41.65
43.68
51.09
62.49
28.2
52.9
47.26
49.76
36.45
62.23
38.98
21.08
49.03
21.44
31.13
26.4
41.95
32.38
22.99
54.54
38.42
37.72
59.32
41.94
50.49
31.4
43.06
51.32
29.82
49.43
43.44
36.71
50.65
30.85
50.73
42.56
27.28
48.41
59.24
30.5
55.62
31.81
56.06
17.56
15.36
20.66
58.7
41.69
44.71
57.11
17.53
34.36
47.15
35.23
16.61
47.55
34.57
15.96
23.53
25.88
40.53
24.32
33.07
52.53
55.39
54.77
49.75
42.09
42.53
62.67
58.89
47.49
38.42
51.45
18.14
62.23
42.38
40.14
29.54
15.17
18.06
28.15
42.08
19.18
63.6
35.55
30.82
41.26
18.25
57.52
38.01
23.92
23.09
33.05
43.67
35.85
44.84
50.27
52.42
35.05
50.85
22.08
40.65
18.63
27.21
44.16
52.02
19.77
25.35
64.59
31.88
29.2
19.26
49.74
40.41
22.88
46.64
41.29
43.25
64.74
16.43
60.75
57.09
35.77
59.05
47.43
59.47
44.74
25.81
43.81
23.95
22.04
47.7
62.37
44.42
54.79
23.42
47.71
51.65
17.08
19.86
54.08
37.0
35.28
61.02
64.6
53.22
54.63
25.42
24.61
64.03
49.75
49.34
29.31
59.32
17.22
28.73
24.01
50.55
50.77
41.74
15.26
58.69
62.78
25.12
57.11
63.66
31.35
24.25
63.88
17.99
28.8
52.1
45.87
49.23
50.4
49.31
32.11
30.58
36.42
55.38
61.91
37.76
19.29
61.91
19.02
22.96
58.38
42.57
32.63
61.55
63.03
31.54
58.42
48.93
28.72
62.07
18.15
30.9
34.81
49.53
16.92
59.49
47.96
28.75
47.92
41.85
31.81
16.43
42.56
19.11
55.51
19.43
36.44
36.73
42.81
16.98
25.19
24.98
44.95
28.18
22.21
15.92
57.03
63.58
50.16
35.64
21.1
38.76
37.87
35.99
33.92
39.84
18.66
16.91
18.2
25.0
28.9
23.47
27.6
24.29
22.54
29.65
34.88
52.21
62.78
60.95
38.8
38.07
21.28
63.59
53.0
57.38
26.71
35.05
20.13
62.04
29.29
44.8
22.61
55.14
24.32
55.47
35.09
43.89
28.49
59.14
52.99
32.71
44.27
21.45
23.02
41.68
47.03
42.87
42.97
52.11
60.12
34.38
41.85
59.65
38.21
37.26
53.33
58.87
51.88
20.01
38.24
25.6
30.87
38.44
26.08
40.8
47.16
58.74
25.57
30.53
35.29
26.23
31.6
59.17
21.93
37.19
30.55
18.86
19.81
54.24
57.62
52.07
41.96
53.63
22.6
54.01
36.17
52.52
26.39
56.63
43.41
15.37
40.96
30.51
17.88
37.37
30.57
25.22
32.46
23.98
29.99
20.77
19.22
60.5
60.14
56.4
26.52
51.29
44.49
17.56
59.98
64.9
50.44
26.58
42.72
20.47
29.94
50.86
30.05
22.36
15.37
43.63
63.43
39.21
25.63
38.16
45.1
55.07
37.63
23.65
24.4
59.99
26.81
51.4
28.45
51.03
18.92
25.37
35.44
40.77
32.65
43.68
31.27
48.92
40.56
50.26
36.55
58.83
34.11
30.41
42.85
40.46
40.9
54.81
44.43
59.26
45.95
16.09
58.52
56.99
17.44
21.26
42.82
17.14
35.56
63.77
23.64
25.3
48.82
17.2
56.03
24.95
41.58
27.44
47.94
44.36
62.32
37.28
58.74
43.79
60.72
29.59
42.49
34.5
18.29
43.71
54.71
42.81
28.97
28.19
26.89
63.98
34.96
30.84
35.92
20.79
24.8
40.45
54.94
58.82
58.3
62.24
21.29
17.05
20.29
45.04
42.81
48.56
33.55
34.58
42.28
18.95
54.99
61.14
34.37
51.98
42.44
26.8
18.39
27.29
45.25
17.01
56.81
63.52
19.18
27.33
48.78
55.3
32.3
40.76
59.59
34.22
19.08
64.74
24.01
17.44
35.53
21.07
63.94
34.04
56.29
23.83
21.94
47.46
60.47
20.73
44.46
19.25
55.61
60.47
46.44
49.42
17.77
18.65
23.98
28.69
52.99
36.77
18.91
57.63
64.69
37.75
40.59
18.93
34.15
33.59
63.29
48.02
54.11
21.42
35.85
24.58
58.01
22.62
36.94
17.68
46.71
39.1
39.9
20.08
40.7
43.19
63.14
16.66
61.14
38.98
25.51
48.28
40.85
26.34
46.34
38.66
49.45
49.45
38.64
34.54
18.16
39.69
27.16
17.66
31.52
19.37
43.99
40.18
54.62
28.38
33.58
49.45
64.65
60.21
41.04
48.9
41.6
36.74
45.11
34.32
29.01
50.28
58.6
29.4
50.34
36.7
30.1
46.06
61.97
32.58
52.97
30.73
55.19
53.0
53.28
64.89
22.03
34.44
46.54
44.52
54.03
17.35
50.25
51.89
18.06
41.93
27.25
55.08
17.48
22.31
20.22
18.26
45.0
58.43
40.55
25.53
32.19
33.02
37.58
36.03
48.56
32.0
48.15
42.34
17.43
60.98
23.9
37.58
62.38
27.37
16.11
39.5
26.2
44.1
55.86
40.56
47.25
48.31
56.03
49.4
63.81
37.81
17.51
34.7
56.99
21.65
51.8
41.78
60.03
51.56
48.03
59.34
60.41
34.25
61.39
17.73
53.13
31.83
39.37
56.79
46.85
37.87
23.2
61.96
31.62
20.06
43.21
35.31
44.53
26.68
33.94
63.63
61.83
58.22
53.96
22.83
38.35
51.4
28.09
16.65
35.9
36.26
18.26
31.03
60.87
27.51
43.46
39.39
58.11
47.68
22.92
22.14
42.87
17.32
34.68
34.95
24.82
30.05
31.5
15.59
55.29
62.87
29.46
20.6
62.68
52.03
59.56
33.04
39.2
61.51
37.98
48.6
50.24
56.86
63.76
31.74
27.37
18.89
57.83
29.63
17.48
58.26
40.5
56.92
42.72
30.69
21.49
36.86
16.33
45.12
36.38
22.08
41.51
55.05
63.74
41.37
21.48
55.54
49.79
62.7
41.76
32.86
63.14
41.92
15.8
38.68
15.12
51.89
43.3
20.49
55.65
41.82
20.7
23.0
56.11
32.77
56.05
18.48
27.19
53.23
47.09
30.34
61.8
25.55
57.49
49.79
21.06
42.76
61.5
45.94
41.44
33.32
54.44
60.65
52.67
51.26
24.62
56.7
17.03
52.87
25.54
39.36
49.76
52.95
59.4
29.13
26.22
64.81
25.38
48.27
62.64
59.83
37.16
46.88
41.45
32.33
22.22
55.17
19.52
45.48
44.72
31.74
21.77
54.98
38.1
51.26
15.82
18.73
23.79
20.69
24.59
49.32
17.35
16.89
16.58
49.88
41.81
33.51
48.78
42.68
15.37
56.93
32.51
34.98
54.11
24.35
15.5
60.44
40.27
32.48
55.95
16.31
25.11
22.76
51.89
30.6
53.65
17.07
45.41
30.91
24.35
55.84
35.61
43.58
16.65
54.58
29.34
49.67
53.02
20.86
29.8
51.17
26.61
57.41
30.6
35.12
19.99
22.38
28.77
17.45
24.65
35.45
34.0
24.93
19.02
30.91
52.27
40.5
62.34
21.99
25.37
29.01
15.65
62.17
37.27
39.08
22.89
58.63
49.63
36.57
58.9
60.27
17.47
20.97
16.38
44.09
25.9
57.25
38.3
56.89
42.78
54.81
33.59
62.27
48.36
44.77
32.62
61.86
31.89
56.79
35.22
53.36
60.59
38.28
41.31
31.52
17.73
47.62
20.98
32.7
32.47
22.55
48.34
23.73
53.92
27.46
29.36
32.19
22.64
36.71
19.02
36.36
32.0
31.91
48.03
53.45
32.8
28.1
39.72
54.39
47.23
16.9
39.0
64.55
32.66
37.04
29.37
39.88
23.05
27.35
50.59
21.91
61.31
30.4
43.75
31.09
38.9
60.19
18.43
57.82
42.88
48.25
17.79
53.07
21.39
63.24
54.96
39.64
61.21
23.45
64.58
50.84
19.92
41.83
50.54
45.65
36.2
27.41
26.91
61.35
26.74
63.12
25.51
34.21
15.62
60.16
20.22
32.87
57.13
54.59
57.08
60.71
60.55
53.52
44.12
43.08
15.65
51.13
26.33
56.43
42.69
64.36
25.51
51.17
42.38
61.59
28.3
17.97
42.19
41.08
30.59
64.33
18.49
43.48
28.01
15.1
64.39
39.08
57.86
57.0
55.61
37.95
59.8
33.36
35.42
27.79
37.4
64.33
43.66
56.55
28.17
62.8
15.66
61.51
59.9
18.37
45.24
54.26
35.19
19.59
56.47
38.32
28.16
18.54
47.01
17.12
54.55
53.54
31.15
38.61
48.46
62.96
41.01
64.83
31.26
41.32
20.78
42.82
41.82
57.44
64.83
64.31
26.82
31.92
28.73
24.98
22.51
40.59
58.62
44.49
58.63
62.97
34.16
56.78
17.62
39.05
33.41
25.24
36.92
37.19
55.43
58.45
47.85
46.67
20.51
43.76
28.72
29.74
19.74
46.79
44.19
26.01
28.15
53.65
54.65
39.65
22.45
17.78
28.57
51.56
45.04
50.91
38.59
52.74
39.04
19.2
18.99
56.58
46.48
28.96
52.86
21.79
47.26
64.47
22.5
22.1
38.39
47.13
16.33
39.98
19.16
27.07
50.62
51.94
51.49
18.26
54.34
36.61
38.77
35.98
57.85
49.0
40.0
56.71
55.27
15.25
38.94
17.11
30.36
55.19
62.2
27.1
16.07
35.12
31.76
48.85
39.75
34.94
26.48
56.42
27.42
17.74
43.23
30.87
50.62
19.04
63.32
24.34
32.85
39.05
59.51
51.13
22.24
36.93
42.15
50.11
43.59
37.87
53.28
33.9
64.36
62.39
50.37
59.13
34.66
44.07
28.63
59.28
38.55
41.81
58.23
54.86
31.09
19.37
23.1
31.95
30.26
16.92
36.6
20.29
26.04
54.37
39.74
33.65
24.27
58.31
60.18
40.93
61.06
38.24
20.36
15.85
21.42
46.13
31.05
47.42
40.4
31.65
25.93
19.05
54.12
55.95
42.07
22.85
28.18
62.76
26.3
17.84
42.5
28.1
62.87
43.74
63.29
54.28
51.15
56.52
45.24
15.56
34.62
25.95
36.72
38.53
21.39
16.17
21.91
57.87
52.79
54.94
28.82
26.8
16.87
38.61
34.12
56.79
49.09
22.21
64.36
53.53
51.01
25.83
60.26
38.7
29.88
47.74
25.59
60.38
57.72
38.25
24.53
39.83
22.46
28.49
39.14
16.06
53.29
24.85
58.33
16.11
41.61
53.83
26.9
50.38
51.04
46.89
33.21
54.25
46.42
44.52
55.96
27.23
26.62
34.32
18.66
31.87
35.31
39.75
27.7
60.34
29.25
57.58
37.25
50.91
20.55
42.23
63.04
48.31
56.01
28.05
55.01
32.56
39.25
24.4
39.28
40.79
46.12
58.43
30.24
64.21
57.38
35.15
26.33
18.57
26.72
59.23
29.6
21.9
16.13
29.88
25.81
20.11
62.55
28.38
15.31
62.21
43.93
19.14
16.57
20.39
44.57
18.09
43.41
47.63
22.38
39.42
63.19
56.82
51.17
40.89
34.71
37.57
53.23
42.71
53.23
63.49
47.03
45.16
35.31
24.84
33.71
41.0
16.74
38.79
58.11
63.83
57.78
23.6
22.75
34.67
26.27
48.8
19.23
37.19
29.02
44.77
54.85
61.18
63.19
32.56
57.79
44.6
49.61
57.56
21.51
62.37
42.37
31.8
31.94
52.55
48.93
51.47
27.65
23.51
51.09
29.92
26.12
25.73
22.42
36.34
28.05
59.69
49.46
52.19
35.18
45.01
40.04
23.37
17.39
49.18
21.06
17.87
37.09
51.9
53.44
58.67
24.96
64.28
53.16
22.86
57.04
39.95
18.33
21.6
36.69
41.53
62.37
25.79
38.71
26.29
42.92
60.47
43.39
40.5
52.51
22.38
60.28
43.88
49.32
55.95
46.75
47.06
51.48
17.61
34.11
63.15
27.9
42.11
23.77
31.16
50.85
47.15
35.72
61.9
53.75
28.4
38.27
58.9
16.12
44.07
26.6
18.19
60.64
55.81
24.26
56.85
22.32
38.81
51.29
41.69
57.54
45.84
36.6
61.26
16.81
39.42
48.04
56.8
42.06
59.28
36.31
30.86
63.69
48.36
36.29
58.91
49.15
46.9
51.43
51.91
39.65
35.97
60.46
39.86
25.79
41.08
16.72
51.17
21.35
20.59
62.32
53.63
35.71
26.98
57.17
63.43
40.42
44.0
27.15
44.46
35.03
57.28
33.86
47.44
25.17
19.53
17.02
35.78
23.18
64.67
54.92
49.67
55.17
28.14
58.96
64.78
29.49
64.23
31.02
15.59
33.36
64.88
46.76
49.77
26.92
22.3
59.28
35.67
15.21
29.71
24.79
45.19
52.81
39.87
24.29
17.9
30.68
55.3
35.98
27.61
16.04
39.8
49.24
24.52
41.86
36.04
50.2
58.03
30.35
60.24
50.35
16.86
54.56
39.73
62.27
31.18
44.56
62.81
28.56
38.6
52.62
49.55
56.94
40.99
30.95
41.75
32.5
23.82
42.75
17.42
16.83
18.23
48.63
35.35
39.71
32.17
27.68
32.92
24.67
48.94
20.09
40.85
38.84
30.1
20.11
50.17
43.48
55.47
26.78
54.58
29.6
20.63
21.75
26.05
49.12
27.2
45.19
27.83
33.26
59.49
40.02
45.01
24.46
21.58
35.66
57.77
27.05
46.08
58.6
61.72
64.69
53.15
18.75
58.57
59.28
42.86
18.37
38.83
25.54
37.11
51.21
48.38
54.0
38.83
40.54
61.78
46.56
52.38
48.23
47.02
60.68
32.82
36.38
33.99
53.26
58.42
32.88
22.12
39.71
64.22
25.18
37.6
28.57
61.13
42.55
43.94
15.41
47.64
30.32
40.67
41.55
44.61
56.18
29.95
27.81
54.79
50.94
26.28
15.04
48.3
22.86
62.85
45.22
57.48
55.28
42.89
36.92
39.84
55.15
47.02
25.29
45.47
35.23
18.06
34.06
26.38
56.93
20.25
33.03
49.77
59.87
31.77
45.32
33.68
25.14
31.29
46.8
50.82
33.53
22.63
21.98
55.63
47.66
51.4
39.41
37.87
25.56
23.42
22.7
64.59
56.04
46.31
25.72
31.88
32.54
38.88
36.1
61.71
51.04
19.07
33.0
21.65
28.97
62.94
50.26
15.39
31.44
36.94
45.13
39.99
18.49
40.78
21.51
40.96
27.3
22.21
29.4
19.98
29.2
58.35
30.36
38.51
40.99
23.91
37.09
57.65
19.03
61.14
58.56
57.79
24.93
39.22
45.81
20.0
42.84
57.0
61.83
28.92
29.44
28.54
22.67
36.54
54.22
50.6
60.02
32.79
43.61
53.33
59.91
58.59
38.28
60.34
37.2
60.14
53.85
26.08
61.48
27.12
60.42
45.76
48.37
20.47
18.29
63.42
31.85
57.22
50.22
45.21
49.26
19.47
35.62
45.35
58.38
50.73
27.64
64.25
47.15
40.07
54.07
45.14
50.5
45.86
23.94
42.17
29.16
43.51
21.28
26.6
55.44
35.26
48.69
39.89
32.03
39.76
55.69
29.08
36.07
25.13
32.56
59.26
54.29
33.68
21.62
36.0
53.59
17.19
52.27
49.0
18.23
46.78
29.93
23.86
34.24
25.27
56.23
52.1
64.04
41.7
19.46
33.39
56.93
34.84
37.78
35.6
26.77
18.66
24.03
33.2
27.27
43.64
45.7
43.5
19.25
48.34
34.23
58.91
41.28
19.23
15.46
50.13
35.03
29.4
37.36
18.62
34.6
30.73
55.01
23.74
52.82
40.02
19.09
63.48
51.71
28.0
44.09
60.0
61.54
51.56
51.38
28.87
64.49
27.17
19.47
63.87
22.64
41.08
38.41
57.41
34.83
40.11
17.19
25.39
56.65
38.92
26.55
33.45
29.25
42.81
17.57
26.25
32.75
61.41
46.16
40.21
24.54
42.89
61.45
43.32
23.24
64.86
39.94
30.98
40.17
28.18
16.52
59.48
36.44
52.64
63.56
46.63
49.58
62.16
40.83
30.99
61.07
18.45
25.73
32.06
54.11
60.2
37.59
29.31
32.66
47.83
22.9
42.37
44.42
50.39
45.19
19.85
49.44
16.09
34.52
35.85
20.83
15.49
18.56
37.31
27.02
18.45
27.82
41.44
52.11
35.6
45.66
44.84
59.82
23.97
38.82
46.59
40.99
37.52
63.67
62.1
45.57
36.98
52.77
40.65
64.78
49.3
18.41
35.1
51.51
57.12
55.67
63.86
39.46
22.0
47.61
18.54
63.68
52.93
64.11
33.86
15.79
41.06
21.06
48.98
39.88
52.67
29.55
56.46
47.54
64.39
23.93
17.56
57.55
31.92
36.56
61.28
37.03
29.9
17.97
37.15
47.75
28.46
50.89
38.91
57.91
23.09
52.85
61.63
52.07
35.3
26.52
19.92
47.12
22.14
56.92
63.04
21.79
33.8
61.86
38.54
41.77
52.38
25.53
63.96
54.04
23.07
20.55
61.75
49.25
16.93
22.1
17.39
63.7
39.89
38.11
62.79
40.23
40.89
64.2
20.57
64.29
23.28
38.65
31.88
62.77
39.28
16.15
26.08
36.54
48.82
43.1
57.5
56.42
44.53
43.57
28.91
62.9
18.84
34.85
48.04
62.28
40.08
59.8
20.24
41.58
30.8
54.78
37.25
38.76
18.24
36.9
19.04
29.98
21.34
31.72
26.37
29.26
22.42
36.98
39.88
56.83
41.94
26.44
51.79
29.86
52.82
34.36
40.68
40.19
62.78
22.68
61.93
43.1
64.68
43.66
47.82
52.48
56.09
38.88
48.93
45.74
35.35
56.04
24.62
23.36
51.82
46.87
30.88
46.76
53.53
25.85
44.07
56.23
35.56
43.59
18.93
56.52
54.81
37.81
20.96
48.02
43.65
60.97
28.99
16.62
27.74
36.4
22.77
63.99
26.12
48.89
37.71
42.76
61.63
41.58
30.26
26.04
59.6
64.34
27.59
51.1
40.29
49.93
63.21
28.8
52.0
36.9
47.63
35.33
50.42
31.88
39.42
50.44
17.14
31.4
42.31
18.71
50.16
55.66
23.17
51.67
47.31
35.54
23.25
62.74
38.2
24.18
50.91
45.39
55.81
64.8
17.24
51.97
64.46
41.91
50.79
37.06
32.84
49.82
64.4
19.58
36.11
62.03
20.64
47.55
36.51
33.84
25.47
23.82
40.81
33.87
39.58
24.8
32.51
64.82
33.4
35.64
15.99
34.04
53.17
40.78
47.85
42.83
20.27
31.61
49.71
42.4
48.75
33.01
24.68
56.49
33.82
47.75
34.06
61.36
64.6
47.45
45.11
57.04
40.81
58.48
35.65
16.59
61.33
51.08
40.54
62.24
59.34
20.42
46.22
41.91
53.82
30.04
15.41
24.27
25.55
29.57
33.52
50.33
18.71
39.33
39.93
45.79
30.53
27.99
39.19
47.98
17.23
29.68
54.37
39.21
62.59
58.38
32.2
51.31
28.72
23.76
59.05
32.51
25.17
63.25
16.55
33.34
16.92
40.21
35.06
51.03
62.7
40.98
29.27
58.61
45.23
42.67
24.43
17.03
38.07
41.4
21.35
17.97
25.8
18.15
17.81
37.21
55.51
48.2
48.97
28.12
15.56
37.53
33.86
62.36
18.6
53.82
34.27
56.48
39.75
56.03
38.34
35.09
63.19
33.44
55.27
18.35
18.13
36.91
44.28
45.43
16.82
49.84
21.5
62.77
31.68
28.07
29.56
61.87
39.14
36.73
43.29
61.54
30.42
24.04
44.77
39.58
18.1
41.1
43.12
49.71
64.78
36.08
40.51
18.75
56.58
19.91
61.69
32.43
31.88
31.43
62.52
64.01
63.66
50.24
20.55
34.32
29.47
50.42
39.63
45.83
15.44
54.14
62.6
48.47
57.6
38.91
16.01
64.52
17.94
24.64
17.62
46.25
44.16
25.48
62.83
60.67
28.99
47.94
57.76
32.99
27.68
27.81
56.02
38.15
50.77
47.52
30.31
25.4
21.29
16.19
19.06
27.81
50.68
22.75
41.17
27.26
40.59
52.5
28.3
32.39
51.15
42.32
19.73
52.91
28.87
34.25
27.26
42.17
50.39
55.16
61.11
32.96
61.63
45.85
34.48
59.36
43.98
37.71
15.58
50.88
18.87
29.47
63.08
22.76
30.59
61.62
31.88
31.43
47.4
21.57
63.64
28.75
54.28
29.38
28.77
17.88
20.97
41.1
43.84
55.79
18.01
32.81
25.01
32.89
32.72
32.71
30.48
53.2
49.49
32.07
22.32
40.91
60.94
21.18
52.65
44.97
44.43
61.73
62.8
27.19
55.42
46.04
35.44
48.28
62.8
40.84
62.0
47.14
39.15
47.21
45.13
36.08
43.12
50.16
56.94
30.22
15.73
42.56
39.46
17.71
46.63
62.07
35.11
59.72
55.66
23.09
54.36
40.84
60.93
24.47
21.25
27.06
17.98
31.0
29.15
35.81
38.15
22.24
45.97
26.18
21.1
50.44
16.14
33.42
22.22
59.14
56.22
18.03
42.52
29.77
24.63
30.58
55.79
17.89
47.41
60.67
37.4
60.08
60.34
45.48
37.79
51.88
60.81
49.0
25.48
56.0
62.58
35.51
49.88
40.91
20.6
32.49
23.19
48.68
44.1
16.68
18.08
28.04
52.24
21.34
25.24
60.38
42.31
46.04
37.79
29.99
27.46
44.46
38.55
35.15
49.72
35.21
16.84
56.98
30.92
62.32
58.98
26.7
63.27
57.68
64.25
48.9
61.54
49.5
57.75
45.52
61.46
40.9
51.83
60.85
36.12
16.32
20.65
63.6
58.66
39.17
63.04
24.28
20.55
45.07
34.11
31.99
51.71
22.5
53.92
32.97
64.34
55.44
47.31
26.47
62.82
16.65
26.17
16.84
63.33
58.57
62.61
50.75
16.37
61.58
36.05
33.41
29.21
29.34
55.03
27.82
26.11
49.9
29.37
15.66
61.59
30.68
53.22
38.45
21.7
48.1
26.58
29.4
16.62
15.82
40.68
17.89
25.47
61.19
19.14
29.54
51.33
59.22
17.31
24.27
34.39
33.05
29.43
27.12
28.43
21.67
23.17
45.34
29.61
34.98
35.6
20.49
55.97
62.82
28.18
29.72
49.66
19.03
60.37
21.03
51.6
29.58
31.16
22.04
47.32
54.75
62.51
31.58
46.06
35.75
42.89
23.15
44.09
57.45
58.18
39.17
26.79
56.83
64.97
33.86
61.22
64.17
34.78
50.81
44.05
51.11
22.71
33.34
18.14
45.66
61.33
43.01
18.52
61.52
21.65
59.15
50.71
46.82
44.34
21.56
40.04
24.83
43.59
37.37
48.98
64.12
33.05
45.84
58.22
19.65
55.01
26.97
42.01
64.58
64.2
30.79
21.59
61.91
59.68
45.8
16.62
52.56
23.04
62.15
36.76
45.76
29.05
38.75
52.73
39.6
57.36
50.65
18.87
45.34
45.63
34.04
31.14
18.14
37.31
31.83
62.55
48.71
38.0
52.73
53.94
39.02
18.79
54.03
19.51
57.38
31.71
46.91
52.02
16.76
34.23
45.21
57.41
50.89
59.81
19.14
18.59
50.68
34.93
39.08
45.22
64.3
18.36
20.44
56.47
16.03
37.52
53.71
24.76
24.35
30.51
22.5
48.93
25.01
26.34
43.75
63.37
60.69
58.22
41.55
29.89
50.29
34.48
53.9
15.81
41.48
31.87
27.45
48.09
47.92
16.85
62.38
33.09
60.87
44.19
47.63
63.03
56.11
22.0
15.26
30.43
39.43
51.61
48.05
30.64
42.1
47.55
40.69
49.45
39.26
41.48
62.04
34.46
52.79
31.73
31.59
61.33
49.93
61.45
64.73
15.01
64.16
20.04
18.52
53.39
32.51
60.89
42.23
34.31
18.67
38.23
28.89
18.83
48.52
63.87
33.95
29.86
19.5
26.16
29.25
32.21
46.7
20.74
17.92
61.53
54.96
28.91
46.94
44.62
52.15
57.96
32.89
48.04
55.1
49.96
61.11
39.73
55.13
60.49
42.85
15.86
55.9
57.3
34.99
26.45
63.91
42.58
40.81
62.3
35.4
57.41
50.03
63.39
36.43
60.38
43.44
38.79
30.28
42.63
43.63
59.92
50.2
56.32
53.46
28.83
25.29
27.92
22.33
34.3
47.7
41.85
48.96
32.8
25.26
25.14
45.04
23.21
34.86
25.64
48.14
45.77
34.06
21.44
25.59
38.61
63.6
28.54
24.56
26.03
50.41
60.73
18.76
52.46
39.73
56.26
36.08
15.26
49.14
55.4
60.1
43.45
21.1
33.49
54.21
39.72
49.96
15.23
18.65
49.06
29.51
34.41
47.11
20.6
56.64
22.22
51.66
29.64
28.0
56.06
42.61
25.27
15.13
63.65
36.57
34.87
17.52
59.72
22.03
31.77
36.06
55.51
32.97
41.57
36.44
30.59
62.32
54.84
23.72
42.74
54.83
43.99
39.69
18.6
20.3
27.26
40.67
64.36
55.11
20.5
50.86
55.52
35.71
31.51
44.23
40.96
28.26
34.87
42.22
44.0
41.59
57.31
16.59
31.65
52.49
47.59
60.91
44.4
46.91
50.25
24.31
52.66
29.99
36.23
15.7
57.18
62.67
18.01
46.76
63.04
45.35
54.9
20.91
27.24
32.29
64.06
54.09
59.28
39.35
50.84
51.58
43.45
58.9
22.91
17.88
30.2
19.41
18.02
35.95
25.03
54.51
43.99
33.03
29.33
43.16
36.7
17.79
48.26
39.99
28.84
29.52
37.64
56.38
36.15
56.98
36.24
56.5
61.58
16.03
18.11
21.7
21.11
37.72
53.2
63.07
35.89
49.42
46.78
34.66
51.06
44.6
53.0
24.68
33.01
48.56
21.24
53.52
21.67
31.22
26.88
18.05
28.53
60.58
16.35
15.84
50.21
33.34
26.49
40.44
28.33
34.6
50.77
20.85
62.98
17.13
55.33
51.23
29.1
20.92
57.62
48.98
29.54
15.85
61.92
35.21
23.81
60.59
32.95
38.16
49.93
55.97
20.01
59.93
61.63
27.96
39.87
57.89
39.37
39.1
45.93
53.37
48.28
46.33
33.58
46.5
20.16
35.48
24.42
41.88
28.1
40.3
53.87
36.7
25.94
26.15
60.31
54.05
16.83
62.14
20.63
47.65
42.58
17.33
29.76
53.79
30.34
39.02
49.9
18.58
56.63
17.08
28.12
53.15
60.59
53.02
26.35
64.29
35.67
33.82
58.26
18.31
42.8
63.28
20.01
42.04
21.62
59.5
44.39
26.73
30.35
40.83
51.27
39.37
24.46
50.41
20.92
55.47
34.78
47.64
32.24
48.45
59.46
50.07
48.57
52.87
40.01
26.01
55.78
47.42
30.69
28.79
40.0
25.37
58.91
54.43
30.42
17.47
17.59
29.86
22.38
58.67
36.04
32.4
25.89
57.06
54.62
34.22
23.47
62.6
30.79
53.55
38.15
54.08
39.08
61.28
55.02
28.01
36.52
20.03
60.17
18.46
15.91
39.82
45.16
26.16
43.53
59.78
46.31
37.79
22.22
23.45
39.22
38.16
41.12
40.39
32.06
49.79
25.61
57.62
24.72
35.79
25.54
45.92
38.88
33.72
38.76
36.06
57.76
21.21
54.66
47.77
32.42
60.96
23.85
30.51
33.74
47.39
62.32
44.67
57.82
60.25
38.32
38.62
27.5
45.08
21.0
46.72
59.64
53.04
47.46
56.92
51.49
41.48
41.05
20.35
36.72
41.12
38.5
53.8
23.05
54.74
52.08
60.04
33.67
23.83
52.93
44.42
50.62
64.84
24.73
35.55
24.63
58.03
15.85
21.76
27.39
53.57
46.42
34.43
22.94
31.08
52.17
34.1
38.13
45.43
60.64
27.51
37.4
30.52
38.31
49.82
39.1
56.73
42.66
34.29
54.12
36.57
40.78
64.73
54.32
57.76
44.64
32.41
64.56
27.2
58.64
60.57
55.88
20.7
57.71
48.19
49.04
54.33
39.53
28.36
43.75
20.43
48.74
39.15
40.12
24.29
17.06
45.56
47.94
39.91
53.29
43.19
57.41
29.41
27.16
28.06
16.53
60.03
64.96
55.83
35.63
32.7
53.73
40.5
61.97
28.98
31.19
64.94
63.91
59.26
35.23
56.88
29.17
27.74
42.32
58.01
19.87
43.27
45.49
43.99
25.92
18.21
59.75
43.73
53.4
33.22
17.13
27.98
18.67
18.91
25.72
46.68
55.89
56.07
61.89
47.82
15.99
33.87
20.57
53.87
20.98
20.3
16.41
62.78
54.29
31.67
33.82
17.97
22.9
30.57
34.39
46.0
32.52
62.73
32.14
62.08
51.49
59.99
50.16
43.43
40.45
29.57
29.91
26.16
34.28
21.35
34.38
56.69
58.51
47.14
27.84
27.02
28.9
40.0
63.82
20.46
40.03
49.11
27.28
63.46
32.45
61.62
44.87
15.2
30.56
16.08
34.07
61.63
53.95
46.01
41.93
33.63
25.58
18.13
24.51
32.58
41.0
25.22
63.72
18.84
19.74
49.13
52.75
63.62
41.52
23.3
61.9
64.01
61.18
58.58
18.88
57.74
62.66
42.62
53.63
48.04
29.4
44.38
59.47
39.82
44.51
41.57
29.12
47.18
40.47
26.63
59.77
62.5
17.77
46.12
35.75
41.3
33.69
38.72
31.17
20.88
30.1
48.52
17.52
34.14
17.11
32.81
19.38
31.98
56.9
45.67
49.11
40.19
61.12
42.06
20.21
61.66
21.65
64.96
36.77
18.67
58.21
19.64
23.72
35.87
48.81
21.06
46.13
54.02
21.17
47.38
62.94
63.37
23.08
52.99
57.33
59.45
31.18
28.51
17.39
34.97
21.2
54.31
22.15
55.95
20.38
39.03
34.23
45.08
40.94
44.93
15.05
21.38
40.86
26.48
18.82
25.89
53.99
42.08
24.5
15.8
32.88
32.87
51.76
60.97
33.6
49.41
46.75
36.1
18.29
38.67
32.71
42.51
21.27
51.21
54.39
34.42
23.76
46.18
62.79
50.03
21.17
34.86
60.77
46.72
22.36
51.23
32.68
39.48
35.75
51.28
25.9
34.42
52.23
50.24
25.09
32.53
15.72
41.51
29.05
15.59
36.24
61.34
61.17
33.61
37.46
27.13
18.42
49.7
55.0
59.01
61.76
60.8
16.37
63.9
33.98
59.31
37.04
36.11
15.56
17.62
48.56
61.88
26.22
19.7
25.69
25.62
29.66
19.74
26.78
61.06
59.51
30.82
64.84
29.92
51.09
47.2
18.23
32.11
62.57
17.54
23.74
63.55
16.99
37.33
60.92
62.18
63.97
39.07
19.32
53.64
50.45
43.98
59.41
60.58
49.16
20.6
19.78
35.43
29.64
21.65
45.56
49.18
49.9
23.76
30.29
24.95
45.07
43.35
40.17
29.8
26.85
59.52
17.44
47.82
15.98
24.69
29.47
59.32
21.89
61.89
55.77
48.95
35.59
60.26
41.4
33.56
44.28
26.61
28.64
60.97
54.7
40.68
35.83
55.38
43.53
35.75
40.77
26.64
25.1
64.45
63.48
36.04
40.76
56.36
51.29
19.98
33.73
27.51
64.63
52.44
17.39
60.0
61.4
31.66
47.1
49.1
51.48
49.68
42.99
62.69
40.62
20.55
19.02
15.92
36.4
28.66
59.76
58.36
56.89
58.36
29.88
36.31
30.59
19.3
61.2
45.8
21.63
25.3
37.54
17.59
28.6
50.17
61.02
61.44
41.0
30.61
61.04
54.33
44.36
56.73
37.94
20.61
61.91
41.7
49.76
34.61
21.79
28.59
17.18
19.38
25.25
43.05
64.64
57.19
19.29
57.12
41.82
48.02
21.49
34.77
59.21
36.27
21.36
30.55
26.08
49.34
60.55
51.67
57.18
55.29
15.73
21.22
36.17
20.6
51.75
18.51
35.81
34.61
42.17
46.47
62.35
28.56
48.3
16.75
15.05
16.27
37.45
42.75
15.31
34.82
17.04
47.66
46.56
54.21
42.31
46.15
28.97
19.27
51.87
45.59
61.92
64.46
57.36
64.28
47.37
19.6
19.49
55.36
26.84
18.05
38.61
30.73
44.41
45.01
49.08
43.82
34.05
16.18
60.25
31.35
40.36
42.85
30.74
30.42
28.04
27.17
16.52
62.9
44.76
20.4
44.6
26.61
30.53
55.06
59.29
49.99
61.63
60.25
42.56
60.39
42.25
20.21
56.47
21.56
30.8
33.99
55.36
19.18
37.25
36.84
44.11
32.69
43.86
64.29
18.58
58.73
30.43
38.29
52.06
60.5
15.45
48.11
18.48
41.28
52.49
23.48
53.19
30.48
45.53
47.9
47.45
15.93
22.61
57.81
61.99
43.18
44.85
52.75
35.31
31.4
53.41
16.41
59.27
37.05
40.21
46.71
28.72
44.87
49.65
20.9
41.02
31.47
42.87
16.06
52.13
23.42
49.47
53.44
52.63
55.88
30.39
63.36
16.19
39.06
28.51
51.99
55.26
56.12
29.85
28.71
48.85
61.41
27.71
60.53
44.57
51.9
36.99
55.34
63.52
23.53
34.28
58.12
23.83
35.65
23.31
47.42
26.92
34.04
39.56
29.86
49.0
20.56
58.99
39.07
43.64
46.11
17.98
52.85
62.3
41.0
34.54
54.24
51.02
47.55
63.27
44.09
27.42
16.24
37.67
47.62
23.61
16.29
60.45
30.1
38.3
19.55
34.08
36.19
60.14
58.27
24.45
42.8
51.56
29.59
34.72
64.24
52.99
36.86
41.7
46.29
39.94
35.58
32.97
23.45
63.68
19.57
45.05
62.98
33.75
27.62
62.78
55.09
47.75
45.6
33.01
47.07
51.25
16.59
20.88
30.76
31.16
60.03
49.23
33.68
55.46
31.16
64.54
54.08
55.42
28.05
22.25
34.48
31.71
53.49
23.71
41.37
46.41
34.26
25.03
59.78
21.94
30.19
52.83
45.27
51.53
55.44
59.77
30.23
38.72
49.42
54.74
43.89
40.69
49.59
34.1
59.69
25.61
59.2
47.18
45.03
38.5
22.74
58.25
17.63
28.5
20.49
20.34
34.52
23.02
44.07
46.36
59.1
29.98
30.46
27.32
54.09
36.4
42.62
33.73
22.84
20.13
58.41
28.27
62.08
62.36
38.95
62.93
16.42
19.58
27.17
25.46
27.63
37.61
18.15
42.77
30.47
18.58
52.66
47.67
54.67
61.96
44.29
54.34
24.96
35.52
41.5
42.06
50.92
54.8
48.34
17.36
32.56
43.62
40.39
17.24
64.03
62.81
53.69
17.77
36.51
35.49
42.9
17.8
36.18
52.89
64.9
44.77
62.03
64.93
36.74
48.43
25.66
38.78
18.92
16.46
59.65
57.92
30.6
37.85
39.68
41.04
21.73
53.75
32.39
16.58
48.83
56.49
60.91
48.72
24.56
44.49
60.59
32.53
62.67
19.88
51.4
21.0
54.94
19.88
31.29
53.84
38.01
59.13
35.09
64.75
15.93
49.8
60.79
41.8
64.43
50.4
36.48
40.77
58.87
62.88
42.79
30.36
26.97
38.85
29.82
36.04
56.72
38.6
47.04
19.51
53.11
39.15
33.05
45.55
20.1
35.7
55.55
28.1
60.7
45.18
42.04
34.98
52.1
43.22
54.83
31.58
50.1
62.17
29.0
64.05
35.53
16.93
32.89
22.48
30.21
19.8
23.91
21.33
17.17
29.81
62.05
62.47
57.33
15.61
16.41
15.52
33.33
64.01
59.84
27.53
35.51
56.22
52.93
21.63
20.39
42.19
20.11
56.25
27.67
24.42
24.28
17.26
47.09
23.22
26.67
52.57
17.87
25.14
22.47
15.24
41.97
24.5
46.65
40.09
48.39
64.08
25.99
48.29
56.68
62.87
46.12
21.54
17.69
28.93
61.41
41.85
43.97
45.53
31.61
24.08
62.71
52.77
40.55
33.84
39.14
16.68
27.37
27.54
37.27
26.81
24.27
53.28
59.68
18.36
25.48
53.68
55.79
40.01
49.74
18.88
57.48
56.64
49.67
60.82
17.38
26.55
33.13
22.93
55.74
52.86
53.66
29.56
53.13
21.15
20.34
44.2
17.43
61.93
31.44
38.85
55.66
35.0
36.53
32.4
32.59
38.4
62.3
61.8
42.26
37.8
55.41
49.05
59.08
51.53
62.62
59.31
57.76
34.58
34.31
52.06
19.19
31.11
61.61
37.51
28.49
38.82
29.43
53.41
57.53
54.13
22.45
31.8
25.7
17.14
51.96
36.42
28.83
30.38
21.75
56.34
22.2
31.92
15.37
36.82
32.74
50.96
50.77
16.93
20.79
60.23
54.59
34.47
23.32
28.04
47.9
62.27
45.79
16.32
47.54
62.24
32.93
61.68
48.53
24.49
22.27
23.81
49.96
44.48
37.78
28.17
60.36
25.69
29.18
17.75
28.77
61.14
24.38
25.2
45.0
43.35
23.8
22.71
20.85
58.05
47.72
62.67
23.29
38.03
52.15
25.68
49.23
38.69
36.54
47.25
38.38
56.0
61.53
44.44
30.03
53.86
23.52
19.75
40.94
47.34
56.75
62.76
58.67
64.43
38.78
30.83
37.99
47.21
40.36
46.71
59.34
23.29
21.01
39.93
64.09
17.95
64.33
63.39
29.63
59.55
15.39
37.7
35.11
60.13
38.61
35.9
46.98
33.79
41.83
62.78
25.13
37.95
15.77
57.11
19.6
19.74
59.14
35.46
49.36
57.89
33.72
28.08
23.48
45.36
27.61
46.71
30.86
32.39
27.46
35.92
23.11
30.99
53.89
25.78
62.36
39.65
20.35
62.15
37.83
42.85
24.26
31.67
50.18
21.2
43.52
49.68
15.09
56.88
17.82
27.35
63.18
19.05
56.3
47.6
44.92
44.08
23.32
48.44
62.58
18.85
31.62
38.61
26.61
52.04
49.43
20.89
43.47
33.44
26.42
57.41
17.73
38.37
38.77
43.51
24.88
58.56
63.27
42.45
27.81
58.84
64.41
52.09
31.69
26.8
22.83
26.75
26.37
63.37
47.16
23.35
39.4
24.23
45.3
32.07
24.78
27.14
48.75
35.4
40.66
56.07
47.77
38.12
62.7
25.73
29.45
60.57
57.66
21.5
61.5
15.51
56.12
28.94
24.43
37.44
59.85
54.29
63.35
42.05
40.53
15.65
24.03
39.88
52.63
56.13
29.16
50.62
56.43
33.74
49.78
36.86
64.28
15.33
35.72
28.19
57.49
29.36
42.19
52.01
39.86
35.52
17.13
16.15
62.87
47.16
56.26
39.02
28.08
29.73
17.17
54.54
44.08
39.04
57.61
37.24
62.4
15.66
64.23
55.79
32.75
44.77
58.23
39.08
17.55
60.18
40.85
42.26
15.69
20.0
53.87
36.75
64.9
49.78
62.48
28.97
23.81
33.83
28.24
45.67
52.22
35.1
19.49
16.32
25.9
51.62
26.08
60.55
47.58
58.1
34.29
64.18
48.97
32.85
25.63
58.33
30.9
17.22
28.93
23.97
30.99
45.66
40.02
50.54
31.69
20.99
23.01
54.86
19.9
54.91
25.63
48.92
46.15
19.91
48.29
37.38
50.36
56.77
16.97
47.4
20.25
33.94
15.63
31.43
23.47
42.81
40.61
54.66
47.0
50.73
19.62
16.39
63.48
36.35
34.75
16.75
20.95
62.02
49.74
35.46
60.22
44.49
52.32
36.58
36.58
18.42
51.7
19.96
53.21
24.54
27.37
60.89
38.58
21.26
60.25
37.62
21.53
34.54
44.47
33.12
61.22
28.48
23.79
26.05
19.19
37.61
58.92
30.27
27.92
56.87
30.3
38.84
16.56
29.35
21.53
20.29
36.57
28.87
23.32
40.57
54.2
51.74
27.54
28.16
51.6
42.86
52.12
15.07
19.36
55.1
57.56
32.17
62.92
30.08
59.51
36.09
43.09
47.16
21.66
16.86
36.34
23.02
42.45
37.68
21.1
48.29
16.02
21.32
50.01
41.39
29.1
24.01
47.11
25.28
64.23
58.47
21.61
57.96
32.25
39.5
22.14
20.93
58.27
46.5
38.02
16.81
61.1
33.8
35.83
29.49
59.56
32.23
23.71
40.03
54.07
33.57
47.6
30.21
50.99
48.44
49.04
47.3
22.82
59.4
44.29
34.12
23.62
54.18
40.45
22.36
61.07
20.3
41.21
45.53
64.95
22.05
45.68
38.84
27.86
62.11
54.54
53.85
59.96
51.25
40.34
34.58
50.21
45.14
42.14
44.45
47.77
63.44
52.66
23.82
38.34
48.91
23.78
61.64
18.85
45.55
63.8
51.39
48.86
64.87
54.59
63.51
49.94
48.27
53.13
24.44
55.29
63.51
45.58
15.62
18.6
26.74
39.55
35.69
63.96
62.28
34.64
54.72
46.82
27.16
61.56
27.98
58.52
46.88
46.06
56.92
39.72
57.67
42.51
64.23
48.0
33.7
53.17
40.49
55.3
56.67
45.85
58.61
35.17
17.87
48.13
53.22
18.64
53.55
46.96
20.82
42.0
20.44
31.08
55.2
20.04
37.97
45.29
62.03
51.86
21.96
63.44
38.9
33.49
21.44
61.67
44.31
64.4
23.69
42.29
20.49
41.21
59.49
20.47
28.48
49.12
18.81
37.7
31.65
56.91
17.45
58.17
50.18
29.86
24.89
62.51
42.7
32.24
17.22
23.29
44.91
40.66
52.88
56.74
34.86
20.05
54.58
42.69
63.99
54.82
31.45
36.42
26.78
40.6
50.54
45.62
32.1
56.16
20.25
22.13
35.21
50.11
49.71
33.33
49.83
18.03
29.5
49.69
24.2
25.64
19.34
33.22
56.25
56.82
58.12
16.84
64.67
40.13
58.64
60.26
40.72
17.55
44.87
31.7
25.34
24.13
42.96
20.22
56.08
26.36
42.46
21.27
57.98
49.6
25.33
50.79
19.15
53.61
39.52
21.01
42.52
25.04
48.64
50.43
53.04
59.74
47.75
39.59
57.71
59.99
54.09
62.12
63.97
27.57
24.18
37.43
64.85
19.42
50.6
57.54
64.82
45.99
34.0
23.32
64.09
61.21
55.23
62.19
18.04
46.57
28.74
53.28
19.79
27.94
57.51
52.47
64.6
47.2
30.15
42.39
62.2
47.59
59.07
16.14
33.48
61.77
16.96
40.96
32.33
47.31
23.11
47.67
64.59
28.56
38.07
16.48
36.7
35.3
43.24
27.84
31.43
45.49
60.42
26.76
48.87
41.19
20.23
43.27
50.44
44.91
20.22
57.73
17.05
26.8
45.79
25.9
20.09
40.6
51.12
35.54
49.92
58.03
62.94
26.66
45.27
28.34
58.55
59.51
31.11
47.27
59.38
40.42
51.02
55.04
58.59
40.76
62.09
46.45
22.59
45.62
29.92
33.6
55.44
63.67
58.49
31.29
37.68
64.17
61.18
63.85
36.65
55.03
58.56
17.21
28.3
59.17
34.44
28.93
28.63
33.77
27.2
15.17
23.63
59.13
18.78
35.65
37.82
53.91
27.63
30.48
15.71
60.14
49.28
28.14
59.38
19.33
33.42
43.18
40.28
47.75
29.88
52.89
35.27
21.26
52.02
60.6
33.22
44.48
49.39
56.58
24.9
43.5
52.02
24.96
38.62
38.22
56.97
53.87
26.6
26.65
51.17
51.98
23.94
35.56
56.29
18.97
33.69
47.23
53.55
47.63
34.88
64.6
17.08
39.74
40.5
26.99
42.94
26.0
37.17
36.58
53.66
62.13
25.14
64.58
62.02
20.63
60.62
43.23
58.95
62.28
57.95
35.14
46.84
38.24
33.32
27.54
37.08
55.3
57.2
62.9
29.53
47.52
49.69
24.57
33.34
32.11
64.3
62.92
56.09
38.64
28.2
60.8
28.4
41.1
27.25
63.56
17.09
23.72
53.25
22.57
63.97
31.07
60.93
48.11
46.71
60.77
40.66
35.04
25.88
22.23
54.59
21.4
34.7
35.46
48.22
28.93
56.91
25.37
54.46
57.49
24.66
55.47
50.69
58.72
40.5
26.69
60.6
54.5
16.05
61.97
62.43
32.77
15.5
42.63
60.68
21.22
44.53
51.59
21.73
40.66
19.44
42.91
37.11
28.23
57.65
34.09
49.99
54.53
23.93
20.96
15.39
30.29
55.8
53.64
58.59
53.03
16.2
34.28
15.3
16.8
38.93
33.0
42.93
18.31
44.42
18.25
36.18
32.62
26.2
30.6
15.03
31.2
18.92
61.07
18.72
62.66
39.57
40.66
54.41
49.77
26.85
16.27
53.92
21.49
44.92
62.13
42.47
29.28
23.94
16.35
46.16
42.9
38.09
24.69
26.83
62.93
16.02
33.17
16.94
24.58
61.66
22.48
45.04
32.35
46.65
57.61
29.33
18.93
25.21
36.95
40.75
62.09
15.81
52.88
18.63
18.9
47.71
60.45
29.38
28.47
45.89
53.81
58.45
27.49
52.01
30.36
42.24
24.54
22.3
61.77
42.36
15.23
54.67
49.54
31.29
38.2
37.49
28.74
64.03
42.19
59.86
44.27
49.51
16.48
40.59
51.06
21.09
48.92
19.21
55.35
63.89
46.34
18.85
44.34
52.04
61.65
17.27
53.75
21.63
54.53
59.44
58.06
47.64
40.04
58.73
40.95
24.51
62.14
33.66
46.22
24.96
20.53
42.55
42.73
33.49
30.59
33.71
54.76
32.89
61.07
20.65
61.58
49.48
32.22
15.34
55.12
63.47
64.12
36.17
18.53
30.69
30.49
20.12
41.24
45.23
51.44
17.55
28.77
32.76
59.61
60.07
28.0
39.37
36.24
41.34
29.31
38.15
22.27
50.48
33.49
42.12
45.23
56.83
19.09
39.14
59.7
31.49
37.23
19.25
52.53
19.25
46.55
33.71
31.91
44.28
43.38
35.27
28.92
40.41
28.36
20.13
54.96
50.12
19.22
23.13
20.01
54.54
53.64
35.4
56.07
63.7
63.52
64.04
57.32
25.85
17.87
55.58
30.43
31.89
18.65
50.74
36.54
25.21
47.62
63.99
39.92
45.32
23.14
23.05
37.91
57.24
60.46
47.09
33.03
52.5
29.6
25.98
54.77
52.57
59.11
43.82
59.84
16.32
27.69
55.22
36.18
26.97
54.81
56.11
37.81
38.33
54.05
53.57
58.33
47.28
24.29
42.49
34.12
16.35
24.83
25.28
19.12
37.67
40.4
32.0
35.62
42.47
21.02
43.11
50.5
58.74
30.08
52.37
45.3
40.14
60.98
46.0
33.3
50.65
62.99
60.91
64.01
19.75
37.17
36.63
34.19
23.92
56.61
48.65
45.3
37.34
34.43
54.32
41.34
45.38
20.0
38.57
21.52
17.69
49.46
28.74
63.25
45.27
47.26
24.84
21.44
41.27
61.28
17.79
40.41
24.94
54.1
49.1
19.86
45.82
64.18
41.41
29.27
22.61
64.48
43.19
33.73
25.72
62.51
46.35
17.88
17.97
61.97
50.5
20.17
46.19
35.97
54.44
28.69
34.14
23.37
27.62
24.46
16.22
17.31
56.78
55.19
22.04
48.39
52.28
17.56
19.43
43.15
33.71
49.97
42.88
16.55
49.18
25.2
30.63
51.82
53.56
32.29
19.46
53.48
58.51
63.22
30.89
21.19
61.88
34.99
19.68
39.94
24.53
32.76
31.02
64.36
46.98
39.59
40.69
45.2
58.64
22.3
44.98
31.11
43.57
40.89
16.5
44.12
50.46
27.3
20.34
25.58
46.82
38.44
58.27
29.25
33.25
41.4
38.0
42.39
30.6
23.33
55.17
16.96
33.49
19.37
51.82
33.28
16.5
18.79
24.93
54.35
54.96
64.83
27.05
18.02
29.16
23.94
50.52
63.46
28.65
31.43
32.56
57.85
43.9
63.7
46.36
50.29
19.46
62.58
46.4
41.01
34.37
18.85
21.67
15.58
64.93
54.31
54.87
51.5
39.21
19.41
18.61
60.82
15.02
49.96
46.43
40.06
63.75
24.91
54.26
48.74
63.72
61.7
21.43
30.39
57.54
26.43
33.93
46.3
43.15
47.03
50.67
51.44
51.88
64.58
32.83
17.21
32.44
60.58
19.17
47.35
36.16
61.08
61.43
54.26
19.93
16.24
21.83
31.09
27.07
33.49
22.15
52.63
57.26
39.4
62.83
21.02
20.29
25.02
64.1
35.82
61.21
25.1
57.31
30.5
51.72
63.72
61.65
56.57
17.51
45.39
56.77
34.97
51.56
21.91
23.84
47.19
36.86
25.91
29.14
45.95
51.27
25.38
62.76
15.41
50.0
29.55
38.93
43.49
43.08
53.81
56.19
18.67
50.15
34.95
55.93
45.44
15.51
48.32
61.29
19.15
39.71
46.29
24.79
47.53
17.49
60.28
53.13
62.05
35.92
16.71
32.08
40.79
61.79
59.15
44.7
51.49
62.69
57.53
47.94
42.0
38.8
52.83
55.44
25.88
38.7
53.56
48.79
44.58
31.19
45.46
45.61
36.62
63.01
47.66
57.53
21.45
52.84
45.09
30.41
21.82
33.98
37.07
22.04
48.51
30.36
55.3
47.42
30.53
33.0
62.11
62.41
35.92
48.96
64.0
64.7
18.61
42.67
51.33
24.34
56.1
38.42
39.89
28.72
30.01
19.21
61.58
34.09
23.11
22.12
35.37
46.61
53.89
61.23
46.79
36.03
36.1
43.72
41.9
47.04
40.17
17.95
40.04
16.13
24.03
34.37
42.57
24.24
28.82
33.71
24.86
64.94
55.24
55.55
43.44
63.07
51.61
31.54
45.53
42.19
44.01
55.89
40.48
51.43
27.53
61.6
19.32
64.68
46.63
38.5
30.54
35.26
54.12
21.97
27.63
21.19
36.33
34.36
47.44
64.79
59.62
59.02
47.29
28.53
34.2
27.51
21.75
36.8
59.88
52.19
64.24
24.74
40.03
54.65
38.02
32.75
55.79
36.52
60.65
28.42
59.82
28.92
29.48
36.03
40.79
35.91
58.11
54.78
30.49
40.58
36.55
17.8
52.41
24.08
61.71
34.89
46.11
55.91
24.01
42.06
26.87
40.48
43.97
23.46
44.04
37.75
41.1
60.25
39.19
38.81
38.52
46.16
33.38
55.07
29.3
29.98
44.44
27.99
19.5
25.28
60.68
15.54
21.67
52.9
63.99
49.41
61.12
57.76
39.0
31.68
46.61
41.68
16.29
62.86
43.51
58.72
51.73
32.04
60.06
54.52
36.49
57.02
28.58
48.53
20.73
58.29
51.47
22.63
16.07
34.49
48.76
29.16
63.66
61.73
44.9
30.78
59.81
55.17
19.31
38.82
64.06
37.7
61.65
63.86
34.37
63.23
21.9
23.01
28.83
38.38
24.05
32.01
20.18
36.5
56.37
44.75
55.51
21.79
34.97
16.97
33.5
45.72
43.44
18.02
18.1
30.25
53.57
16.03
45.8
24.19
62.22
36.51
17.39
50.68
39.23
59.06
47.59
49.63
53.36
36.02
54.63
17.53
53.28
46.82
43.33
30.91
20.71
47.36
38.58
25.89
17.17
41.94
21.31
61.47
22.53
16.6
28.1
23.75
54.56
29.47
27.26
64.74
22.5
19.25
30.28
35.25
53.02
62.77
53.18
51.33
64.57
53.27
21.98
38.08
40.18
30.24
23.21
50.59
28.87
46.23
31.13
40.31
31.85
35.59
51.6
59.19
40.44
45.51
58.22
22.16
23.11
32.96
30.45
64.32
43.2
41.2
43.94
58.76
27.18
40.55
28.55
54.03
53.86
62.87
37.34
22.93
59.82
59.53
26.73
28.81
30.67
37.59
56.45
22.22
50.02
32.64
24.78
31.92
41.66
61.07
46.41
45.35
20.44
18.99
21.47
19.78
43.82
37.63
15.25
32.55
21.37
64.41
38.01
36.31
47.21
32.85
50.78
60.24
39.94
34.15
41.09
45.18
57.39
34.72
17.57
46.54
64.34
57.71
52.91
23.83
52.43
19.07
39.7
33.54
60.26
22.99
54.44
17.43
50.09
29.69
63.8
48.59
30.45
26.78
46.97
28.64
24.34
47.38
51.21
26.9
41.79
48.18
62.1
55.17
36.04
57.22
37.08
21.51
32.06
55.24
62.79
64.18
46.95
38.92
23.1
20.13
40.93
51.39
31.2
48.73
43.54
62.04
25.48
44.55
35.69
28.08
32.86
29.73
41.38
42.9
58.28
54.07
30.13
61.57
58.42
46.29
15.93
25.46
54.47
37.69
21.3
35.41
25.6
59.63
59.46
34.35
21.87
32.94
21.44
30.2
53.56
29.6
42.21
20.94
32.38
16.98
42.41
32.38
58.6
34.63
42.89
63.83
47.14
40.02
19.91
56.05
47.12
20.43
27.28
41.88
17.25
50.92
26.39
39.49
27.08
39.46
24.48
44.7
60.52
55.37
27.08
39.91
36.16
63.27
54.94
20.37
23.43
50.1
22.99
62.52
64.65
53.92
16.34
39.14
35.3
54.98
29.35
34.31
19.68
32.13
63.69
62.11
52.51
60.36
25.56
46.09
40.0
36.13
31.24
58.32
39.23
51.2
50.3
21.8
17.45
57.0
39.52
55.5
29.85
58.09
56.54
34.08
35.58
32.54
16.74
49.38
28.64
59.2
59.87
51.13
24.08
19.46
55.82
59.65
32.6
32.65
34.51
56.38
50.35
21.1
46.73
15.49
50.52
53.23
55.75
46.28
24.03
54.69
59.99
46.69
28.76
23.97
26.57
15.85
15.51
29.85
61.15
46.07
34.31
15.54
64.49
37.79
64.58
51.01
17.56
57.95
41.52
37.64
52.89
53.74
54.82
53.03
47.06
48.78
57.93
49.53
20.07
47.28
23.5
15.71
25.71
22.72
20.1
25.75
43.18
22.57
28.97
57.48
59.4
31.65
59.95
44.29
26.32
52.71
61.1
47.96
25.07
19.29
26.47
31.93
31.69
39.93
40.26
38.57
32.19
20.34
35.92
64.29
47.69
36.99
19.17
25.66
43.73
39.89
15.96
19.31
32.8
22.04
62.89
16.71
63.7
47.83
35.36
41.97
35.51
43.66
22.6
21.0
41.43
18.57
29.62
61.34
58.81
56.57
40.36
16.39
21.07
60.97
56.82
33.83
51.45
57.73
46.02
57.68
27.23
38.11
43.95
46.56
64.35
57.3
17.76
23.46
47.86
27.03
22.95
48.33
41.82
55.26
30.97
31.49
22.52
47.61
50.44
21.92
27.71
22.71
52.38
25.45
22.61
18.49
56.56
21.2
16.48
18.22
33.34
44.83
34.91
37.77
60.97
52.95
32.05
22.72
52.46
43.68
63.11
60.42
43.18
18.5
16.55
56.88
49.9
43.01
49.45
41.99
43.92
26.29
37.78
15.55
48.44
31.62
47.82
61.32
44.58
31.4
25.36
27.59
64.36
45.77
37.03
26.55
53.65
34.37
30.06
26.12
24.28
28.67
46.36
26.99
18.03
32.95
44.24
18.01
37.63
17.61
53.41
58.59
63.19
49.56
46.6
49.7
57.73
55.35
36.92
47.55
23.1
49.75
51.54
55.07
55.88
37.0
60.18
64.05
63.9
44.29
42.97
37.87
29.99
31.69
25.79
62.79
45.99
61.72
34.36
29.91
21.64
30.01
59.51
44.11
37.62
43.41
59.63
24.64
63.28
48.31
57.77
41.27
26.83
43.37
18.4
57.61
47.48
29.14
28.72
60.14
57.05
53.16
35.74
58.63
27.34
16.21
36.64
60.98
43.56
26.47
47.54
52.25
42.52
57.13
44.62
19.8
55.48
22.32
59.14
41.09
51.59
63.6
36.6
37.99
56.29
20.51
16.38
45.22
23.38
27.79
63.81
47.66
57.79
59.89
21.07
61.39
58.33
17.27
63.86
37.92
63.72
56.19
37.01
40.58
28.75
39.35
20.37
60.43
50.66
55.26
41.56
21.28
41.86
31.46
15.51
45.75
57.68
50.53
26.18
55.96
30.47
25.92
63.06
15.83
23.38
38.35
23.35
23.34
46.72
55.95
48.08
20.07
59.77
61.14
29.05
42.66
39.26
48.41
63.9
64.32
40.46
19.6
31.72
35.68
41.73
63.02
28.12
41.83
29.55
60.97
64.5
58.54
31.94
28.89
36.56
52.38
15.47
64.76
59.17
16.19
34.11
49.39
27.07
22.14
46.47
60.18
62.78
15.51
58.72
43.04
26.89
45.85
64.79
28.81
28.84
49.95
17.16
56.03
47.63
57.06
26.54
57.36
37.43
21.64
60.07
50.25
23.41
27.33
28.44
63.17
59.31
32.32
38.33
29.26
52.13
23.06
31.93
45.31
58.87
46.78
61.99
61.54
50.91
28.94
49.15
24.64
31.66
52.89
57.53
35.84
41.17
34.31
38.97
40.62
49.59
52.53
63.75
36.88
19.16
49.41
39.91
57.05
22.33
47.25
37.96
35.97
43.24
49.21
57.55
26.76
29.65
42.43
32.33
43.42
25.01
30.38
31.24
64.62
57.72
56.89
40.68
38.34
18.51
24.87
59.77
41.28
64.37
44.59
33.87
28.71
60.92
33.54
22.31
28.91
47.28
21.65
19.58
37.88
19.18
34.65
31.14
34.57
39.39
24.27
37.12
33.08
54.77
49.73
58.63
48.45
21.05
40.35
52.12
57.08
24.06
26.18
58.11
39.27
37.62
39.71
23.67
46.38
55.4
56.85
16.52
50.76
19.56
63.34
39.11
53.77
46.09
62.6
63.68
28.94
39.14
40.21
23.88
60.2
32.48
19.37
22.73
40.67
59.08
46.41
25.74
29.84
63.8
17.64
64.72
60.29
48.92
62.16
22.62
62.13
25.63
42.31
39.44
40.62
28.37
54.03
52.13
62.7
40.35
42.4
60.17
60.97
47.48
56.02
40.26
34.41
58.2
53.86
27.12
17.38
43.28
57.08
27.36
53.37
35.7
31.79
23.64
61.71
26.28
28.96
31.57
29.23
23.15
32.72
38.59
42.59
22.82
53.97
30.58
60.9
31.48
58.14
32.63
40.29
33.62
34.35
45.93
49.65
58.52
43.45
25.84
64.48
49.19
33.74
63.41
62.92
18.98
15.99
17.22
49.27
50.54
51.2
46.51
29.27
23.36
61.39
60.66
27.12
23.4
33.77
17.42
23.11
34.01
26.94
51.84
60.25
60.46
45.21
50.17
39.7
22.33
46.75
32.5
15.29
43.75
24.92
59.33
61.7
23.11
16.47
15.2
60.65
22.6
36.77
17.86
33.67
54.27
35.33
53.78
49.44
40.87
51.89
58.96
54.65
49.59
50.09
23.05
62.53
25.28
32.45
40.9
21.31
44.68
24.13
61.17
59.43
42.22
37.47
20.13
56.17
33.97
27.32
64.76
48.41
18.69
55.06
52.52
35.06
21.18
39.87
53.17
18.8
23.17
45.95
42.98
60.25
55.74
60.94
38.3
54.39
17.44
29.72
47.21
53.18
43.52
39.04
26.66
23.71
58.77
22.11
36.76
59.42
22.39
21.38
49.63
31.58
36.79
46.28
33.95
54.99
63.45
61.65
42.27
32.74
36.69
31.51
37.09
15.65
17.76
53.57
31.74
54.72
39.0
55.3
48.18
25.05
37.39
50.22
31.53
24.67
41.99
28.68
44.72
28.59
60.33
32.2
60.37
28.97
45.22
21.51
53.92
25.01
58.2
37.62
19.73
33.18
53.99
18.81
46.29
40.36
30.49
52.78
17.62
39.88
40.34
19.32
21.8
35.48
41.83
17.66
15.59
24.63
39.39
17.01
51.66
22.6
53.63
25.24
32.33
38.95
32.36
16.18
60.43
29.32
21.8
21.63
63.73
21.15
32.33
18.38
51.77
44.84
41.68
57.79
43.67
62.78
46.14
32.72
16.84
51.26
33.68
44.96
58.82
15.38
52.98
36.76
21.2
44.12
41.63
57.12
41.08
56.37
42.22
37.35
33.56
23.68
44.2
42.21
63.79
35.62
36.08
23.19
44.88
57.39
27.4
15.45
49.57
16.57
35.46
45.64
34.3
28.03
54.96
30.05
24.0
34.42
21.58
49.52
50.5
15.74
49.74
29.95
47.81
50.32
28.89
24.27
56.32
51.96
56.86
36.79
37.82
32.21
39.95
47.33
55.73
24.16
35.27
38.06
39.4
42.1
55.09
59.31
22.96
50.63
38.96
35.89
20.67
18.21
63.89
47.12
37.62
53.09
19.56
45.37
48.03
37.6
27.63
62.73
30.06
21.24
46.52
43.72
52.74
52.69
46.01
25.38
59.36
27.41
19.7
30.07
39.16
25.36
31.68
40.68
31.15
19.47
24.86
54.71
62.72
22.42
49.05
60.28
29.96
56.47
60.25
29.97
17.84
60.84
31.52
15.69
38.75
20.79
60.09
22.75
30.22
54.52
55.32
60.06
39.87
64.34
40.81
54.54
33.1
62.06
49.25
18.85
20.43
59.54
55.48
31.5
41.08
57.64
20.17
21.91
50.78
19.11
32.63
27.59
53.01
15.12
20.77
19.95
30.9
26.62
26.41
33.52
25.7
20.31
44.16
62.59
45.36
52.85
63.61
22.66
37.99
44.09
31.11
45.66
46.19
57.11
56.63
22.13
23.44
26.12
28.06
43.22
31.37
62.65
20.92
27.32
58.42
44.22
42.37
44.72
27.61
53.07
39.83
17.13
23.86
55.83
32.25
53.67
48.17
30.07
21.35
55.35
47.15
30.04
41.16
45.6
15.11
48.53
47.8
19.13
54.39
56.25
29.51
23.11
49.32
21.17
57.9
39.01
60.49
47.11
29.25
38.4
41.47
55.76
58.09
49.15
29.71
41.43
21.53
26.51
30.15
18.64
59.25
21.13
49.84
40.28
56.59
52.05
52.99
35.92
56.7
19.74
37.22
64.73
62.41
19.11
43.65
30.78
51.42
51.79
15.0
57.29
26.18
63.3
60.27
24.53
46.82
29.82
20.15
58.7
24.04
36.05
61.21
18.77
42.53
43.61
53.15
56.36
36.21
52.18
60.52
59.31
40.09
45.35
48.64
55.96
40.39
20.6
34.27
51.01
46.19
52.67
40.0
23.72
20.76
39.06
25.29
64.11
24.94
43.34
15.09
27.68
27.96
51.9
39.78
15.6
33.96
47.24
46.84
17.69
61.45
27.35
59.58
25.67
43.39
35.3
44.07
39.89
15.1
32.57
15.56
49.17
57.67
34.24
41.24
18.29
34.26
21.94
18.24
23.6
58.54
64.11
58.96
63.48
51.54
22.99
43.16
51.58
40.67
42.73
44.31
38.34
29.53
46.85
17.68
23.55
61.26
39.44
56.08
51.33
31.04
55.18
19.57
58.75
49.03
61.35
59.78
34.01
57.84
43.15
22.86
56.48
60.4
19.23
61.53
45.06
16.29
42.09
54.84
41.66
50.36
58.98
58.49
23.94
36.36
20.56
44.75
62.74
24.09
35.18
62.7
52.51
18.56
36.42
64.39
37.66
46.47
50.05
48.2
40.94
21.64
50.42
61.67
62.08
44.67
39.61
31.7
20.18
59.16
21.85
29.4
52.02
50.24
49.05
52.09
42.1
22.75
64.92
59.61
36.56
41.52
34.68
46.9
51.56
26.58
36.64
47.01
64.4
31.24
52.25
32.33
19.62
53.51
47.47
40.72
48.75
58.97
52.83
57.89
29.5
55.02
33.0
16.03
17.16
51.52
28.6
30.38
46.13
52.08
42.94
50.32
62.05
57.71
27.04
60.34
29.86
48.03
58.74
46.17
55.31
61.37
63.35
35.53
64.64
28.58
38.11
53.04
63.51
17.65
62.28
64.93
60.48
20.42
57.04
46.99
15.48
64.22
22.53
34.84
16.51
30.48
43.42
61.54
64.52
36.17
36.41
23.02
39.92
62.0
23.27
28.32
59.57
46.32
31.53
55.64
20.45
57.92
40.9
52.85
40.92
27.31
47.04
22.74
26.49
42.47
34.5
52.26
44.18
34.07
31.34
60.66
17.0
49.55
34.59
33.87
47.59
57.52
51.22
48.51
39.81
38.46
38.04
22.27
42.98
30.77
45.91
41.72
62.0
36.75
48.22
44.64
49.22
28.35
27.86
42.98
57.45
51.0
39.45
27.75
52.97
61.31
25.65
54.95
23.62
60.04
47.1
24.05
16.81
49.73
45.31
45.57
39.11
45.72
58.66
62.6
32.23
39.39
28.65
35.58
54.79
36.25
34.58
57.51
15.06
57.61
24.07
28.73
33.08
59.03
60.43
48.06
36.97
40.81
44.02
62.7
63.46
57.37
44.19
34.54
26.51
41.72
32.28
18.64
38.81
43.55
45.57
18.69
39.16
47.8
63.05
16.25
48.81
18.12
22.94
23.67
31.44
56.56
57.81
33.75
36.57
25.85
36.63
28.74
23.74
22.92
53.78
20.85
45.8
23.37
56.89
28.72
17.24
37.6
64.99
55.66
43.51
24.47
20.88
56.93
54.39
38.11
36.07
52.43
41.8
35.21
27.59
21.13
44.74
56.3
52.31
49.82
61.44
34.73
21.86
20.1
62.75
44.45
55.54
41.78
34.92
25.01
57.82
18.18
60.01
25.25
15.48
20.19
59.18
18.69
32.76
27.52
16.84
41.57
64.92
57.65
23.44
59.22
37.59
28.66
47.02
25.83
58.98
46.21
21.8
43.53
40.52
38.57
33.25
38.71
44.3
51.68
60.89
17.22
43.47
52.6
20.78
60.57
27.25
56.67
48.1
42.98
58.46
63.46
64.86
49.16
31.96
58.73
47.72
31.17
61.62
52.38
37.64
37.72
64.8
33.69
19.7
41.93
59.24
44.23
54.65
17.74
48.67
18.96
42.82
39.89
62.28
21.62
15.47
21.87
23.54
27.55
55.75
33.84
57.04
28.6
58.03
15.4
61.73
52.3
35.64
43.87
61.65
44.13
26.43
43.64
58.57
64.37
44.2
22.78
53.59
64.85
38.68
34.19
42.63
23.24
63.56
56.92
20.65
62.25
62.14
30.82
45.96
20.54
19.21
40.09
17.48
58.74
61.4
18.37
17.36
26.07
61.5
53.45
48.82
53.82
24.97
27.83
30.88
45.25
45.41
25.43
36.84
49.5
30.48
18.77
24.87
23.24
46.6
18.43
59.24
19.22
44.9
61.48
18.12
34.16
31.4
32.21
45.02
28.11
16.37
63.11
52.44
21.76
37.76
18.14
16.39
17.38
52.79
37.25
57.22
30.26
53.77
18.9
46.76
33.03
28.84
55.76
17.6
62.48
54.28
32.78
64.57
25.12
35.12
59.24
64.84
26.96
52.16
30.29
53.32
21.26
31.81
18.75
39.59
50.08
33.93
45.74
43.45
29.73
39.34
18.45
38.0
37.91
16.44
40.69
51.88
37.61
47.3
41.62
54.26
40.72
31.58
56.38
18.38
29.47
44.57
57.8
18.61
19.8
29.12
32.23
57.18
62.95
15.86
15.77
58.24
21.78
31.97
28.76
29.09
31.43
31.8
46.01
46.44
41.14
57.93
57.28
25.86
42.18
54.19
58.34
27.76
39.71
41.25
49.98
31.51
29.67
50.28
34.97
15.2
61.89
22.48
22.43
55.92
31.78
31.41
46.12
17.95
26.85
17.66
29.58
58.5
60.47
30.47
24.38
21.76
34.72
56.32
57.63
17.3
25.46
25.16
56.42
37.81
33.42
62.83
61.27
37.01
21.42
23.55
20.6
49.03
42.73
42.83
19.92
54.66
41.78
19.55
52.36
64.06
37.06
20.78
20.07
16.29
53.52
49.7
44.21
53.28
64.96
35.09
50.29
33.86
32.6
57.55
43.74
21.03
35.18
54.83
62.0
45.72
34.71
27.6
36.1
43.28
15.22
28.43
48.58
48.66
47.65
62.5
43.43
28.49
55.58
34.47
26.96
42.84
29.45
34.81
49.66
64.8
47.24
28.82
19.52
33.1
15.97
38.24
48.0
40.59
58.26
39.7
38.12
30.48
56.88
60.18
63.9
64.06
64.02
50.6
43.13
23.62
53.35
51.74
57.12
38.12
59.62
50.93
23.56
25.35
55.71
36.28
27.45
36.13
23.07
59.59
18.58
32.66
42.85
58.68
54.08
16.12
56.26
46.91
21.67
45.87
55.89
45.11
64.96
40.35
48.66
18.52
55.66
46.21
43.06
50.44
43.03
53.32
44.18
41.0
21.75
38.59
41.91
46.23
37.79
22.33
22.52
51.05
48.07
27.97
37.29
30.35
24.05
31.31
28.13
19.12
40.22
37.54
50.73
46.02
32.17
39.82
41.8
60.88
64.08
55.78
43.11
61.41
23.91
49.82
38.02
22.24
18.76
39.04
26.95
27.53
31.01
50.92
23.2
50.88
54.14
44.72
27.38
17.58
35.4
57.37
20.09
52.24
38.39
59.94
32.81
50.24
52.01
24.94
22.91
19.64
50.08
42.41
19.34
30.42
22.12
19.63
29.94
19.81
28.01
42.64
43.05
23.4
24.55
57.75
23.35
17.29
27.24
43.82
15.36
64.25
26.52
26.91
51.93
27.41
34.81
42.2
16.09
56.86
40.6
30.65
34.99
17.79
50.9
41.98
60.7
38.21
56.42
24.42
17.83
62.42
27.85
56.68
27.87
22.79
51.63
53.92
57.18
58.24
39.16
35.01
52.55
43.47
63.26
33.79
17.14
44.47
32.67
32.13
43.23
61.09
28.35
33.98
59.56
59.76
26.73
50.32
35.78
61.8
51.61
39.72
55.87
64.89
37.35
33.68
45.35
49.15
50.22
38.68
31.61
56.1
62.91
58.2
49.12
33.01
46.12
20.06
41.7
54.06
27.55
40.08
18.66
56.92
32.51
44.11
33.93
44.88
52.21
31.34
40.96
54.74
49.39
17.85
43.44
33.82
50.44
15.83
31.53
19.32
61.02
58.82
63.4
47.17
55.35
45.59
39.6
56.69
53.81
51.66
59.7
61.44
37.26
29.14
40.59
19.65
61.91
64.19
47.64
52.31
31.18
58.31
60.02
18.85
21.57
28.04
50.18
24.17
26.0
34.09
45.58
63.82
54.19
42.92
17.47
40.84
25.2
30.0
27.54
32.37
18.11
43.84
17.29
48.03
51.54
39.3
54.06
63.37
32.0
45.95
31.19
37.17
16.04
18.72
54.88
22.0
49.96
50.44
64.81
49.78
21.44
46.33
41.21
60.87
49.51
40.92
46.21
37.17
40.42
51.12
18.92
45.77
19.41
57.75
62.12
54.01
50.9
62.19
25.93
26.44
39.05
15.37
63.25
16.61
44.81
32.7
20.15
16.23
28.12
20.33
62.02
27.24
19.71
53.48
35.71
57.18
56.92
64.62
55.19
25.71
44.32
41.31
40.41
29.84
25.51
50.84
20.09
17.48
34.06
52.2
58.43
42.01
57.0
16.26
37.77
21.67
44.14
61.05
15.36
48.41
54.62
52.22
15.99
23.69
19.72
19.27
51.51
36.24
51.24
33.04
20.85
50.92
46.3
20.65
61.22
30.45
47.74
16.6
37.15
63.22
59.33
26.07
58.96
29.65
57.61
51.46
32.6
60.54
39.26
30.88
28.98
61.95
52.93
32.49
27.71
25.58
27.22
20.55
39.24
17.05
15.58
45.9
19.42
57.26
20.34
42.13
48.78
26.46
59.41
39.07
30.77
60.06
57.92
50.48
29.52
34.51
49.49
24.26
39.76
51.89
47.89
51.0
59.6
63.41
37.92
18.0
56.72
20.9
25.97
47.66
52.29
49.73
36.92
60.9
56.61
48.18
37.05
38.19
23.8
53.99
58.3
56.36
42.35
56.9
54.52
56.62
64.1
55.5
28.53
56.04
33.78
40.81
54.82
30.84
16.3
50.91
60.11
61.39
54.95
61.76
56.03
16.5
32.48
31.81
25.96
54.9
41.0
56.81
45.07
44.53
34.21
54.48
49.15
31.94
64.68
38.14
30.83
49.39
26.14
56.53
49.02
58.5
31.45
57.72
40.05
17.96
24.71
25.88
53.4
25.16
43.1
47.63
53.69
54.19
50.88
25.66
42.17
29.51
53.75
52.4
26.48
47.07
17.92
53.43
54.01
32.35
55.31
57.91
24.5
32.54
28.05
33.72
37.35
40.5
16.76
17.76
47.76
37.14
19.49
34.31
38.77
46.78
20.92
64.74
38.74
49.04
60.41
16.59
45.07
42.02
17.87
49.65
26.04
50.09
33.13
53.51
62.09
58.03
39.13
26.26
64.62
47.97
34.8
39.08
21.4
40.26
23.66
33.29
39.59
62.39
46.23
33.59
20.65
52.36
38.34
18.41
47.84
32.51
35.19
56.94
21.87
32.02
33.18
15.17
57.27
56.77
48.09
59.95
28.64
26.03
18.43
44.6
39.82
55.52
39.06
25.16
55.48
37.77
62.79
41.72
20.84
57.55
58.92
37.27
16.3
16.49
32.56
50.81
31.55
15.39
57.43
63.44
32.32
18.65
29.57
54.95
42.11
34.2
31.71
20.77
31.98
38.51
48.66
28.1
59.87
39.24
35.26
44.7
23.38
20.33
32.33
17.0
33.88
48.57
55.61
43.99
49.57
56.66
53.66
31.0
43.67
28.24
43.82
36.3
33.64
24.18
43.09
51.47
43.56
18.46
61.22
15.27
59.25
53.3
19.83
26.83
32.45
60.52
64.0
19.36
34.85
22.46
28.92
64.05
64.22
38.61
24.16
42.35
31.03
61.44
55.91
30.44
15.92
64.9
49.17
36.29
29.42
15.22
22.7
15.29
44.88
48.17
53.34
24.35
19.8
47.52
39.99
58.78
41.66
37.24
39.4
54.12
15.92
60.91
50.71
59.26
62.98
26.3
43.92
39.3
41.88
17.36
60.7
62.73
49.26
27.91
54.36
51.54
43.73
23.51
25.06
44.47
21.44
51.2
25.63
60.52
59.99
29.68
19.17
45.57
37.42
22.19
41.57
64.64
18.45
28.19
41.93
54.67
15.94
51.64
21.99
56.53
49.61
37.83
56.08
51.65
52.96
29.5
45.97
22.06
56.04
41.34
56.24
25.56
21.52
49.45
17.92
27.2
60.44
21.64
33.78
62.28
16.0
37.27
54.32
60.45
51.78
59.42
16.72
19.99
51.89
52.67
45.26
51.51
57.9
42.27
62.37
49.71
38.6
36.08
52.51
46.52
55.87
54.05
41.21
62.29
50.21
25.04
45.92
25.09
42.94
54.5
55.63
47.54
54.17
38.61
42.53
58.98
39.65
32.55
54.85
17.52
62.92
32.0
46.48
49.27
21.85
56.14
43.61
31.4
57.53
46.25
54.29
64.62
21.51
52.48
52.88
58.73
35.4
58.48
46.99
18.44
16.58
39.07
54.29
34.21
57.59
39.61
16.31
63.68
39.48
47.51
24.96
29.87
39.21
57.81
20.1
54.02
43.97
39.98
58.83
20.91
64.54
57.73
31.29
37.58
16.25
41.38
42.39
61.33
34.4
43.53
52.03
45.43
22.81
23.59
21.92
25.89
31.42
51.98
18.05
56.02
28.12
45.67
42.64
22.7
29.36
29.8
46.19
54.43
64.81
19.79
61.93
43.08
32.84
29.23
25.45
42.85
62.3
24.11
36.81
25.19
23.78
58.34
28.1
27.4
60.49
34.3
15.44
51.06
40.85
53.71
43.51
32.56
18.33
58.3
25.35
63.57
27.29
56.35
54.44
38.14
35.09
50.16
41.43
46.6
38.51
42.86
24.46
17.77
32.8
38.29
60.3
35.7
36.7
48.74
25.34
58.58
36.38
61.54
28.56
38.28
53.91
42.8
48.06
29.03
31.42
40.38
25.12
21.32
57.19
53.74
61.6
44.33
36.01
20.15
57.52
37.81
43.06
30.68
41.19
54.09
50.61
64.45
39.78
41.48
17.64
34.47
61.11
32.52
53.31
63.88
21.34
31.7
38.72
26.87
15.62
38.43
41.83
46.27
56.36
27.65
18.05
19.49
39.87
61.11
64.11
25.25
22.6
32.67
38.19
55.4
53.73
61.13
57.91
36.94
15.95
26.83
45.5
40.07
27.01
21.58
25.8
27.99
58.36
50.51
42.62
16.05
56.06
42.62
46.37
18.28
55.74
56.6
59.17
41.4
34.7
18.65
24.69
26.28
18.13
22.72
59.34
42.27
53.22
28.75
21.73
33.66
54.65
29.87
25.23
16.12
46.2
36.79
27.94
40.99
50.03
27.37
45.44
28.01
64.33
51.62
45.13
23.62
44.32
55.02
51.86
53.9
30.89
31.41
41.94
28.93
20.65
38.06
15.1
53.04
52.48
42.6
52.38
46.23
49.87
18.23
59.06
47.2
45.53
34.36
16.41
60.07
64.28
55.39
60.75
21.05
21.43
58.98
17.88
19.66
55.84
42.85
34.59
42.67
58.94
52.86
49.58
63.84
41.07
15.32
36.45
19.83
20.82
27.75
34.07
39.08
23.49
30.59
28.83
33.26
20.4
34.87
42.72
19.85
41.04
52.8
15.41
17.38
38.32
58.64
64.89
19.67
15.92
26.44
38.37
43.59
63.67
59.42
43.1
33.09
31.06
43.63
51.07
39.08
30.22
45.66
42.9
36.37
52.42
29.11
39.25
62.02
51.14
34.4
42.31
35.27
20.63
31.75
58.02
38.06
44.23
24.07
32.81
61.46
30.71
27.53
17.79
19.86
44.24
48.0
47.08
41.99
39.55
18.61
57.03
40.65
21.6
21.79
40.65
27.23
61.1
39.95
63.92
51.71
55.53
34.44
21.7
49.48
35.35
62.44
24.68
46.33
58.3
35.14
62.68
18.83
44.35
53.87
25.09
17.89
18.99
30.96
26.16
26.19
37.93
19.25
64.78
49.79
16.51
49.6
54.59
24.54
57.01
45.59
56.04
50.83
50.23
22.91
30.79
41.16
20.63
38.92
37.27
26.6
24.99
27.37
45.26
35.75
35.7
24.09
54.37
50.02
36.45
22.11
50.74
59.94
23.91
45.13
36.22
19.38
51.29
18.56
50.11
29.06
43.28
23.02
33.54
20.2
38.37
25.66
24.4
20.36
53.27
46.98
22.85
38.62
48.04
58.9
17.98
33.12
45.8
15.78
27.18
52.25
32.79
19.22
46.33
27.5
50.08
60.01
41.39
44.96
40.72
55.87
27.09
35.08
59.75
51.18
31.0
56.63
26.94
46.71
62.82
43.74
54.97
51.77
58.29
63.44
16.12
16.39
44.72
62.71
39.28
56.99
53.4
39.91
40.66
36.8
27.61
57.94
25.48
60.35
32.99
16.32
23.42
59.39
21.42
51.94
24.14
39.95
25.26
31.66
21.24
42.8
33.29
33.27
16.93
21.81
50.38
29.62
37.1
53.15
37.24
26.28
42.49
55.06
44.98
36.01
21.28
27.44
62.31
53.59
19.38
15.28
23.77
62.19
44.0
56.93
38.26
56.33
16.7
36.34
33.88
64.08
30.02
35.85
52.94
59.04
58.92
34.73
62.43
47.68
57.56
61.31
26.68
39.96
44.39
55.12
35.06
25.52
52.16
44.62
59.91
47.75
15.84
63.33
44.66
44.79
60.46
48.19
38.97
20.36
63.11
18.92
23.51
55.98
39.52
23.91
29.31
64.7
44.2
35.08
58.81
38.98
30.4
23.21
52.22
44.81
19.62
44.58
22.97
64.09
27.99
49.8
47.8
49.57
36.5
18.72
64.0
24.58
53.49
21.88
29.06
42.99
35.67
62.91
57.38
61.09
47.03
25.95
40.92
53.28
18.24
58.16
46.57
51.18
49.71
57.39
19.38
33.85
40.13
42.33
62.13
17.12
58.32
42.6
42.73
31.02
47.18
47.32
24.46
48.85
28.34
49.44
45.6
50.8
15.98
21.27
57.01
34.04
56.84
18.13
53.47
19.19
