15.96
12.6
15.63
5.49
7.44
11.25
13.82
17.7
2.16
10.21
10.32
16.4
5.01
3.71
9.2
13.34
17.52
10.72
13.33
5.73
12.5
5.12
9.42
1.79
6.5
14.29
2.15
6.41
3.9
11.67
13.64
2.87
9.89
12.58
17.83
4.7
2.25
5.38
10.53
11.76
7.44
8.38
10.31
3.64
17.35
12.44
9.86
13.44
2.68
14.37
4.28
2.36
16.04
12.94
1.65
16.84
17.97
11.52
3.49
9.77
12.52
4.15
7.58
2.85
10.87
6.84
7.0
8.82
5.3
11.49
12.42
5.27
14.1
1.91
12.76
8.39
11.57
7.77
7.42
3.44
13.12
6.1
8.32
13.89
4.91
8.66
6.43
13.16
17.36
17.16
9.45
3.87
17.42
16.15
3.69
5.65
2.89
17.25
2.2
7.7
15.25
10.23
9.78
7.51
1.15
3.54
10.82
14.64
12.0
13.92
4.51
10.56
7.31
6.68
8.22
15.81
16.05
14.4
7.39
1.41
7.24
15.03
2.67
12.36
15.6
8.95
1.72
9.55
12.77
12.16
9.7
11.25
5.7
4.61
16.07
5.91
12.77
4.13
8.31
3.41
6.01
4.05
17.25
1.27
6.91
11.7
15.93
17.94
11.35
16.61
17.12
10.13
2.97
9.53
9.23
10.32
6.99
12.37
8.9
10.71
6.13
8.48
13.13
2.82
14.62
8.19
17.58
10.03
1.97
9.69
10.0
12.33
3.8
9.1
7.58
16.6
6.03
1.31
9.45
17.37
11.92
11.21
15.15
3.64
7.01
4.54
7.53
1.96
7.98
3.51
11.55
9.17
12.35
8.51
11.65
2.7
3.8
17.45
15.28
10.5
17.98
1.61
17.62
2.02
11.92
10.92
15.88
10.93
4.75
4.66
13.48
15.18
9.26
14.71
3.66
10.04
9.12
15.1
16.62
2.93
10.91
8.07
9.11
15.18
12.4
9.64
10.55
15.53
15.23
6.82
2.93
3.66
6.48
17.41
16.85
16.32
10.58
9.46
5.23
12.54
15.97
15.29
13.93
5.15
10.79
4.82
14.67
16.68
16.94
16.64
5.84
4.57
2.4
13.74
17.36
3.02
9.12
5.64
13.4
15.7
6.96
12.63
7.77
17.13
1.04
14.06
1.73
13.32
17.15
16.05
3.02
2.24
16.62
5.67
3.99
4.97
10.11
2.16
1.45
10.97
8.42
16.29
10.5
10.89
16.62
2.61
8.79
7.84
14.28
8.14
9.23
9.01
14.46
12.43
8.26
2.22
15.18
17.88
13.64
8.36
7.69
11.16
4.63
3.66
2.91
17.47
12.22
10.44
16.01
6.59
9.67
3.39
11.31
16.27
13.7
10.74
9.85
11.23
11.69
11.41
8.94
11.64
9.86
8.18
9.87
14.95
16.43
11.86
15.65
1.08
16.99
1.14
16.9
4.05
2.58
16.05
1.28
15.06
4.44
7.79
1.14
17.52
8.53
8.37
1.39
4.16
4.32
1.19
3.9
16.98
10.91
1.3
4.66
8.04
3.92
3.67
17.3
17.87
11.6
15.73
8.4
1.1
10.92
3.82
10.8
16.16
13.75
5.39
14.76
13.09
16.9
11.56
17.67
9.97
9.93
1.32
16.92
8.33
15.76
7.56
16.77
17.14
1.36
13.05
1.55
2.67
1.69
1.52
7.99
8.69
8.97
3.65
5.55
13.81
6.95
5.43
6.75
16.21
16.15
8.44
15.59
7.24
2.33
8.71
16.39
2.16
5.22
1.85
13.92
14.79
16.18
2.38
12.09
9.96
5.4
12.53
1.29
3.14
16.52
11.86
2.84
12.17
5.36
6.73
2.86
13.36
5.92
3.64
17.62
3.87
11.61
3.2
17.27
8.79
11.3
1.94
17.07
12.28
3.4
9.95
15.18
13.73
16.58
17.13
1.55
11.87
1.97
1.09
2.38
17.85
1.02
12.21
11.42
14.42
12.41
16.99
15.52
5.78
15.91
5.75
12.21
5.17
16.95
12.99
9.15
14.65
1.46
11.81
1.53
4.88
6.31
13.76
16.61
7.27
11.51
14.22
15.38
17.37
14.3
1.55
2.73
15.18
5.75
2.4
17.28
7.46
7.23
2.96
15.03
8.68
6.14
15.07
15.51
13.14
8.23
6.09
9.75
10.49
10.64
13.71
2.02
12.02
15.77
3.23
10.42
12.7
17.33
2.64
13.36
10.91
6.81
1.86
6.6
15.05
11.79
4.88
17.88
13.68
4.21
14.28
15.13
15.8
13.57
2.37
14.83
16.77
9.49
13.94
9.57
11.89
12.0
8.7
7.03
8.41
10.88
9.96
11.91
1.79
8.82
2.2
13.84
5.55
6.88
12.12
6.89
13.41
15.65
11.83
3.66
8.64
13.45
5.63
17.13
17.04
6.75
11.44
7.6
13.34
14.48
3.83
9.85
6.88
16.73
4.35
17.09
8.13
15.85
8.89
11.44
17.8
13.44
4.31
5.48
8.87
10.96
2.04
1.74
8.78
9.9
2.36
9.08
14.27
10.33
9.12
2.21
17.67
10.2
8.64
2.25
13.52
5.69
2.36
13.24
9.17
1.96
15.44
8.61
3.45
6.76
1.49
17.66
13.75
1.83
5.09
9.1
13.19
11.8
8.5
10.29
1.73
17.98
15.74
6.49
2.83
11.69
16.58
12.64
2.16
7.45
13.22
5.12
11.93
10.93
2.64
13.53
8.44
3.73
16.76
13.67
13.3
8.6
11.95
11.89
3.33
15.96
14.89
3.33
6.49
2.17
6.87
13.41
1.06
9.62
15.74
6.29
13.31
1.93
10.47
15.91
7.93
11.59
11.78
13.44
4.88
13.71
5.04
11.16
3.72
13.52
5.88
12.07
3.65
4.93
14.89
2.58
2.66
14.16
3.1
16.21
3.37
12.59
11.17
13.37
12.82
7.22
17.08
9.64
17.52
7.48
9.96
10.93
10.58
12.25
5.87
2.1
4.37
10.52
15.58
9.08
6.46
13.43
7.72
14.97
1.2
2.97
2.74
1.59
3.86
17.78
9.19
8.18
16.47
14.51
5.63
14.67
2.41
13.17
1.31
4.57
16.09
7.35
8.99
12.0
12.8
3.47
16.77
10.66
11.18
11.89
15.5
4.58
16.49
14.27
4.81
14.58
9.57
10.78
17.87
1.22
16.92
13.33
6.92
13.4
4.45
9.73
14.87
4.56
10.53
1.72
15.22
6.96
6.57
5.36
13.22
3.96
1.58
5.73
12.27
1.85
8.26
14.71
8.26
10.39
8.27
3.96
17.5
4.24
11.55
5.63
15.0
14.5
8.75
4.22
1.82
9.1
3.79
17.14
3.32
5.01
14.06
8.33
7.08
7.17
10.0
10.1
6.51
12.8
5.87
5.08
15.74
2.9
17.49
10.62
16.77
17.69
8.08
4.28
16.93
15.45
4.07
3.58
17.84
10.83
8.71
11.61
15.19
1.25
2.72
12.62
12.54
17.75
1.46
2.35
9.16
12.19
5.39
5.36
1.66
1.79
2.53
2.18
15.96
7.92
13.9
3.16
1.19
17.97
14.55
15.15
11.24
4.36
1.4
13.7
14.79
9.18
11.57
17.64
6.74
15.45
15.84
2.42
9.08
10.85
3.46
7.99
8.7
5.72
2.53
6.92
11.39
7.32
5.0
4.37
7.93
17.46
11.72
2.79
3.35
11.12
5.22
15.16
2.18
5.02
11.79
12.16
13.13
15.74
17.47
4.42
5.4
7.7
7.51
7.01
2.06
15.67
12.28
14.38
18.0
9.32
3.26
15.16
13.62
14.06
3.74
13.83
11.07
1.86
5.97
4.75
5.95
4.4
7.76
4.69
7.73
1.28
13.51
6.9
5.89
15.6
13.73
15.67
15.84
13.4
1.98
2.63
2.25
5.21
15.69
1.65
1.96
3.0
10.83
6.43
16.99
3.3
14.68
11.96
12.1
6.98
1.08
7.23
11.22
13.53
10.4
17.68
10.97
2.41
15.54
12.1
9.79
14.25
12.73
17.13
8.89
13.08
8.81
5.73
6.43
11.06
4.07
9.59
12.79
10.12
10.56
4.61
12.18
11.16
10.07
12.83
12.92
12.76
3.39
11.01
12.88
11.34
4.28
1.41
11.34
4.75
15.07
16.9
15.25
3.9
14.91
4.03
6.07
15.08
3.47
4.19
15.37
17.78
11.81
11.5
10.19
5.16
1.64
8.66
15.4
16.11
9.59
16.97
10.59
13.91
8.51
2.4
15.24
17.03
13.3
7.95
15.63
11.73
1.05
16.9
8.87
3.96
4.11
6.8
1.72
6.19
2.55
4.43
1.31
12.58
10.79
2.57
14.18
12.7
3.62
1.7
3.3
2.99
11.38
1.87
6.29
7.1
2.46
6.84
10.63
6.48
16.82
5.86
12.07
10.16
7.38
17.47
15.6
4.41
17.53
1.32
1.18
2.62
7.05
7.2
1.95
13.63
6.45
17.12
17.97
12.73
2.96
9.79
14.34
16.61
8.25
1.0
7.92
10.74
2.89
11.98
10.57
9.12
10.22
1.51
13.8
12.88
4.41
2.3
7.67
13.88
7.72
13.28
14.2
1.78
7.72
17.8
1.45
16.21
2.99
11.38
17.15
11.47
4.23
4.53
1.51
7.05
10.94
14.78
10.91
16.51
12.75
10.4
4.5
14.35
6.15
6.45
2.8
1.86
8.74
3.09
6.76
15.24
6.6
11.55
15.47
3.54
17.09
10.52
13.51
15.59
14.24
5.1
5.27
4.03
4.32
14.68
10.53
3.19
6.25
2.31
15.07
11.46
3.8
15.23
16.25
12.99
9.46
14.13
7.52
8.6
8.3
17.58
6.62
9.44
16.07
2.45
5.92
13.77
13.55
10.47
12.81
5.82
12.02
1.81
17.76
11.88
4.05
13.26
11.87
17.39
5.91
1.96
4.12
8.12
5.04
13.64
1.81
3.19
6.25
10.52
5.96
10.55
6.3
13.92
13.61
14.43
17.26
15.04
15.09
7.48
6.29
4.77
8.54
7.4
4.76
1.03
8.75
17.67
13.41
16.97
9.51
17.77
4.39
10.4
5.43
4.89
16.91
10.8
2.42
7.25
15.25
2.59
1.37
15.38
12.59
2.19
4.12
2.21
2.18
16.3
13.81
9.72
6.42
11.39
5.85
3.42
9.28
15.37
12.64
14.34
4.04
17.35
2.28
9.68
7.33
11.07
16.99
2.88
3.25
6.69
11.9
3.49
3.22
14.46
14.51
12.57
7.98
10.75
11.46
12.54
4.97
9.77
17.97
3.99
2.32
2.18
12.34
14.85
5.03
1.58
13.15
13.7
5.48
1.25
14.59
7.14
9.84
16.3
4.5
3.21
10.89
12.32
7.69
1.54
2.52
5.55
4.75
6.35
10.16
1.95
4.85
14.6
3.86
6.09
8.77
3.76
13.9
1.48
8.28
10.29
3.11
12.69
2.65
10.46
16.25
3.81
10.71
15.01
4.66
1.32
1.36
5.16
13.17
6.77
9.15
1.98
15.99
7.97
14.4
1.28
12.9
9.52
5.42
13.17
9.34
11.22
13.49
2.52
12.72
8.27
16.82
15.94
13.79
13.46
16.04
14.53
17.36
15.68
6.6
12.86
15.72
14.77
11.59
9.56
2.42
6.45
11.29
10.83
13.74
15.89
10.55
11.93
8.24
2.0
6.56
10.17
9.38
10.57
11.63
2.17
1.21
4.87
10.15
6.78
10.89
11.85
3.97
10.98
17.93
17.36
7.01
4.46
16.41
13.78
5.03
6.64
8.33
7.64
11.45
13.3
16.29
4.0
7.22
13.75
12.83
16.28
13.06
2.96
13.24
1.51
10.55
12.39
15.03
11.21
11.8
3.59
2.06
2.73
4.91
8.6
7.68
6.12
16.1
2.5
3.45
8.39
3.2
3.64
17.44
9.4
2.78
1.88
13.49
7.54
5.84
12.69
12.88
7.13
17.16
7.8
7.45
14.22
14.87
5.88
12.71
11.87
1.57
4.32
2.71
16.05
17.25
15.02
6.29
15.62
1.99
12.65
3.11
1.21
3.98
17.38
13.82
9.81
16.93
8.07
1.68
11.11
15.08
5.86
6.39
12.42
14.68
8.38
2.51
13.69
8.25
16.47
5.3
8.88
13.04
5.17
4.86
13.39
4.06
3.03
5.4
14.95
15.69
2.77
2.86
15.23
17.08
9.16
15.43
16.12
7.13
9.58
10.71
14.17
8.81
9.63
2.27
1.92
13.57
9.2
2.52
5.09
12.51
9.58
14.5
7.69
2.96
5.55
2.87
9.17
9.06
2.26
4.26
17.49
17.72
6.82
3.46
4.2
2.38
2.45
4.28
9.0
13.12
3.69
8.09
2.45
11.57
8.32
14.59
15.99
5.14
7.82
9.45
17.94
16.57
17.49
8.89
17.99
1.55
17.45
4.27
17.64
8.73
10.85
16.43
17.73
3.92
11.35
12.78
13.04
4.57
2.19
7.4
14.8
17.5
8.56
16.54
13.28
3.01
6.87
13.65
8.6
12.15
13.91
17.68
16.61
6.85
14.65
7.33
11.99
2.05
14.33
17.85
10.16
16.85
15.84
1.2
2.52
8.42
5.5
7.84
9.68
9.12
3.76
3.52
8.03
12.75
11.05
2.46
5.81
8.05
6.65
8.6
8.46
15.16
15.18
16.98
9.9
5.7
12.76
13.99
6.93
15.02
12.8
17.49
6.87
16.68
6.91
15.73
6.57
16.45
1.29
7.89
1.85
7.93
8.17
16.43
14.6
5.53
15.2
4.09
12.77
5.72
17.44
16.87
6.13
1.5
12.0
3.77
3.0
16.42
10.58
16.88
5.5
6.65
16.93
8.57
4.98
8.06
6.97
14.39
7.99
2.31
11.3
16.11
16.52
9.2
1.22
11.21
8.95
17.01
16.06
16.29
14.31
5.25
10.8
15.38
14.37
15.0
9.12
5.52
2.07
5.73
1.33
6.55
17.19
5.55
16.82
17.54
2.75
14.8
17.13
4.57
7.55
15.25
3.39
10.52
5.1
14.01
11.52
11.5
16.58
12.43
3.5
3.96
5.67
1.65
7.21
7.51
13.06
6.58
15.56
7.53
17.99
9.08
16.09
4.75
1.06
9.72
9.75
17.23
4.32
4.35
8.13
9.8
11.91
6.01
5.5
15.29
9.42
16.84
12.62
2.06
2.82
15.78
4.58
3.86
16.09
17.23
12.09
2.73
1.38
11.18
2.0
10.32
7.83
1.56
17.22
1.15
7.02
14.7
17.57
1.77
17.16
6.72
3.69
15.0
11.92
2.69
11.51
14.88
10.33
6.82
4.63
13.76
7.79
15.14
13.99
13.79
14.5
10.45
14.25
15.94
6.12
5.28
8.8
10.4
1.48
4.09
1.38
10.55
14.11
15.05
10.49
1.7
11.04
7.79
15.43
7.91
13.21
4.31
16.7
6.02
1.1
2.39
4.9
3.81
4.24
10.85
9.05
13.11
14.44
9.78
11.08
14.19
2.53
8.38
9.98
11.16
10.22
6.96
5.89
8.49
2.13
9.01
17.42
1.92
3.6
11.72
13.03
9.08
16.59
9.19
2.86
9.14
9.75
8.29
16.55
9.15
12.77
9.65
13.35
2.85
17.06
11.4
6.23
4.97
13.54
5.54
8.63
11.48
15.58
15.1
12.34
5.5
3.75
10.27
15.99
7.94
13.53
15.14
5.46
17.39
5.34
11.02
12.36
10.4
11.57
4.59
3.45
1.26
11.35
16.71
12.57
12.07
10.05
11.51
13.29
3.57
13.42
3.64
6.0
6.77
5.86
9.92
10.44
14.93
10.81
17.94
12.81
13.4
17.96
4.98
11.99
16.1
17.45
8.59
8.33
2.61
16.37
16.92
16.04
4.83
6.13
17.12
11.44
11.75
8.09
11.46
3.73
17.14
17.07
15.57
5.35
15.89
12.9
5.19
15.2
2.55
13.19
17.96
8.33
11.57
4.68
8.93
2.84
12.82
14.14
11.0
13.6
12.73
16.69
9.14
10.15
7.33
7.0
14.9
16.79
6.27
8.13
6.99
15.53
17.11
16.33
1.22
3.94
16.22
9.93
7.42
7.92
15.01
14.81
15.08
15.41
2.18
13.86
11.39
5.31
11.07
12.63
10.71
6.99
5.16
2.47
1.97
6.99
5.02
9.41
10.58
7.45
7.46
13.72
1.1
17.96
8.5
10.98
5.14
4.57
12.44
17.54
16.44
16.84
9.64
7.1
14.02
10.22
14.82
12.88
7.18
2.16
6.01
15.12
8.84
14.96
12.86
6.25
8.5
12.17
15.91
1.67
17.87
7.93
3.21
6.63
14.53
10.76
2.88
7.6
1.94
2.13
4.75
6.97
12.78
1.29
6.36
7.08
6.26
3.42
15.63
6.46
15.36
4.23
13.29
4.41
6.82
12.52
10.32
5.53
15.98
9.03
14.4
15.66
8.65
6.66
10.41
2.4
12.62
13.82
2.8
6.04
14.04
6.38
11.44
11.22
5.41
14.02
9.4
3.04
2.73
16.6
7.5
10.42
11.89
13.31
8.03
9.3
13.42
12.19
11.5
7.59
17.42
4.14
2.98
5.86
5.28
17.33
1.14
15.96
7.91
10.65
12.79
1.76
9.8
1.67
2.67
11.67
5.67
3.42
1.84
14.67
11.76
1.55
11.77
2.75
6.57
12.22
5.84
13.89
9.82
5.24
10.46
1.58
8.46
6.53
8.12
11.39
8.2
10.42
2.89
6.27
8.19
1.91
17.12
16.4
6.67
11.66
9.05
10.56
3.07
10.22
5.31
11.39
14.05
16.33
1.57
9.9
7.94
4.82
5.49
15.0
13.54
16.35
14.34
1.97
2.9
12.55
12.2
16.17
9.96
10.79
9.88
12.55
7.72
11.43
9.34
17.08
8.13
3.18
14.98
9.57
3.73
16.77
3.07
2.16
5.55
12.13
2.9
17.45
10.1
10.75
17.16
8.95
12.83
1.61
1.63
13.63
16.94
13.3
3.63
15.07
11.06
2.11
7.57
14.17
4.51
15.0
10.77
8.66
1.04
5.41
14.92
2.82
9.65
1.53
5.41
3.81
8.09
11.12
8.46
14.95
3.89
11.53
15.6
11.21
8.65
13.52
2.57
17.41
6.75
4.41
17.3
1.09
14.39
8.13
14.79
15.61
6.36
16.12
17.83
17.13
9.98
4.4
14.73
17.01
17.35
15.83
4.65
11.98
16.68
9.28
14.88
2.78
14.12
2.1
10.38
8.28
4.12
8.43
13.24
13.95
16.67
12.86
17.94
5.87
3.63
2.66
10.94
6.89
4.46
4.62
6.9
12.67
11.23
14.47
6.41
13.14
15.79
15.25
12.2
15.44
2.5
9.11
5.77
9.31
3.15
2.88
2.87
2.56
9.29
3.03
15.27
5.88
17.29
10.64
11.77
11.58
6.67
15.78
17.87
3.75
9.37
9.56
14.3
8.32
12.51
7.1
2.05
8.82
13.83
12.01
9.95
16.53
9.19
7.16
7.74
13.3
6.59
11.88
7.56
10.79
4.9
4.38
10.19
5.56
2.67
5.49
7.72
6.42
11.34
7.08
4.26
16.47
10.83
4.88
6.64
10.69
3.19
7.53
4.17
7.2
8.41
10.35
1.39
12.78
16.5
6.13
2.77
16.33
8.25
12.69
11.44
15.54
9.29
12.94
1.8
1.17
14.22
14.08
3.59
11.49
6.69
4.34
16.95
16.88
12.48
17.91
4.01
15.08
10.54
4.09
11.62
17.87
4.78
8.96
2.67
5.48
6.03
10.75
2.13
16.03
17.32
12.56
12.39
6.1
16.18
14.95
3.01
13.18
3.14
5.02
14.95
9.1
8.71
5.32
11.5
3.4
14.55
10.07
15.37
9.4
5.99
1.2
8.0
17.09
15.22
17.97
3.66
11.84
3.27
16.39
6.91
16.19
4.45
3.71
4.04
14.26
15.68
1.69
3.53
1.06
2.03
2.53
6.01
4.62
12.26
17.96
12.24
1.01
3.21
2.86
8.1
5.73
17.39
3.88
12.32
3.78
10.22
1.42
1.82
1.54
3.66
1.07
9.37
7.59
2.06
2.33
14.17
1.42
16.64
7.3
3.44
15.64
7.03
10.71
9.39
11.16
4.04
7.73
6.02
14.2
14.31
17.9
17.97
2.65
8.89
13.72
12.41
9.25
2.69
8.97
17.26
8.45
1.48
7.82
8.95
13.57
4.88
10.89
3.95
11.47
9.87
15.61
8.86
5.85
10.03
10.51
2.57
10.69
12.8
16.04
4.63
8.76
1.99
3.79
16.73
16.95
1.7
10.08
3.34
12.98
11.6
9.78
9.84
11.47
8.49
13.44
13.11
6.74
13.25
6.83
11.0
4.6
6.37
4.71
17.81
11.4
12.47
11.84
1.49
13.21
14.24
6.79
10.97
1.47
4.61
4.27
5.36
7.49
4.71
4.89
17.26
5.3
10.64
11.92
6.28
2.16
9.05
17.82
5.85
1.08
14.55
5.27
15.46
5.34
15.82
16.54
10.87
15.18
15.74
6.94
12.19
11.28
8.28
13.87
9.02
5.54
5.71
1.01
2.28
3.4
13.05
2.99
4.74
9.09
6.7
14.29
2.72
17.69
15.03
9.46
3.16
2.64
3.7
4.06
13.82
17.53
13.85
14.06
17.1
2.67
2.69
16.23
10.37
5.22
4.4
11.32
11.82
13.9
11.98
13.25
13.14
1.88
13.09
3.71
9.51
5.29
12.57
6.12
16.51
1.81
9.03
8.27
4.25
2.19
4.84
3.2
4.16
15.6
13.32
3.41
16.32
16.08
5.28
1.81
12.79
10.91
7.38
1.82
3.21
11.22
12.42
4.51
8.61
15.87
5.09
15.88
5.9
15.59
10.82
13.81
6.79
3.36
3.53
3.8
4.42
16.0
9.32
4.75
11.67
2.42
4.13
10.41
9.24
4.78
1.8
11.23
16.05
14.07
4.42
12.86
4.93
14.0
13.84
4.76
1.34
9.89
11.73
5.65
8.11
8.8
13.38
4.31
2.57
5.59
9.46
3.36
4.89
9.43
13.26
1.45
10.7
7.53
10.56
11.89
1.63
10.15
17.07
8.18
16.52
17.51
11.53
9.79
14.14
14.42
11.6
1.01
12.1
15.98
2.15
6.08
15.57
11.63
2.94
11.14
11.51
2.86
3.92
10.92
8.02
4.93
11.66
2.87
2.92
1.18
12.12
16.83
1.35
7.83
3.98
11.99
8.61
11.03
15.28
10.67
10.11
3.44
8.86
11.67
13.01
2.39
12.64
4.33
12.24
5.75
11.04
3.64
17.32
12.91
5.33
15.14
17.27
10.23
6.93
4.21
11.5
5.24
16.08
5.63
2.8
17.81
7.6
12.15
5.52
5.25
8.32
15.41
10.58
9.92
7.55
5.21
13.94
1.27
16.94
14.09
6.43
15.24
6.78
6.4
6.23
7.83
15.06
5.42
11.53
3.81
17.81
4.79
15.15
4.99
8.61
5.42
13.56
12.27
3.0
14.63
16.28
2.12
2.66
2.02
5.41
16.94
4.22
17.34
6.15
14.17
11.07
4.77
15.67
1.75
1.18
8.4
8.13
12.2
1.53
12.6
10.27
6.56
9.1
2.12
8.55
10.29
11.94
1.15
14.04
6.11
7.1
13.74
17.72
10.26
2.81
11.76
18.0
1.05
1.87
8.55
1.24
6.59
4.63
11.17
4.7
6.06
16.93
12.08
14.22
10.1
2.84
8.54
4.6
5.47
15.31
16.2
4.8
8.53
17.47
11.41
14.73
10.18
9.29
13.32
6.43
11.92
9.81
13.35
3.34
12.48
11.85
16.36
7.39
15.52
1.59
5.8
2.59
5.26
6.74
11.53
2.09
4.57
13.35
12.69
10.81
12.98
13.27
4.55
10.04
13.19
12.37
8.98
8.3
5.32
7.56
12.25
7.75
10.74
17.05
1.8
13.83
13.37
9.58
3.49
7.06
6.27
13.11
9.55
6.97
11.91
5.37
11.9
17.58
4.51
2.66
16.79
7.1
12.32
6.92
15.1
9.33
6.31
14.9
5.41
13.34
6.57
8.6
11.65
12.12
8.95
3.45
13.8
16.05
16.58
2.68
13.21
4.54
2.74
2.21
1.07
16.68
11.29
11.26
14.79
15.65
1.08
13.83
7.61
6.57
13.66
8.31
17.77
15.33
4.26
9.73
12.97
6.66
3.85
8.49
3.11
5.01
13.24
7.89
8.46
11.69
7.48
8.58
13.82
9.91
15.21
12.22
8.87
16.49
8.08
17.26
16.03
6.29
1.38
5.81
8.85
16.26
4.42
17.26
17.68
9.08
3.49
13.9
6.93
6.61
2.7
17.6
16.2
6.02
2.09
9.25
3.98
9.38
14.18
7.35
10.81
10.34
7.83
17.46
6.8
1.58
15.38
16.82
9.25
2.39
2.51
10.66
3.02
4.33
14.28
4.77
7.56
7.33
8.48
8.14
9.87
10.02
4.81
3.54
4.16
4.47
14.96
16.81
13.56
1.71
11.19
14.27
9.87
2.36
9.7
11.84
10.68
13.27
5.54
12.86
6.66
13.12
9.3
14.31
9.54
5.89
17.83
5.12
7.84
14.18
9.8
12.61
9.3
11.38
9.71
17.86
4.53
16.16
8.9
1.43
17.63
15.78
2.25
7.52
15.68
9.61
16.71
11.14
14.76
8.65
2.58
4.86
3.31
14.63
16.7
4.92
6.47
13.58
8.37
14.77
6.41
9.97
15.18
6.95
11.9
11.99
6.98
13.64
9.99
11.1
7.64
2.53
12.87
6.83
11.34
16.43
15.19
11.7
4.87
9.78
7.37
11.05
13.43
13.35
1.97
7.34
7.63
4.18
9.27
5.74
6.91
10.73
15.41
8.28
10.18
14.52
8.31
7.57
12.32
5.6
1.48
3.28
5.68
14.76
4.58
11.55
6.26
2.0
15.15
16.87
3.83
9.67
5.89
10.35
12.94
17.74
6.92
5.33
12.36
15.33
1.47
1.74
10.88
3.22
11.7
10.62
14.62
14.55
15.15
16.88
11.03
3.46
16.55
17.94
1.65
11.23
7.36
6.16
14.08
6.12
3.54
5.12
10.14
5.32
6.94
10.77
12.77
2.19
8.0
13.15
6.57
13.88
6.82
13.91
17.25
9.57
9.21
9.24
17.19
3.71
13.59
12.73
11.75
13.57
6.43
16.78
16.43
4.92
9.74
6.33
14.44
16.3
10.09
6.45
11.97
3.42
9.65
13.9
5.47
7.66
12.12
17.31
2.35
3.65
3.18
4.75
2.03
7.16
5.77
4.37
5.38
11.94
12.71
16.78
4.58
2.72
2.0
9.38
11.98
5.07
12.32
4.19
4.78
12.29
17.23
16.35
1.46
17.68
7.2
10.42
6.87
15.01
12.43
15.91
4.61
11.89
10.04
11.01
7.21
1.11
12.98
13.14
15.79
17.36
4.38
2.16
14.34
15.94
3.91
2.85
15.43
17.62
7.93
16.38
14.11
5.92
3.67
4.31
9.94
7.75
17.3
8.06
2.65
3.03
16.4
9.81
17.07
17.15
17.37
16.67
16.09
11.55
17.18
14.52
12.58
16.2
14.75
7.48
5.76
3.56
17.16
2.46
14.1
7.57
8.93
3.06
3.02
6.97
13.12
5.56
12.84
17.94
8.22
16.9
2.35
6.33
11.18
4.65
7.34
8.67
12.46
4.7
7.0
17.23
5.53
13.5
15.81
12.41
14.41
17.73
6.64
5.39
8.66
11.85
2.82
1.89
3.34
3.84
1.67
11.07
10.87
9.15
3.22
17.09
12.99
2.72
10.8
1.68
7.88
14.74
10.03
2.63
15.39
2.27
9.28
9.74
14.15
17.76
7.78
11.89
9.85
2.36
14.55
9.89
11.31
6.75
16.55
12.69
7.07
9.45
6.2
11.86
14.75
6.83
14.91
16.76
7.72
4.93
17.04
1.93
9.22
14.25
1.78
11.89
15.26
6.07
6.28
1.57
10.37
2.04
1.04
3.16
8.39
13.69
12.48
6.31
6.46
12.18
13.02
13.29
3.69
2.11
9.58
7.78
16.8
1.1
14.75
17.86
15.46
14.85
1.38
15.71
10.93
12.12
7.75
17.05
9.89
11.5
4.55
10.49
4.75
2.95
9.76
15.38
15.92
16.93
16.92
17.47
13.27
2.9
11.5
11.35
2.82
12.95
8.04
2.19
16.9
4.26
3.11
4.45
13.99
14.11
2.46
9.72
12.73
12.61
12.41
8.21
7.96
16.63
17.21
4.0
17.92
3.34
14.37
2.77
11.61
10.42
17.98
9.81
11.77
13.25
13.33
11.84
14.34
13.45
7.26
3.06
16.35
1.17
4.46
10.35
14.39
4.63
11.79
7.43
1.06
13.16
11.62
1.94
15.78
3.89
14.67
7.84
4.71
10.95
8.67
16.31
11.95
14.95
1.72
9.08
6.53
3.72
17.56
12.73
6.25
8.33
9.77
1.26
14.16
14.73
13.35
7.41
2.69
1.08
8.42
17.14
8.92
16.27
11.11
11.56
14.63
5.9
10.0
2.55
17.24
17.91
10.7
16.67
15.2
9.94
11.55
13.39
6.64
6.26
15.09
4.21
5.02
11.07
7.76
3.23
17.73
9.05
17.98
8.67
14.35
12.97
6.55
2.42
3.58
1.65
12.17
2.11
6.03
2.95
10.92
12.93
8.57
17.28
5.57
17.87
10.95
15.63
3.04
17.72
13.84
11.11
1.08
1.07
3.87
7.92
6.03
15.45
13.77
16.16
7.36
14.37
15.33
17.95
14.21
15.6
6.17
12.39
12.25
10.92
17.38
8.1
15.76
1.95
7.96
2.24
11.1
11.07
6.89
16.4
3.76
8.89
11.03
4.37
14.93
8.75
9.89
7.91
11.3
14.84
6.7
6.17
16.5
17.99
4.87
4.69
3.52
5.98
9.44
1.08
5.1
15.6
3.11
15.25
10.52
5.51
8.75
3.9
11.13
2.39
11.39
9.08
1.02
16.79
1.5
15.48
5.34
17.7
18.0
4.97
5.29
15.42
3.39
1.06
11.71
5.62
7.27
8.61
5.52
3.02
13.03
9.38
14.07
16.42
4.85
16.21
17.26
6.06
15.52
5.64
15.23
16.42
17.45
10.75
10.3
2.72
10.17
15.27
1.16
16.45
10.8
11.92
13.41
16.78
12.8
8.48
15.6
17.16
11.56
14.01
10.39
2.89
11.39
10.69
9.51
10.6
6.76
14.62
5.13
8.35
13.13
10.56
3.22
9.42
13.7
2.2
15.48
9.69
9.98
10.59
5.14
7.47
12.37
7.71
16.94
16.41
3.99
4.38
7.99
10.91
16.0
3.14
14.52
3.06
10.44
10.85
17.39
13.78
13.3
1.43
13.86
12.53
12.55
1.86
7.66
2.95
16.5
7.24
15.9
6.4
12.41
1.16
12.86
12.85
3.34
8.61
12.61
10.02
16.73
4.58
17.41
9.38
18.0
8.25
15.77
15.21
10.16
13.97
13.63
3.26
13.49
13.36
8.32
3.61
8.67
13.7
15.95
7.27
6.75
4.35
7.24
5.06
6.72
10.19
10.65
13.61
17.71
2.52
5.01
7.97
17.45
5.78
15.91
7.9
17.3
1.62
5.11
1.66
13.78
12.08
4.94
1.94
14.47
13.92
16.63
3.84
10.76
16.61
4.49
11.32
11.32
1.71
14.3
14.42
4.26
1.72
13.24
3.29
12.72
3.56
15.63
11.4
10.81
10.08
1.7
15.26
8.7
7.29
11.73
9.5
5.89
3.52
2.72
5.02
15.79
2.87
14.86
15.76
15.03
15.68
4.66
17.92
10.23
14.78
9.25
4.25
15.38
9.34
17.53
14.79
13.76
13.23
11.36
16.25
11.56
17.93
9.88
2.39
13.88
1.75
7.56
8.64
16.09
10.54
17.05
5.08
5.77
7.21
13.41
12.56
4.5
7.86
6.98
13.91
7.26
13.85
10.32
17.02
17.62
11.7
16.63
13.27
12.52
8.91
10.52
7.62
3.97
16.72
4.6
10.21
13.53
15.0
7.05
12.18
8.53
14.97
12.17
1.79
11.37
12.94
16.45
1.86
11.15
9.51
11.9
14.01
3.28
10.21
9.85
9.76
8.03
15.44
2.08
7.54
11.06
16.45
11.71
3.23
12.58
6.77
10.98
10.71
3.93
14.92
10.18
7.57
4.5
16.57
5.11
16.89
10.2
9.55
9.02
15.99
14.84
12.5
9.91
12.16
5.13
9.45
3.39
3.18
13.05
17.03
14.64
16.96
4.77
5.45
8.21
7.51
6.07
5.97
16.52
4.08
15.86
9.67
16.76
1.3
4.77
9.48
3.41
4.66
9.06
14.05
14.35
11.46
16.45
11.7
1.4
9.81
17.45
12.15
12.7
2.94
7.11
15.39
2.88
15.27
10.74
7.7
16.81
1.5
16.76
15.93
17.78
8.08
8.83
12.99
2.87
5.14
8.51
13.2
9.44
4.9
5.96
13.74
14.7
8.41
4.29
10.77
7.8
11.86
15.02
9.98
16.33
7.27
9.17
10.7
13.22
9.99
14.79
12.84
6.95
11.88
6.38
13.18
12.11
4.01
12.91
3.22
2.56
11.93
6.67
3.73
17.79
15.79
4.01
17.04
11.3
9.84
7.07
6.46
2.75
4.08
5.57
13.52
17.32
8.91
7.31
15.6
12.57
5.16
10.15
16.02
12.22
7.34
8.28
16.28
13.04
9.67
12.53
12.65
10.64
11.67
7.0
6.94
6.77
1.66
15.08
3.68
2.6
8.19
9.15
5.47
17.26
3.83
10.75
11.38
12.14
14.5
15.71
5.96
17.76
8.04
14.33
1.7
13.67
15.12
2.84
6.2
8.61
13.99
10.0
11.73
7.27
15.79
7.23
9.06
8.52
14.36
14.96
16.4
4.91
16.49
5.93
15.93
15.57
8.73
14.57
13.64
1.76
1.45
2.49
17.12
13.12
8.05
4.75
17.11
5.15
10.24
5.13
13.36
3.93
11.12
12.04
17.39
11.25
9.25
7.68
2.8
13.27
5.2
6.31
1.2
12.2
13.9
2.6
3.33
14.99
13.49
3.1
8.19
6.3
3.79
8.45
15.48
14.88
10.96
10.51
12.13
17.58
15.0
4.63
8.94
13.69
15.42
2.44
12.8
3.6
2.8
15.34
14.37
13.69
1.41
5.37
8.33
15.96
9.89
9.48
1.08
15.11
10.95
7.31
3.73
8.13
5.06
8.65
6.21
1.75
17.87
8.61
14.83
2.97
11.35
9.92
17.21
14.66
8.03
14.5
7.94
13.93
5.95
7.34
11.3
10.19
7.72
16.94
9.57
13.26
8.09
13.3
14.47
10.3
1.56
9.57
16.28
2.43
10.93
1.58
9.28
12.76
7.47
2.94
17.11
16.86
14.52
4.53
14.14
6.69
11.35
8.6
5.26
12.1
13.22
9.98
3.75
9.41
14.07
15.39
1.46
4.17
16.81
14.29
13.21
3.35
1.07
11.01
15.72
2.21
2.18
17.98
5.02
12.31
10.48
8.05
14.65
5.04
5.76
5.53
10.3
12.15
2.58
3.49
3.01
12.07
11.63
15.11
5.87
13.45
5.85
13.78
11.34
8.04
11.8
15.37
4.77
11.46
17.89
14.56
6.09
14.34
9.41
14.27
2.66
15.54
17.91
8.51
9.71
4.18
12.62
2.32
10.63
8.11
4.4
15.02
13.77
6.09
7.57
5.29
4.57
4.76
3.27
6.76
12.79
5.47
12.95
14.01
6.75
1.98
13.2
3.36
5.66
11.06
16.63
13.84
5.58
14.82
7.97
3.45
6.26
14.97
7.31
7.46
17.6
9.78
9.45
13.41
17.35
17.82
14.26
15.82
16.42
13.66
10.6
5.25
13.39
9.53
16.59
1.02
16.64
17.15
4.73
15.94
11.03
5.99
12.48
14.56
8.17
11.56
4.43
1.55
16.9
3.62
9.73
2.45
15.55
14.12
4.29
14.83
6.8
15.27
5.26
9.02
5.45
12.39
1.92
10.84
13.54
4.32
5.03
13.34
8.07
11.59
8.25
8.12
6.11
10.95
11.19
13.79
9.53
10.55
15.41
1.69
9.83
3.15
12.65
16.2
8.22
11.81
7.28
13.85
11.02
11.32
3.95
1.12
11.64
2.91
3.27
3.78
7.8
5.16
17.21
12.51
4.3
14.67
5.77
14.6
8.97
9.16
7.5
5.2
12.68
9.56
1.15
6.47
14.03
6.02
12.65
4.45
13.86
8.27
1.14
12.04
10.8
10.69
17.18
7.36
16.31
1.04
17.37
10.38
9.66
16.15
11.81
9.87
7.53
12.21
1.9
5.21
2.71
9.59
2.64
14.79
5.95
11.58
6.67
12.89
7.01
7.45
9.16
6.5
3.9
8.43
12.28
6.54
14.76
14.95
4.55
5.59
1.04
7.0
16.52
14.3
17.33
4.64
10.73
7.2
11.47
13.65
2.61
2.49
2.85
5.77
13.66
11.86
6.11
15.55
13.39
17.54
12.66
13.19
15.0
16.73
5.71
11.98
8.01
4.9
4.27
2.67
15.42
1.19
17.91
17.4
10.02
13.63
8.79
4.73
13.56
8.62
15.72
15.63
17.29
12.87
9.37
10.54
7.1
12.21
2.57
17.86
2.07
11.24
5.94
14.98
11.71
11.33
13.73
3.01
6.3
9.6
6.44
2.87
6.26
8.79
3.51
12.25
2.23
16.16
7.17
7.1
4.57
9.19
15.15
10.97
14.77
17.47
11.63
3.87
6.15
12.24
14.29
12.13
10.84
16.76
9.44
12.33
6.31
7.61
4.99
14.6
4.39
4.95
2.82
13.49
2.29
2.01
11.63
7.38
16.76
15.91
9.44
2.4
10.36
17.9
12.23
14.5
7.86
2.27
16.98
6.6
3.57
3.64
3.31
8.3
15.62
3.5
13.84
2.23
3.05
2.98
9.78
15.95
13.65
15.69
15.69
2.94
10.37
14.41
17.14
12.63
15.56
7.32
13.0
7.3
4.31
2.11
16.04
2.1
17.99
9.68
9.57
2.25
2.27
13.21
8.53
4.02
4.44
4.94
14.78
11.4
2.23
12.74
9.84
10.86
6.14
1.3
9.65
11.12
11.97
8.52
10.53
10.25
7.28
14.73
8.36
5.03
1.15
5.88
2.76
9.52
7.48
5.27
3.2
14.7
17.74
15.65
14.38
10.03
15.2
10.08
6.47
4.84
4.67
8.75
11.85
3.58
1.21
1.39
6.24
13.25
1.06
8.94
6.06
16.54
17.3
7.78
17.61
17.51
10.79
7.55
2.8
10.41
15.19
7.73
9.59
7.77
12.96
10.36
9.74
4.7
11.08
9.41
12.94
11.75
6.0
11.71
13.99
12.07
9.49
12.24
9.04
6.77
11.57
1.32
2.58
4.11
17.64
5.87
9.5
10.69
1.22
2.3
3.65
4.7
2.24
12.06
3.03
16.22
9.55
4.18
4.93
12.0
2.92
1.76
14.59
9.37
15.45
17.16
8.72
6.16
7.29
16.18
17.97
7.48
17.4
9.59
1.62
4.44
7.58
7.02
14.82
14.39
3.15
1.97
13.07
8.24
3.92
2.47
4.64
17.29
2.48
10.36
1.45
16.36
9.7
16.94
6.52
7.89
13.74
17.01
3.38
7.76
17.5
6.54
16.93
11.54
9.17
6.64
9.65
12.11
13.08
2.3
11.89
16.17
8.26
5.26
12.89
2.93
16.86
9.72
12.25
6.99
8.31
10.81
17.78
12.94
16.89
17.24
14.28
1.7
5.6
14.72
1.23
9.25
14.03
16.83
8.5
15.1
8.76
3.42
8.77
8.51
9.92
16.82
11.51
2.53
8.32
8.75
15.04
9.79
8.35
3.29
14.26
14.12
4.41
12.23
2.43
10.82
10.23
3.12
12.26
2.48
14.82
3.58
8.25
15.46
2.1
14.62
13.7
5.96
16.23
16.55
13.44
15.06
3.47
8.52
17.49
2.63
8.07
17.35
10.96
1.49
15.49
6.49
1.61
15.13
13.68
10.03
7.17
13.89
11.17
5.0
15.95
10.08
15.59
2.41
4.9
6.34
15.37
15.82
14.11
10.9
8.74
2.61
12.14
15.2
15.6
5.1
10.98
17.04
15.51
3.67
7.67
2.67
15.16
11.32
12.91
3.8
13.34
4.83
17.54
15.88
1.27
12.45
6.73
12.64
4.0
5.64
1.79
7.27
11.26
15.75
4.59
15.93
14.65
12.02
15.64
6.54
17.01
4.05
10.83
8.94
13.76
6.93
16.63
2.64
11.43
2.26
17.52
4.44
14.14
13.39
17.59
16.88
15.81
11.94
9.87
4.44
11.77
13.18
17.03
5.8
7.09
8.64
12.75
15.31
5.38
10.18
5.28
8.9
16.88
16.0
8.84
7.23
10.26
13.47
2.99
4.85
3.04
1.32
14.33
7.37
13.99
9.44
12.65
9.46
9.28
16.07
11.85
2.87
10.66
3.38
10.89
12.23
4.29
3.73
4.12
15.0
3.69
14.27
1.34
15.02
5.14
4.2
11.72
15.83
13.18
10.53
5.07
7.95
15.58
14.57
4.77
15.91
5.08
17.71
13.64
13.05
10.92
15.55
16.02
5.33
14.46
3.81
7.71
16.55
6.18
8.34
8.16
10.7
15.18
10.3
16.97
15.87
11.43
8.34
6.52
11.41
14.74
9.59
15.98
5.89
15.62
12.29
5.96
8.04
1.65
16.56
14.06
11.37
17.51
16.67
16.58
6.17
4.85
13.64
6.55
5.62
5.29
2.18
13.32
1.14
10.6
5.53
12.35
17.07
12.75
7.43
4.03
6.76
8.8
15.98
17.61
16.77
9.51
9.02
5.62
7.46
16.6
15.65
3.5
7.03
10.87
2.9
6.98
10.94
8.68
15.69
11.1
12.41
9.97
6.25
11.09
17.97
4.41
13.3
13.1
14.27
8.44
1.18
16.37
5.38
7.82
15.12
15.82
12.69
8.48
11.96
8.34
4.49
6.75
11.27
2.46
1.36
1.08
2.91
3.33
12.49
7.88
1.76
4.21
9.71
11.56
17.76
9.82
3.02
12.01
11.31
6.83
12.2
16.81
1.34
4.51
3.01
12.99
12.24
2.59
3.3
15.49
11.07
9.68
9.95
3.81
7.76
10.9
9.35
8.28
5.85
7.27
12.51
17.54
16.23
14.58
13.13
8.54
7.7
12.19
4.14
16.83
3.0
2.95
4.11
2.19
1.9
3.59
6.57
10.67
10.18
2.26
12.88
5.98
8.02
7.25
9.42
1.56
4.29
3.61
14.65
10.44
13.93
13.01
5.55
9.68
3.47
14.28
4.48
17.74
17.54
3.82
1.12
2.99
7.95
14.26
15.38
9.2
15.83
16.03
11.26
6.83
13.66
12.4
8.95
14.09
14.91
12.05
1.27
8.92
8.42
16.2
9.68
7.37
6.32
11.14
2.21
15.88
11.55
5.12
5.85
16.36
1.56
6.15
5.99
13.68
4.46
2.12
7.62
13.22
2.01
3.92
11.75
13.01
1.04
16.92
7.45
7.15
15.25
2.86
4.95
15.52
10.58
11.46
6.19
10.08
15.28
17.7
7.6
3.73
7.14
6.89
7.03
5.33
10.28
17.47
1.9
10.73
17.25
8.16
10.27
2.85
11.09
7.57
13.36
9.5
2.82
3.69
16.01
11.17
2.19
6.19
13.87
10.85
15.94
5.88
15.84
8.22
17.5
15.41
16.67
15.21
13.65
14.58
10.49
7.66
7.91
8.29
9.58
12.52
7.22
12.59
6.72
10.73
12.2
7.66
10.25
1.28
9.09
14.96
6.08
5.52
14.13
6.45
7.61
14.96
2.09
16.89
4.36
4.67
14.15
3.06
3.39
2.55
11.28
15.31
4.06
7.72
12.56
6.19
4.3
16.41
12.94
16.73
14.28
6.91
1.43
8.94
7.24
9.59
1.21
10.07
8.02
12.57
5.58
14.92
16.81
3.81
11.99
11.77
6.78
2.93
12.37
8.74
4.25
1.97
17.08
7.95
13.73
3.32
11.61
1.43
8.18
5.17
6.7
11.61
7.03
5.2
13.15
10.21
11.66
7.5
5.34
5.24
17.87
12.32
2.7
11.94
2.76
6.09
15.37
16.54
15.62
10.42
8.7
5.18
14.57
11.59
10.0
5.4
6.28
5.17
11.84
11.39
3.91
6.64
1.29
4.02
9.99
7.42
10.98
8.16
2.59
12.33
17.06
5.65
4.53
15.25
5.61
7.42
4.78
11.69
8.65
7.29
5.43
17.23
2.45
5.66
6.88
14.9
17.18
1.13
17.32
17.35
16.49
16.63
14.64
6.1
14.62
9.31
10.19
1.39
9.08
5.6
6.74
9.08
12.69
2.29
11.28
6.11
15.06
16.2
2.69
15.87
10.2
3.79
1.16
11.28
10.04
13.17
9.62
1.38
8.35
15.3
7.5
5.46
5.95
2.79
7.52
14.24
2.02
16.58
8.67
12.17
7.34
5.53
2.6
9.02
8.12
10.73
7.83
8.61
14.4
3.16
7.93
3.37
16.93
15.09
15.4
3.33
15.88
3.43
8.92
2.7
16.81
17.72
8.2
17.14
2.58
16.48
6.85
12.35
7.08
11.18
4.9
11.63
9.65
7.16
8.47
9.49
8.07
2.19
14.39
12.29
12.58
1.88
14.14
14.19
14.51
11.45
9.75
15.84
10.9
2.58
6.92
13.12
7.99
14.6
8.94
7.55
6.94
6.35
9.15
11.19
16.72
13.44
4.59
8.72
6.21
5.13
12.19
2.92
1.44
8.03
3.34
9.69
10.35
3.82
12.84
2.94
11.5
11.97
14.76
16.08
12.39
11.55
12.51
9.97
11.49
16.4
12.8
6.12
13.15
2.54
8.7
7.68
6.68
11.6
3.88
17.01
5.38
12.79
8.44
4.48
8.21
7.16
14.27
12.2
15.16
1.71
15.16
8.0
5.4
4.47
6.89
6.89
3.42
11.19
2.4
9.5
7.66
14.86
4.74
10.52
3.01
13.19
6.52
17.3
16.42
9.14
14.42
2.26
14.3
8.61
2.61
5.73
6.09
13.18
14.37
10.07
6.62
7.93
11.62
11.74
4.08
9.51
10.65
13.74
8.94
16.92
12.32
13.28
10.97
15.37
7.11
1.54
2.95
8.28
7.67
8.6
10.16
7.93
1.79
14.6
16.89
10.84
8.96
2.94
16.69
7.15
14.18
4.29
16.45
13.1
6.33
13.89
6.17
4.65
14.73
16.81
1.88
2.48
16.07
17.1
13.01
8.32
9.79
7.31
17.05
12.59
17.12
16.37
12.65
4.98
8.64
12.46
8.97
8.52
8.19
4.04
7.55
17.79
5.36
6.28
17.38
9.71
14.12
5.19
7.85
11.58
5.26
7.54
9.09
15.31
12.78
16.58
17.44
9.04
8.14
10.53
16.26
1.34
4.94
15.24
9.87
15.17
12.08
14.82
8.11
1.17
12.46
9.45
17.72
3.04
11.53
6.12
9.54
2.25
15.64
16.16
9.36
2.42
10.88
5.87
1.42
15.1
3.19
16.73
12.27
3.43
5.53
17.6
12.03
9.2
17.22
1.52
7.52
14.91
17.24
14.33
11.83
3.19
10.13
10.77
15.08
12.37
15.37
10.87
3.3
13.74
11.81
6.92
14.93
16.01
13.48
9.23
6.26
4.89
15.12
12.06
11.89
4.41
10.45
17.79
8.59
10.38
15.89
15.85
2.12
16.35
12.15
6.82
14.04
9.3
10.32
11.84
14.71
9.02
5.41
11.41
17.52
2.66
1.11
7.6
10.25
9.69
6.36
16.87
5.15
3.08
4.8
2.65
15.38
7.83
15.12
11.85
9.07
2.74
1.63
10.48
4.4
8.53
17.09
3.27
13.01
4.61
5.1
11.86
3.22
7.59
7.46
8.74
6.41
5.65
14.29
2.36
15.45
15.25
16.85
5.08
16.58
8.66
12.62
15.48
2.06
1.59
4.43
10.53
14.23
14.18
16.18
10.46
10.52
2.33
14.01
9.17
4.55
3.13
16.12
10.8
11.51
5.09
10.36
3.7
8.12
5.18
3.83
14.59
12.25
14.59
15.21
7.63
13.86
13.48
5.19
12.72
16.78
12.66
6.56
12.93
10.88
14.7
5.62
3.76
8.35
11.65
2.65
5.47
3.84
14.09
12.98
11.63
8.87
8.61
9.8
14.91
11.14
13.69
5.44
9.12
11.72
6.36
9.83
15.28
2.31
14.75
11.25
7.99
10.54
11.3
14.27
14.64
13.58
1.29
10.47
8.33
10.8
11.29
11.47
6.95
8.6
1.27
16.9
17.8
7.82
8.13
8.81
5.99
8.4
7.1
1.33
3.15
2.34
5.06
2.7
4.91
1.07
17.81
2.86
15.28
2.74
6.29
17.01
6.28
12.13
6.41
17.03
1.18
5.27
8.02
15.02
10.74
16.21
16.02
17.24
4.11
8.18
8.27
3.09
17.07
7.17
11.87
11.27
5.03
10.73
5.36
5.86
10.36
8.77
8.2
7.69
13.83
5.78
6.32
10.85
17.39
5.95
8.07
3.18
11.89
5.27
9.94
8.14
14.19
15.16
13.54
8.66
8.05
8.01
9.53
11.52
6.51
13.44
16.41
2.15
1.37
12.48
11.98
8.79
15.08
13.74
17.43
15.21
2.39
8.07
7.06
15.2
5.01
2.87
2.33
10.55
6.2
4.22
16.46
1.26
8.5
9.26
10.16
13.93
1.11
5.02
14.28
6.77
10.79
5.8
2.43
5.29
15.01
6.79
10.33
1.22
9.88
13.32
10.89
1.39
1.36
16.08
4.65
12.61
1.53
6.18
6.52
15.49
14.68
15.14
17.01
7.33
4.7
13.53
2.42
17.62
13.67
5.85
14.45
16.5
3.59
12.23
3.43
10.66
4.1
9.68
9.48
6.08
1.92
14.4
9.08
12.54
15.84
5.34
10.84
14.94
16.86
2.16
3.54
3.07
2.82
16.67
11.88
15.89
8.32
16.17
11.82
14.56
10.83
6.08
10.6
13.35
12.36
8.92
1.36
10.85
16.74
16.73
15.63
11.53
9.66
1.39
6.96
15.51
3.69
14.72
5.61
10.3
5.97
5.65
15.83
12.75
4.66
9.12
9.71
13.4
12.56
12.45
7.47
4.93
9.55
13.83
16.27
13.47
7.72
17.27
15.73
16.38
5.82
17.71
5.59
3.78
4.61
12.03
7.81
3.73
13.71
3.38
2.23
15.57
10.21
11.85
17.98
17.25
8.06
9.39
2.02
9.3
5.76
13.87
7.16
1.23
13.09
4.49
5.67
2.33
14.26
5.17
13.97
1.41
11.96
3.05
8.17
6.27
14.27
14.48
15.48
1.27
15.45
5.11
15.2
15.22
4.79
5.18
3.75
4.04
17.23
7.54
1.68
6.6
1.83
17.69
12.31
9.71
2.91
5.53
14.1
16.33
14.95
12.37
10.23
8.9
3.68
3.01
14.73
14.42
1.3
9.84
3.58
14.04
4.12
9.71
12.44
7.64
12.41
16.54
13.24
6.49
6.99
6.69
9.16
2.53
1.35
6.27
14.89
15.76
13.72
4.14
9.39
9.63
4.26
7.23
6.01
5.3
7.91
6.41
16.78
11.71
10.88
8.1
8.73
8.66
1.3
17.29
13.17
10.3
5.02
1.07
5.73
14.3
17.51
13.92
8.34
15.41
17.93
6.24
7.97
8.34
7.52
11.94
15.82
15.72
2.76
1.5
8.41
3.44
2.19
2.83
11.79
6.96
11.73
1.79
16.86
17.44
16.88
5.03
15.62
7.6
12.87
4.21
8.16
16.21
8.78
16.82
7.07
11.11
8.51
3.2
9.15
7.12
4.34
8.2
5.82
5.38
15.6
14.04
12.51
7.2
4.93
11.73
5.74
13.75
9.19
16.48
16.25
8.54
17.22
12.23
11.29
2.59
17.7
2.56
5.58
3.9
1.97
17.98
6.42
1.78
3.12
5.02
1.66
3.49
1.54
3.83
8.57
17.59
12.51
10.13
17.82
12.96
7.29
14.48
9.19
1.68
11.81
13.42
17.64
2.66
6.48
13.28
11.98
9.78
4.21
4.58
17.46
2.8
13.43
1.03
3.1
15.52
6.27
17.91
13.43
7.24
8.26
5.1
14.9
1.13
5.06
15.8
17.56
8.47
15.07
14.86
14.13
15.31
17.08
1.9
7.1
12.92
4.31
10.03
11.6
3.85
12.64
1.65
1.48
13.61
12.08
14.0
1.25
2.33
6.22
2.76
6.64
10.53
10.39
2.55
2.22
1.75
15.95
13.96
15.0
1.32
13.21
11.77
2.65
10.9
2.09
8.71
12.62
2.04
9.69
12.73
1.86
15.79
7.03
6.34
3.07
17.75
10.83
10.92
11.37
8.09
7.51
10.33
3.81
11.01
9.46
3.52
14.25
2.28
5.08
3.87
8.78
13.04
5.12
3.57
10.62
12.32
17.17
11.34
10.66
9.03
5.75
17.17
13.08
9.05
10.05
17.29
9.25
17.89
10.71
16.59
13.31
2.85
11.46
17.2
6.67
7.07
2.97
9.7
6.08
14.12
4.5
13.54
7.96
16.96
10.75
16.07
5.37
17.1
4.69
17.08
15.89
4.44
12.16
7.28
7.83
1.67
15.08
5.41
14.07
11.02
17.5
4.41
6.45
3.83
15.15
6.62
4.32
11.06
7.42
14.81
13.98
3.04
15.55
17.7
13.77
15.01
16.6
14.36
10.94
2.16
9.24
14.31
5.36
12.11
6.36
15.66
7.18
1.77
10.9
1.78
4.67
9.52
14.49
6.44
5.92
2.92
10.96
10.05
1.15
12.95
8.83
5.92
13.08
14.8
11.15
2.61
16.4
1.3
4.56
5.49
7.29
7.04
16.28
14.53
4.42
17.22
7.16
4.72
17.08
10.72
11.02
12.15
11.63
11.71
1.03
12.66
13.62
1.46
11.62
5.5
11.68
5.5
2.63
4.03
16.6
8.47
16.58
9.23
16.27
10.65
6.97
4.78
7.31
4.01
17.68
6.93
10.47
17.94
9.82
6.28
11.44
14.89
11.48
4.75
4.27
13.19
15.43
12.89
2.59
6.48
12.65
13.09
8.89
6.07
2.57
1.9
2.94
6.74
11.37
15.42
5.26
2.28
17.42
11.49
3.42
5.26
8.12
17.45
2.99
8.26
8.43
17.87
4.28
8.96
17.78
12.17
3.81
16.91
10.23
14.84
14.7
10.39
14.88
16.04
14.81
11.73
10.99
8.88
2.38
9.12
11.7
8.69
8.12
5.01
7.22
4.47
2.32
13.31
12.9
9.8
2.34
11.48
5.74
17.14
1.82
1.05
15.15
4.94
12.39
6.93
15.0
15.51
17.01
7.55
1.1
3.45
6.24
14.74
16.48
4.57
7.64
10.63
5.71
6.83
14.38
3.87
10.16
10.88
3.41
12.94
4.4
12.86
7.79
11.4
10.91
17.73
2.08
5.73
11.03
13.87
16.2
2.67
5.75
2.93
2.24
1.32
14.67
3.66
7.59
1.21
15.11
2.84
8.55
7.12
5.32
8.85
1.67
7.19
10.15
11.33
10.32
8.72
10.94
2.52
6.26
17.43
17.27
11.71
9.49
4.91
7.12
12.0
14.81
15.06
3.35
9.59
13.14
12.84
17.55
3.16
8.85
2.33
10.7
12.62
2.27
10.07
17.53
1.6
4.03
10.29
13.11
15.01
6.06
6.7
14.41
8.15
15.89
16.64
15.47
2.43
10.18
17.09
17.38
9.94
8.36
4.2
17.95
11.54
2.36
15.91
12.16
6.64
4.15
12.31
1.16
15.69
11.71
4.61
12.82
5.47
16.04
12.25
16.07
13.41
7.7
14.86
14.88
17.5
11.52
12.68
9.19
5.59
2.4
13.82
8.98
15.36
8.35
17.02
7.32
8.41
12.18
6.4
11.67
1.22
5.16
4.97
2.89
16.73
17.73
1.68
8.55
3.82
15.1
3.51
4.13
13.49
2.52
17.14
13.46
17.61
8.6
4.93
16.91
9.63
17.15
17.21
14.59
4.84
4.98
11.99
9.11
8.08
4.47
4.77
7.2
11.73
1.71
7.65
13.71
8.16
11.15
2.71
16.96
3.36
12.03
3.83
17.73
11.76
9.85
15.37
3.9
8.22
17.61
9.62
11.69
2.16
2.22
2.05
9.34
13.22
6.52
10.78
10.81
3.69
13.77
10.29
3.04
17.11
5.19
8.02
17.06
6.65
4.15
17.7
17.93
12.69
16.2
17.98
3.49
15.31
1.79
11.95
11.61
9.28
10.78
5.72
1.12
4.2
16.88
5.62
13.12
8.74
17.68
17.64
10.0
6.86
7.86
7.08
2.0
1.85
10.54
10.78
2.24
7.58
16.64
8.42
7.06
2.24
15.06
11.04
3.86
8.06
13.4
5.51
9.27
10.23
13.14
10.74
8.76
3.94
6.27
7.57
16.54
12.18
10.2
9.67
12.15
4.9
8.28
10.59
7.25
1.89
8.29
3.36
14.33
9.59
17.43
7.23
5.51
17.96
6.49
7.79
1.17
4.6
14.19
12.99
7.82
16.61
10.24
11.69
14.66
12.96
3.54
9.13
11.26
1.87
5.17
14.32
17.24
17.67
13.21
12.94
13.01
6.04
7.99
4.05
8.99
1.69
15.09
17.11
3.35
9.24
8.47
13.68
9.74
8.6
3.38
5.86
10.99
1.69
6.67
3.44
2.29
8.25
6.19
10.72
4.48
1.94
1.6
8.34
1.13
1.95
6.84
16.99
13.16
13.57
3.9
10.7
4.93
9.81
14.83
8.34
4.89
6.24
9.33
14.77
11.77
17.24
17.6
6.32
12.22
13.04
10.52
14.66
5.69
13.95
5.27
10.23
2.92
12.65
15.56
13.6
17.21
17.81
8.83
3.63
13.11
8.15
7.52
4.09
1.69
13.99
9.19
7.75
7.24
9.57
13.62
8.38
2.62
5.4
3.27
4.23
15.87
3.92
13.34
6.14
16.32
11.58
12.47
9.93
16.76
3.68
5.87
16.38
17.81
14.1
4.61
16.44
3.85
15.87
7.51
1.82
11.4
7.28
1.33
3.56
8.75
12.09
1.56
9.85
1.8
16.34
13.02
2.43
9.63
13.5
5.9
4.19
12.49
14.24
7.81
5.09
17.01
10.12
9.33
13.42
16.23
6.2
14.82
16.87
17.35
12.69
14.1
15.32
14.47
4.18
1.04
10.75
11.62
4.84
4.19
10.05
16.18
4.19
15.88
15.67
5.26
14.56
17.3
3.68
10.28
14.71
6.64
2.29
3.09
6.67
1.72
1.77
17.57
3.09
3.78
11.04
14.85
3.71
1.73
4.74
9.57
17.85
11.51
4.77
1.19
3.82
12.16
6.42
10.44
10.96
3.7
7.95
10.41
15.74
14.59
12.45
14.21
17.29
13.97
4.47
6.71
7.25
8.44
11.77
8.14
8.91
11.08
14.78
8.62
11.72
8.91
17.96
17.04
10.19
14.86
15.68
1.47
16.64
15.63
14.92
10.65
4.87
9.53
14.59
8.68
17.78
4.85
16.48
6.49
15.26
8.39
15.15
11.02
16.42
9.14
16.86
3.17
14.75
4.75
4.91
2.12
13.44
11.94
6.7
17.59
1.99
14.09
5.49
2.14
11.82
6.59
8.66
9.04
1.69
10.04
1.67
4.11
13.18
13.3
1.05
15.43
1.15
17.47
10.53
7.26
11.32
3.53
9.11
12.71
12.13
16.43
5.83
2.2
7.33
3.26
16.19
17.68
11.79
14.49
12.84
10.32
15.08
16.19
9.72
14.79
7.63
4.97
8.87
5.21
7.66
11.89
3.92
13.31
16.24
7.5
17.57
12.71
10.78
6.17
1.28
8.03
16.5
14.67
17.71
14.73
13.4
2.48
17.65
5.96
5.14
1.5
7.83
16.21
14.08
10.97
13.7
1.9
4.2
8.96
12.37
10.67
3.61
14.97
3.31
5.27
17.1
16.94
3.81
4.89
11.94
15.25
10.48
5.77
5.84
1.61
1.1
3.18
17.88
4.34
10.34
3.92
15.73
12.25
13.61
14.87
14.79
1.12
12.42
14.98
1.94
10.05
3.92
4.62
15.32
8.82
4.14
13.68
16.15
12.54
16.65
5.87
8.36
2.79
2.25
7.85
12.6
13.82
3.56
11.43
9.92
14.73
13.39
9.5
5.19
15.91
3.84
5.42
12.46
9.98
2.77
9.24
3.01
2.85
5.35
3.92
17.86
17.28
13.31
15.27
16.27
10.0
14.74
16.34
1.86
14.71
2.41
17.05
12.43
17.97
7.85
15.61
17.26
6.0
15.64
7.36
8.11
15.81
10.17
7.88
3.58
8.43
13.42
12.73
14.3
13.84
7.13
15.26
1.66
1.48
17.25
15.9
7.84
15.33
12.05
3.89
8.75
2.08
6.69
4.52
14.96
13.54
2.04
10.15
13.34
11.6
1.92
4.36
7.53
3.18
3.49
7.57
9.34
2.14
13.4
10.23
17.34
5.77
5.43
6.77
10.25
6.19
6.16
15.61
2.65
9.5
13.82
17.27
15.99
4.61
8.83
10.88
6.52
6.41
4.15
1.86
14.24
8.61
15.82
4.26
7.31
7.04
11.29
9.3
11.32
7.03
17.01
16.87
14.23
17.93
4.55
8.35
11.73
7.62
4.87
1.74
17.07
4.92
9.01
1.38
10.14
15.23
8.79
16.5
4.64
4.45
11.18
14.77
1.08
5.31
5.23
9.7
11.49
10.23
5.15
15.8
14.16
11.81
7.32
6.58
13.61
3.09
1.58
17.45
17.14
17.03
10.31
2.64
9.5
7.12
10.85
16.29
8.94
14.89
9.34
17.18
9.02
13.09
8.78
7.85
13.73
13.67
4.69
7.96
1.15
1.31
3.46
13.97
2.28
16.99
4.29
16.07
17.16
8.27
9.89
6.45
16.29
9.67
17.69
17.47
17.19
7.06
2.4
12.37
15.85
7.03
17.37
16.48
11.7
2.98
16.17
3.09
9.89
1.33
3.63
10.58
1.03
3.57
4.75
1.73
10.85
13.99
1.64
8.08
10.23
9.88
9.24
2.62
5.23
16.77
4.11
14.33
3.5
13.6
12.54
17.87
3.61
5.69
15.33
10.47
6.6
3.56
10.48
9.2
5.19
11.69
12.6
10.42
12.32
5.34
16.38
1.9
3.9
4.78
17.21
5.87
16.84
9.11
13.21
5.72
12.96
15.8
10.81
16.52
7.61
11.54
5.73
3.52
3.76
8.55
16.93
6.05
2.59
8.59
3.42
4.57
16.5
11.93
9.85
4.82
2.59
17.02
10.11
3.21
8.85
11.45
12.69
2.55
13.01
14.2
7.25
12.38
2.68
17.9
2.23
4.45
13.9
17.32
5.33
2.67
3.4
12.62
9.67
16.01
2.71
9.52
11.41
15.66
10.41
4.1
16.11
15.72
15.84
10.98
17.38
10.45
3.53
7.79
15.02
17.63
15.13
7.17
1.17
4.03
1.63
14.97
6.21
12.82
7.95
5.64
9.92
9.32
14.99
12.84
6.28
14.7
11.17
6.77
14.78
7.29
1.9
15.94
8.56
6.48
16.53
5.28
17.49
1.49
12.39
2.01
2.54
17.33
16.65
15.34
12.54
8.93
12.53
10.47
15.49
13.64
12.58
4.29
12.2
9.27
14.23
8.73
9.46
8.06
17.73
11.09
16.49
15.82
13.8
9.58
10.15
16.88
4.92
14.32
6.06
1.99
7.71
9.88
3.24
13.7
13.62
13.42
6.46
9.46
3.96
8.45
17.24
6.14
1.83
6.31
15.2
16.42
1.16
9.17
17.12
3.14
2.06
13.89
11.88
13.26
5.62
7.86
10.75
13.94
6.42
7.89
10.12
1.11
15.4
11.61
2.4
7.01
4.04
1.68
6.29
15.84
2.15
15.91
4.71
17.24
4.73
15.55
16.6
16.68
3.1
12.41
15.0
13.51
9.05
17.0
4.06
15.92
5.1
8.66
8.86
5.92
5.83
7.35
1.22
5.11
17.17
13.23
8.56
1.02
13.04
9.38
12.16
7.7
1.01
10.92
14.4
4.68
12.27
6.98
15.16
8.44
2.07
10.0
11.33
6.43
2.32
13.8
10.2
4.57
4.19
10.28
6.26
12.75
6.93
9.0
2.02
8.84
1.17
7.13
6.27
13.86
14.07
8.12
17.59
5.25
3.82
14.84
9.67
4.32
6.66
2.61
12.84
9.45
10.59
2.26
12.89
6.0
3.72
8.22
15.53
7.32
2.85
17.02
11.87
6.13
10.91
2.54
10.59
14.93
3.35
15.19
10.4
4.27
4.59
16.01
9.09
5.81
5.29
7.8
14.22
1.45
2.83
8.56
16.43
16.02
14.28
17.64
2.83
16.02
1.34
8.06
4.83
7.17
17.56
6.59
11.7
12.7
10.34
2.55
15.55
14.38
13.74
16.48
6.91
10.79
14.32
8.56
17.37
15.43
10.02
3.5
9.56
4.52
7.91
5.51
14.82
5.41
11.05
1.89
13.82
8.63
8.07
8.4
13.12
8.33
13.54
5.81
17.33
9.68
10.92
12.82
10.94
10.59
1.04
8.81
15.74
16.71
5.9
13.04
15.59
8.49
11.16
11.88
17.13
9.19
14.23
4.18
10.96
8.75
4.91
1.23
11.05
14.76
14.72
7.62
4.07
17.04
7.49
6.91
11.45
8.48
6.85
6.52
7.67
12.65
1.2
4.45
5.35
17.99
16.03
8.16
12.92
5.01
16.96
16.78
3.75
16.78
7.98
9.37
12.77
9.14
10.74
8.61
2.14
10.36
1.84
2.71
12.68
8.98
10.18
3.86
12.65
2.22
5.31
16.35
1.44
13.68
3.7
15.16
11.33
1.57
1.14
10.78
14.5
13.14
6.02
13.31
5.72
9.42
4.76
2.97
17.32
12.02
4.81
3.09
5.38
7.31
15.71
12.6
7.12
6.54
5.04
2.92
15.64
9.02
17.09
14.26
12.78
6.88
9.0
5.03
14.59
8.93
14.42
2.4
6.35
2.49
11.03
13.3
14.34
7.3
3.33
17.46
4.23
6.49
6.18
14.09
15.22
5.85
5.82
12.73
15.6
3.57
17.72
12.61
6.13
14.01
1.8
16.47
9.11
4.61
12.49
2.58
9.07
16.96
11.86
2.61
15.9
15.1
13.57
3.78
11.5
14.35
13.13
6.67
17.15
4.39
8.45
7.97
16.24
4.55
14.11
10.05
11.33
1.32
12.48
4.82
8.71
9.09
17.35
8.91
8.1
13.93
8.15
15.88
10.0
15.82
12.32
12.07
10.61
9.44
7.18
14.62
11.88
2.62
12.51
1.82
17.59
6.46
3.0
4.94
17.16
9.4
17.61
6.54
1.73
16.62
16.61
7.0
12.22
5.37
11.63
2.09
6.89
7.59
6.29
9.34
12.19
9.5
8.6
12.26
15.38
8.55
9.04
15.78
1.14
8.01
1.38
7.4
5.41
10.47
8.91
2.74
10.05
12.79
1.95
1.55
16.04
10.64
2.85
13.21
15.56
17.44
15.11
13.75
15.93
9.29
9.27
12.49
15.88
4.55
8.33
13.83
5.81
1.95
8.0
17.53
11.98
14.22
2.72
9.99
15.9
15.96
17.65
15.02
15.86
4.49
1.44
12.14
12.73
16.6
10.47
8.21
16.88
4.38
8.97
1.74
14.51
11.6
5.93
10.17
12.68
14.45
2.75
4.27
9.89
13.07
15.96
10.26
6.18
15.58
17.33
5.23
11.24
6.47
15.61
7.95
16.54
9.07
13.45
6.86
9.96
12.74
4.24
3.96
2.48
6.99
11.02
2.84
3.55
14.38
8.43
2.52
6.42
8.86
5.02
12.52
14.72
14.17
10.65
8.75
16.75
2.95
9.69
6.46
8.57
11.88
10.83
13.13
1.31
9.17
12.76
14.51
2.94
6.39
10.95
7.55
7.63
3.75
4.72
5.78
13.2
8.06
4.58
2.07
10.54
4.49
11.03
10.27
6.72
4.98
8.42
6.71
6.67
17.02
11.04
12.23
4.29
7.8
5.39
16.74
8.8
16.55
9.54
17.57
12.73
10.88
12.05
2.7
11.64
6.14
14.17
7.83
15.83
7.19
5.82
9.59
8.79
1.96
14.06
7.65
8.8
13.08
1.82
5.28
4.75
9.96
15.54
9.11
6.22
2.74
1.05
5.81
8.89
7.06
8.81
8.48
8.65
12.4
7.32
14.94
14.62
4.94
2.92
16.38
3.91
12.02
15.72
1.09
5.53
5.9
12.73
11.97
10.4
16.52
17.78
2.15
15.82
4.63
3.62
14.28
11.76
2.02
4.66
13.1
1.18
5.84
8.67
16.51
15.46
4.69
6.2
9.81
8.42
14.08
17.17
11.57
2.91
8.51
10.3
17.24
6.87
12.38
1.19
8.42
1.69
5.03
8.98
10.88
15.9
4.14
6.25
10.47
4.62
16.43
15.86
16.08
13.24
17.94
15.05
9.43
13.56
2.63
16.61
17.73
15.57
1.61
3.81
2.79
8.24
1.65
17.04
10.95
10.65
8.58
6.74
9.23
9.8
12.83
3.81
10.78
10.85
7.24
17.39
13.67
13.08
15.84
6.76
4.62
8.45
11.16
10.48
4.75
5.57
16.74
2.38
9.57
9.07
7.52
14.32
16.68
17.95
3.09
1.73
5.68
12.6
7.88
8.92
17.99
9.35
16.56
8.0
8.48
14.12
16.32
14.82
9.01
12.87
5.48
2.31
3.69
1.41
8.56
12.15
1.57
1.88
9.85
16.97
3.4
12.53
12.13
6.2
2.29
11.36
8.54
6.3
14.26
7.88
11.49
5.36
2.33
3.64
7.25
13.47
10.96
7.4
9.06
10.89
3.88
5.62
5.7
2.75
4.4
10.51
4.85
10.89
1.41
3.95
11.4
10.94
5.69
11.6
3.82
14.9
5.26
8.94
17.1
10.82
13.79
13.67
7.48
2.7
6.79
1.57
5.49
1.62
8.13
1.15
13.93
17.37
1.54
10.82
5.6
9.9
17.03
14.01
13.69
5.99
14.54
2.74
13.03
7.87
8.43
9.33
14.06
6.3
6.5
9.85
5.55
8.58
12.23
17.83
5.45
5.46
7.7
12.2
16.75
17.13
6.75
8.09
8.42
6.93
6.36
2.21
10.27
12.26
17.86
11.53
11.38
7.3
1.98
11.44
3.13
13.65
13.82
2.79
5.72
14.94
17.36
13.42
7.82
15.06
5.98
15.73
1.73
17.88
2.88
16.56
15.49
5.98
8.86
4.65
9.18
4.07
5.97
1.67
10.38
13.3
4.44
11.41
1.82
2.42
10.26
2.01
8.77
2.09
6.94
15.97
13.69
8.03
6.95
7.2
3.24
7.64
10.99
15.42
12.6
11.85
2.14
3.43
2.61
4.24
14.16
11.55
8.52
1.2
12.36
10.17
2.41
12.91
5.59
9.23
6.42
6.48
2.0
1.81
14.22
1.06
5.89
17.17
14.58
9.81
13.62
17.04
16.98
8.58
6.48
13.72
7.97
3.63
4.29
10.23
9.66
8.88
7.29
6.53
4.2
12.59
9.55
7.28
14.22
11.75
13.85
11.96
11.63
8.0
5.78
4.93
16.28
4.41
12.44
4.22
16.96
4.33
15.53
16.9
4.52
16.08
2.86
12.9
9.62
17.34
9.18
2.16
3.15
6.46
8.97
17.28
9.23
16.81
16.53
3.87
16.63
5.34
15.23
17.58
2.22
12.58
8.25
8.74
10.5
17.07
11.75
17.86
17.41
15.56
12.89
4.94
10.74
4.97
17.22
17.3
6.65
1.82
15.07
6.99
6.43
10.86
1.01
7.37
8.08
17.5
3.69
3.56
11.53
2.33
11.56
7.93
1.04
8.49
13.56
3.25
4.12
4.99
7.63
17.14
2.2
14.97
14.61
8.92
3.31
11.41
13.3
3.64
12.88
16.65
4.22
3.14
12.34
9.18
15.52
9.77
14.96
7.72
4.33
7.38
7.11
6.09
4.98
7.57
17.52
9.36
3.36
5.0
7.0
4.2
13.61
14.44
14.64
16.57
15.6
10.87
9.49
14.61
17.41
1.52
7.13
12.36
7.08
13.97
14.46
12.61
3.69
16.85
6.58
17.62
6.98
3.73
5.9
14.85
6.24
11.17
12.83
6.17
12.28
3.63
11.72
12.13
1.56
6.0
1.1
14.47
8.59
8.26
8.77
7.87
3.8
12.25
16.59
17.77
14.55
7.61
10.57
1.22
7.05
12.41
16.21
2.88
2.56
3.62
3.46
14.34
13.1
16.38
6.0
12.55
7.2
3.34
14.36
11.63
12.95
3.77
11.97
6.26
5.28
12.04
1.41
16.37
3.76
8.13
10.25
15.19
4.79
16.69
6.04
10.14
3.88
11.58
3.66
2.43
9.36
12.86
4.17
1.93
1.72
1.02
4.97
15.73
8.69
16.69
5.24
17.72
15.02
14.33
11.12
4.33
17.18
14.78
15.15
16.06
5.38
15.78
9.34
12.11
17.33
16.28
5.24
13.47
15.1
8.5
2.82
6.34
13.48
10.98
14.12
16.24
6.54
12.7
2.65
12.3
1.61
5.28
8.62
15.37
3.53
14.26
10.6
8.77
11.92
6.86
17.91
2.88
3.36
16.03
4.73
2.04
16.15
2.06
15.62
10.02
10.08
3.22
11.72
7.3
7.16
12.85
15.75
13.43
12.59
16.06
16.3
13.52
14.95
5.1
12.58
9.32
15.43
17.34
5.54
12.41
15.53
12.59
12.7
14.9
12.94
15.06
17.85
10.25
12.32
11.46
5.79
15.16
7.57
17.23
15.06
3.64
2.02
3.38
14.24
13.4
11.24
4.08
8.65
10.1
17.5
4.72
6.98
11.93
4.58
4.04
8.52
9.85
12.7
13.92
15.77
6.76
9.57
15.68
8.88
3.35
8.4
14.09
8.98
5.17
17.0
6.18
9.83
7.0
8.09
11.94
9.18
2.74
9.65
6.07
11.73
4.09
10.89
8.65
14.74
6.76
2.7
2.45
8.66
9.8
7.38
14.39
12.31
10.61
11.39
13.98
11.34
4.79
7.9
3.31
15.81
4.72
11.2
1.91
6.4
16.22
14.5
2.58
10.49
7.53
3.3
14.91
15.79
9.58
4.23
8.13
1.55
12.94
16.36
1.27
12.13
2.51
4.93
10.1
6.44
1.1
17.71
3.91
9.96
9.77
17.14
14.1
10.45
13.52
15.39
6.5
3.06
14.79
4.25
6.8
15.98
12.31
2.48
5.14
3.64
1.54
4.69
12.01
1.24
17.36
4.97
5.96
1.59
2.18
17.98
6.68
12.56
13.77
9.39
8.87
6.71
12.93
9.93
8.26
3.58
12.35
8.43
2.77
6.83
1.78
3.1
17.89
14.45
17.79
16.99
17.28
9.14
12.51
1.21
7.46
12.48
3.62
16.22
2.82
15.24
11.46
15.62
4.81
11.83
4.79
5.44
2.93
15.52
14.64
5.79
4.06
14.57
8.88
6.57
12.58
7.54
13.38
4.56
10.66
15.87
14.79
17.04
1.36
16.78
5.09
17.06
5.34
4.18
11.67
13.35
17.36
6.12
8.68
11.28
15.0
14.29
17.04
10.21
14.97
14.66
4.52
6.85
4.4
1.72
15.45
16.33
8.16
7.2
9.0
11.68
17.78
15.82
3.76
15.91
9.24
14.69
15.37
7.43
1.48
7.2
1.51
9.74
17.14
16.05
7.52
13.86
13.43
10.82
12.98
16.36
5.78
3.99
6.47
11.39
9.2
12.43
8.58
12.07
2.51
8.38
11.98
5.95
6.49
1.34
14.37
9.25
3.83
11.72
3.03
8.9
3.29
12.5
4.22
17.21
11.23
1.38
8.14
3.73
11.29
14.01
6.24
12.48
15.81
16.39
3.09
7.04
5.64
10.7
14.87
11.95
17.71
1.67
4.38
15.47
7.68
14.24
17.52
11.03
12.32
7.54
16.29
12.4
11.27
1.47
9.41
17.92
8.64
17.27
17.68
11.99
6.1
4.32
10.28
2.78
9.6
12.18
8.46
3.56
14.69
10.2
5.6
1.27
10.25
14.04
7.19
12.24
14.53
8.99
5.59
8.03
13.94
4.71
5.34
7.12
11.67
5.09
9.42
11.8
9.87
1.11
9.5
7.05
1.78
16.56
12.04
16.53
6.19
16.71
8.5
6.5
15.31
1.74
13.44
15.7
15.81
1.54
15.99
13.16
15.37
12.35
13.73
11.5
9.0
16.79
2.88
2.08
12.31
12.45
15.31
12.03
2.49
15.95
2.69
8.64
11.7
11.75
8.62
6.62
6.12
17.55
6.78
10.88
10.84
10.7
11.56
5.46
6.76
2.2
10.71
5.06
3.91
15.17
10.89
10.49
3.65
8.56
10.44
8.45
10.08
1.25
4.39
4.69
7.43
16.99
10.2
5.36
13.18
4.72
3.68
6.06
5.98
8.16
13.14
10.84
9.37
17.12
1.55
7.87
12.64
6.45
9.08
1.51
4.46
2.39
17.5
13.65
12.11
1.04
8.93
13.04
11.34
9.75
15.1
6.7
15.26
7.6
10.87
9.84
7.98
5.53
8.62
3.06
6.85
10.86
2.05
13.64
10.65
17.41
2.55
4.85
10.15
9.25
9.47
6.81
15.72
1.87
15.83
14.2
14.4
16.48
10.63
15.72
7.89
12.63
6.18
14.71
1.59
15.37
3.0
3.65
13.86
5.03
9.35
9.48
7.38
16.85
10.59
13.19
16.14
11.45
12.81
8.52
17.92
14.19
17.41
3.16
1.39
9.9
13.44
15.16
15.43
5.88
13.91
3.68
9.83
5.0
4.94
6.09
6.23
6.69
16.53
12.68
1.07
7.82
3.81
13.26
17.7
9.48
17.68
5.69
10.88
10.27
14.53
5.44
5.41
7.03
10.93
3.3
17.23
8.83
9.56
7.98
7.58
8.76
5.12
3.51
8.42
12.5
7.06
2.84
9.91
9.91
3.87
6.83
14.42
1.55
2.62
12.91
10.73
10.84
8.78
2.46
1.9
6.51
1.96
10.61
12.54
11.51
13.4
17.19
17.45
5.85
5.96
13.64
17.83
8.02
4.15
13.39
7.55
2.36
13.73
7.94
11.05
12.76
14.95
11.56
16.91
9.24
10.02
6.17
3.24
11.68
5.97
13.14
11.55
5.78
10.48
17.8
16.0
8.09
12.69
4.12
1.17
15.27
8.04
4.09
6.36
16.68
16.17
12.07
2.56
13.21
16.13
16.62
7.57
3.88
17.34
14.78
8.36
11.75
7.76
8.77
6.57
1.95
17.95
5.07
5.93
6.52
5.15
6.54
10.63
2.35
2.22
8.85
12.84
4.69
9.84
8.49
8.69
12.93
11.15
8.98
5.6
10.95
3.34
8.07
3.29
6.41
11.82
14.38
5.01
11.91
5.65
8.06
16.54
2.72
17.73
11.92
11.35
4.65
4.31
16.69
3.72
3.92
12.91
12.98
7.77
16.43
16.63
15.3
1.27
6.14
5.94
2.12
16.18
17.87
3.44
5.85
1.45
2.96
9.49
7.25
8.2
12.32
2.66
15.41
15.72
3.77
11.79
12.74
3.95
7.37
12.77
12.44
15.26
3.25
6.49
13.8
5.23
10.13
3.33
3.67
5.35
6.0
1.71
15.55
1.75
13.97
5.88
7.77
10.83
4.82
2.3
17.27
15.08
13.91
10.09
11.84
15.69
7.61
2.78
15.3
2.07
16.62
13.27
8.57
11.46
10.1
7.83
3.19
14.74
10.99
12.94
4.54
4.42
15.26
10.3
8.7
2.59
8.25
12.96
2.76
1.5
10.4
6.37
16.4
11.07
6.11
6.34
3.19
8.44
2.16
8.49
3.05
12.51
12.07
15.25
16.68
12.12
3.62
9.64
17.0
4.39
7.62
13.72
13.98
17.14
5.2
15.59
1.89
3.48
17.03
15.97
2.04
2.15
6.98
7.8
8.95
10.32
3.22
17.77
17.28
7.95
9.29
7.17
12.06
12.89
10.1
16.71
6.89
5.42
12.15
3.76
10.81
6.5
3.33
6.38
4.44
11.7
1.88
14.91
10.93
15.57
3.72
9.03
12.36
3.48
1.24
17.03
14.27
14.3
16.65
10.83
11.91
4.55
9.0
3.68
2.68
5.34
8.81
11.85
9.57
16.21
6.56
15.4
8.41
3.35
15.72
9.32
3.38
4.2
2.23
11.95
7.17
17.43
10.15
5.17
11.01
17.6
1.39
3.89
16.78
1.42
17.38
11.67
4.94
2.52
2.77
15.24
14.96
15.18
17.33
7.64
16.57
3.75
16.97
5.14
7.94
9.76
14.65
7.62
6.81
17.71
2.27
1.44
1.96
16.54
4.96
1.74
13.39
11.89
14.46
9.9
4.01
5.94
2.04
12.97
12.01
12.57
17.62
2.02
2.11
13.55
17.54
10.23
14.82
11.36
16.85
4.39
7.16
11.42
4.38
15.18
14.56
13.22
11.54
4.73
15.79
10.82
4.6
13.53
1.54
4.71
4.86
5.96
1.58
15.32
2.65
15.1
4.06
15.3
1.49
14.34
10.06
4.68
7.91
2.65
3.33
7.24
8.01
14.19
13.86
5.08
4.13
3.86
11.04
10.87
2.78
6.79
15.86
17.02
17.52
12.79
1.64
9.25
5.13
16.1
1.72
2.92
5.87
12.91
16.92
7.6
6.81
14.31
16.27
2.49
17.76
9.67
17.9
1.22
16.15
2.68
14.22
1.0
3.32
3.74
11.32
12.8
2.53
7.9
12.93
16.46
4.22
8.22
4.88
1.63
8.75
8.14
14.97
16.14
7.01
13.04
10.82
14.09
3.49
14.82
11.25
14.05
8.14
1.14
16.61
13.38
12.74
9.05
1.75
3.34
8.46
14.49
16.13
8.78
17.91
17.66
7.18
2.1
9.38
17.65
7.22
6.97
6.17
17.15
4.2
8.4
4.48
2.9
8.42
14.7
1.13
9.25
9.6
2.29
17.63
4.36
16.41
4.9
9.92
14.6
17.15
7.83
2.19
1.39
15.85
9.14
3.55
8.89
4.78
12.89
7.93
13.38
14.01
7.36
12.27
14.15
1.87
4.28
17.7
1.12
6.32
14.3
6.38
14.93
3.25
15.91
9.04
1.63
11.6
5.71
12.91
16.35
2.42
5.15
7.65
17.32
7.89
2.93
6.06
1.33
4.25
11.37
3.87
16.59
13.13
12.7
8.6
14.27
4.19
8.54
17.89
5.87
7.89
4.75
2.29
7.86
3.47
9.7
13.8
15.42
3.86
16.33
7.11
8.61
10.9
3.53
15.31
14.42
9.04
6.4
9.45
12.12
12.91
8.44
1.45
13.12
6.44
15.94
8.17
14.53
7.24
7.3
13.96
10.17
5.36
15.27
11.71
11.79
14.32
11.72
5.39
1.18
14.41
17.28
13.23
15.04
15.68
5.3
7.07
13.48
8.47
11.83
5.58
13.15
11.1
17.28
16.7
10.54
5.28
7.61
13.55
8.17
14.98
5.06
14.11
14.34
4.13
2.5
11.22
14.17
16.94
12.6
12.61
8.37
6.39
8.18
12.84
17.72
12.65
10.85
8.0
7.59
8.35
9.39
8.36
15.87
1.3
10.57
15.35
8.41
15.8
11.17
5.71
4.68
1.75
12.96
12.06
14.31
17.25
6.59
5.12
5.72
10.44
8.91
2.52
4.73
10.44
17.57
13.99
17.71
13.26
17.78
5.24
16.56
12.37
11.17
12.93
10.68
7.13
14.83
7.32
8.32
14.41
17.56
6.34
17.66
16.1
4.37
3.73
14.92
2.13
17.74
4.49
1.4
12.3
10.68
16.49
3.34
4.16
13.42
7.65
11.68
1.59
14.73
5.48
10.06
12.8
3.82
2.34
1.01
1.98
16.49
9.83
2.1
17.94
2.54
16.61
4.73
12.95
4.97
17.87
4.05
6.96
3.32
9.41
8.31
14.83
15.52
15.59
1.62
4.06
11.86
11.23
14.71
14.17
4.67
6.85
10.62
15.67
9.93
12.74
7.56
2.65
8.52
3.71
7.09
6.15
5.17
12.65
4.41
12.51
1.66
12.46
1.72
4.03
9.55
17.79
11.84
1.06
14.19
6.79
17.87
11.31
16.73
1.83
7.27
5.89
7.37
6.18
5.73
9.18
14.27
11.99
7.28
11.02
16.42
5.57
9.51
16.5
13.43
3.97
14.49
14.64
13.68
11.13
3.01
8.98
2.47
9.82
7.89
1.1
14.22
12.06
5.09
11.91
10.25
9.64
7.4
1.74
17.76
9.67
1.93
1.86
14.08
6.86
8.29
11.46
1.04
9.77
12.78
7.68
3.76
15.48
7.75
17.94
10.1
3.15
2.35
4.54
16.21
9.37
15.07
12.4
15.59
9.8
14.92
17.03
3.46
17.95
13.57
10.77
17.87
3.83
12.01
4.2
9.65
1.67
6.84
15.85
13.9
7.75
3.91
2.05
17.2
8.35
13.25
16.44
13.52
8.96
7.28
15.84
6.42
6.56
13.87
10.96
8.28
8.66
10.92
8.44
6.38
16.4
9.61
4.38
3.8
5.89
17.77
16.72
2.57
2.43
7.49
9.72
6.16
12.15
8.29
10.13
5.77
2.18
12.77
13.34
9.06
15.66
6.21
13.31
10.86
8.3
4.6
12.23
3.72
13.33
4.65
1.29
6.15
15.69
1.49
2.06
10.07
1.07
11.86
11.61
4.76
8.4
14.03
4.43
11.25
8.46
7.7
6.6
10.26
5.27
11.82
2.94
15.59
14.0
8.07
4.03
7.72
12.46
7.22
2.4
2.85
12.84
15.57
15.1
13.65
13.92
17.67
3.65
10.27
5.47
4.91
7.96
6.72
12.12
8.05
5.85
2.42
5.94
9.23
11.32
11.87
4.56
7.95
7.85
1.25
16.03
12.46
12.26
10.83
8.83
4.82
7.67
4.0
14.86
4.59
5.71
1.22
7.37
13.07
4.03
9.69
16.96
8.45
14.51
14.57
12.09
7.22
13.91
16.98
5.63
9.53
11.21
11.1
8.08
10.24
1.95
2.1
16.84
10.37
4.32
5.5
12.97
12.76
12.19
5.25
15.17
2.1
8.17
13.98
5.05
5.09
1.02
9.4
16.62
9.72
16.87
4.66
7.71
17.86
14.59
10.79
2.48
3.22
8.48
14.85
13.6
15.53
7.89
10.82
6.24
10.15
11.48
9.77
4.37
6.77
11.7
10.76
8.62
2.06
8.71
10.63
4.72
1.24
9.71
7.45
12.73
3.14
10.21
16.29
16.73
15.95
14.63
16.95
17.47
5.84
9.29
13.06
9.64
16.43
17.57
9.43
6.62
7.92
12.54
13.35
7.43
15.39
3.14
1.4
17.66
16.65
6.2
17.25
6.32
9.02
9.98
11.86
9.94
16.49
10.52
1.51
4.0
17.29
1.76
13.85
17.6
1.51
15.62
12.97
1.56
11.18
16.57
8.57
13.64
6.54
7.69
12.71
1.52
13.46
5.47
15.42
10.51
5.9
12.6
16.55
9.8
15.66
16.91
7.38
15.1
14.22
10.46
1.94
14.66
1.9
17.44
8.76
1.46
4.92
4.9
15.68
2.26
3.93
7.24
4.01
4.26
4.62
3.42
11.52
2.2
7.06
12.42
6.28
6.84
